"true_ci","val_prop","gs_lambda","gs_ci","se_gs_ci","cc_ci","se_cc_ci","mb_ci","se_mb_ci","nv_ci","se_nv_ci"
0.5,0.25,0.599894387894388,0.513393769504073,0.0224349579029876,0.461510817680857,0.046217709530516,0.543690529437586,0.0510773077782962,0.307842187887375,0.0239974740720842
0.5,0.25,0.588907800907801,0.487951609172337,0.0258488833600707,0.532213660020305,0.0539393723963482,0.44126951899861,0.0406890154404252,0.29230294726602,0.0253920236197166
0.5,0.25,0.556738972738973,0.46404424670552,0.0237441314211336,0.553077876089079,0.0431425720680864,0.446683907811293,0.0408425199511448,0.272636819913803,0.0232827552313667
0.5,0.25,0.600108636108636,0.539819276048093,0.026517478617156,0.579969549377477,0.0654724431344428,0.499079912882314,0.0456438325451297,0.310900471446689,0.0275750059481005
0.5,0.25,0.590928794928795,0.501734796646723,0.0220259673217712,0.502040557204908,0.0447553896971281,0.523745617900758,0.0501606212735359,0.30090637829407,0.0241799833244359
0.5,0.25,0.605584085584085,0.458020811692465,0.0215138369310241,0.48668134622746,0.0460153603260417,0.472390569946386,0.0445461613065336,0.290531661410414,0.0217473784558647
0.5,0.25,0.58189934989935,0.485242964993309,0.0215856665543705,0.504406380089543,0.0491188721985056,0.494650100175071,0.0481178687179767,0.28195356046031,0.0223485381941778
0.5,0.25,0.577342561342561,0.430965611805708,0.0227960023453063,0.382892342147289,0.0370948046397785,0.514542881879326,0.0571120961604824,0.267080162933289,0.0233543928037649
0.5,0.25,0.593940977940978,0.463992151713335,0.019837481774538,0.465887804046602,0.0391919241595039,0.429044300842511,0.0423399745118692,0.268701962861488,0.0236607851566063
0.5,0.25,0.595303459303459,0.477665263657604,0.0227430933632944,0.533549836847609,0.0507164635329693,0.528194977613215,0.0514838079464359,0.300991317127301,0.02405869287349
0.5,0.25,0.613036297036297,0.509807582687147,0.0250279033661066,0.48195531151024,0.0443991997728504,0.6209133348904,0.0620974009670881,0.335219740094976,0.0257945403950823
0.5,0.25,0.596920640920641,0.515440591401754,0.0219285456523061,0.44366280228588,0.0414826386004164,0.536953887077932,0.0512621583233468,0.317101536990187,0.0244410218402501
0.5,0.25,0.580974616974617,0.520022141472026,0.0264404028653721,0.406343899956667,0.0420470833028433,0.500180107302987,0.0482097787377188,0.309076512469213,0.0259987873589164
0.5,0.25,0.607247563247563,0.483054041553336,0.0218110660960184,0.542034443429037,0.0561284425712887,0.458141069121906,0.0403283064735744,0.301009160733767,0.0243142147954269
0.5,0.25,0.603611655611656,0.450030139250213,0.0223033999051114,0.431349318002704,0.0485697819371143,0.488012106538956,0.0492605354393517,0.274249481986085,0.0228729310755471
0.5,0.25,0.600849888849889,0.474193609432121,0.0195466450173968,0.57148603494993,0.0491748089131492,0.532398252157044,0.0475411176540075,0.305178189374937,0.0208445357818768
0.5,0.25,0.609125997125997,0.467509688064696,0.020993160921634,0.567460927731815,0.0630415796476696,0.463923340093867,0.0435630474898316,0.279285928544309,0.02096163829404
0.5,0.25,0.60157018957019,0.510193257028645,0.0218559974956213,0.613745012836402,0.0665100060171853,0.503252911005805,0.0465440664273165,0.304627733484728,0.0227525982458325
0.5,0.25,0.596563136563137,0.497242976475326,0.0242495302865346,0.549926209342219,0.059222307019418,0.45097085093723,0.0425589208004878,0.281175316551231,0.0242342401013529
0.5,0.25,0.558068694068694,0.485484541126942,0.0226151460816842,0.486544949565273,0.0461702586180121,0.448990225821763,0.043968542065311,0.253282873109159,0.0238656308084194
0.5,0.25,0.634992382992383,0.568696562980759,0.0258507276687271,0.578954212483344,0.0532407224018814,0.55313822009003,0.0466073268530144,0.348062680921181,0.0255238271690384
0.5,0.25,0.626639882639883,0.548361323653893,0.0247881225785611,0.571678845414036,0.0533989578908094,0.56198979954083,0.0484717647199733,0.338431147708196,0.0258985969257004
0.5,0.25,0.60240575040575,0.488129842351597,0.0217350902823902,0.458334905897156,0.0396275085950369,0.422022444595091,0.0379801921353891,0.280775975072764,0.023278124310223
0.5,0.25,0.625692637692638,0.493929547195964,0.0230817686056654,0.469484623749104,0.0459400621689678,0.465772107335306,0.0410223510846508,0.302335161894742,0.0243532588825333
0.5,0.25,0.567411927411927,0.512422707853533,0.0232555758048412,0.457669756727146,0.0389407329869536,0.499018501259625,0.0515042712195284,0.283172649462766,0.0270729646819272
0.5,0.25,0.598272586272586,0.471203355241081,0.0212102798729346,0.45424990260189,0.0381902886593775,0.492853713633821,0.0442650167566863,0.307058985885305,0.0221477692098149
0.5,0.25,0.576575496575497,0.510228847336699,0.0239285242622663,0.560710109223353,0.0614880291131687,0.539100413777765,0.0533813123355506,0.296607912312918,0.0254990509046435
0.5,0.25,0.589636921636922,0.493927034743021,0.0247446832273782,0.54227502279238,0.051517126772166,0.469583441011778,0.049769010377066,0.271975036737068,0.0251065042908419
0.5,0.25,0.576428832428832,0.511314776088921,0.022891717194329,0.492069503292207,0.045259414985946,0.492613069956419,0.0488396111288657,0.29034821365827,0.0236927320785917
0.5,0.25,0.580938340938341,0.473426621967475,0.0216080329808582,0.425885034076342,0.0430321549887515,0.464726577855271,0.0463902741829696,0.275662121145845,0.0235584932993945
0.5,0.25,0.574792066792067,0.519793720614936,0.0254989902736047,0.456529898083687,0.047699681651712,0.566155520022796,0.0627241686163387,0.302457589320199,0.0259547506088576
0.5,0.25,0.604261312261312,0.527652392313462,0.0265924779265031,0.580059002523347,0.0494008483833917,0.506612444542279,0.0457851869041672,0.317077810941702,0.0269301044010795
0.5,0.25,0.629810933810934,0.502687515571181,0.0248970828522866,0.463809994927112,0.0542852063890563,0.526668567033484,0.0489910074927019,0.323848056714597,0.0259982833560772
0.5,0.25,0.623116775116775,0.510984312226679,0.0228049031472784,0.693887016836511,0.0627151067931913,0.516819096260516,0.0439709824658751,0.320373142117691,0.0233589825727058
0.5,0.25,0.59443461043461,0.517918077546239,0.0241705525286304,0.443098780276317,0.044220062951221,0.465846467248946,0.0458231873040792,0.300187555193238,0.0238349709042203
0.5,0.25,0.572426228426228,0.565460728275605,0.0289359104696546,0.507214867556336,0.0532458950768549,0.57062342712391,0.0582097386325658,0.327899998805875,0.0282015662028067
0.5,0.25,0.616655104655105,0.503587693405081,0.0249530342965925,0.525682535398804,0.0545383010795394,0.549213443147445,0.0542371196104713,0.317041220058183,0.028202142959692
0.5,0.25,0.587291723291723,0.513198350238805,0.026703454566241,0.492291397029677,0.0551865581999637,0.538187833408176,0.0553839880317954,0.309995608785196,0.0241390351082322
0.5,0.25,0.626669018669019,0.526071105048097,0.0265995593135356,0.563794607293973,0.0534880818142871,0.518562514057114,0.0483853756614338,0.341155438110582,0.0248976012854494
0.5,0.25,0.551486963486963,0.482312460377583,0.0235961705814584,0.415921675514209,0.0403791265678137,0.484321631034612,0.0531890422102002,0.257249409765482,0.0236986525939765
0.5,0.25,0.635093279093279,0.519484464601171,0.0239140942509083,0.497397038212833,0.0449492569355184,0.576063528747391,0.049849713981521,0.350813307062075,0.0256553577907294
0.5,0.25,0.579772503772504,0.552560666010104,0.028840608222639,0.54050843207549,0.0505418785588478,0.548377878106123,0.0511437424441404,0.333054801053024,0.0295635232938063
0.5,0.25,0.566116898116898,0.517309347679006,0.0242681036588262,0.514827134944093,0.0479969560485061,0.544275126677691,0.0530908778810184,0.299042819683309,0.0252598788499855
0.5,0.25,0.569234453234453,0.476684570557236,0.024410702472669,0.446510722239638,0.039989135042651,0.457302358501263,0.0471054199662243,0.260302585362775,0.0249116342464473
0.5,0.25,0.584546084546084,0.472135005991899,0.0220736789177483,0.417500362365022,0.0421817678164074,0.488144087616897,0.0472389196485687,0.28633951138014,0.0212934109943623
0.5,0.25,0.579688191688192,0.50996839891091,0.0234565936532208,0.475740238143334,0.0428416843748116,0.486348356575163,0.0490054745380686,0.28583429349744,0.0248037258216745
0.5,0.25,0.631539295539296,0.484179703994593,0.0250908447723786,0.529155287627101,0.0585491580684882,0.476436551073616,0.0419892126248882,0.297815107544024,0.0232689498403723
0.5,0.25,0.589164229164229,0.509270351531107,0.022360505608142,0.431015320350806,0.0377042891173746,0.571337647496547,0.0599262556231251,0.300829122449453,0.0251181907013497
0.5,0.25,0.579616731616732,0.490523496538008,0.0232098626658329,0.4784928340764,0.0469694226933079,0.486527042062113,0.0482068165515637,0.292978246817879,0.024573536495115
0.5,0.25,0.536082392082392,0.509051438324395,0.0251724922621411,0.497446161362098,0.0491775256996306,0.470050297128171,0.0513423400464037,0.258681726870857,0.0232650580077665
0.5,0.25,0.582394182394182,0.513116267499746,0.0237839120674104,0.531064121826421,0.0543067643860133,0.530563617681791,0.0451751495528806,0.324508887517912,0.0220596109920987
0.5,0.25,0.629337293337293,0.470088171612078,0.0225074825156245,0.520988583465322,0.0485040464682308,0.462006935105167,0.0384501177004364,0.297766276592315,0.0226137150695685
0.5,0.25,0.583153231153231,0.536044953632282,0.0266224891341886,0.447928694991018,0.0481553930672025,0.540583333545539,0.0500012457492478,0.324514071860026,0.0233651125424267
0.5,0.25,0.599675123675124,0.496630523706476,0.0254134125679953,0.553693339797556,0.0641019883880593,0.492614855880746,0.045214016679758,0.314836793103727,0.0257777074075509
0.5,0.25,0.569293613293613,0.502084691426157,0.0230028321538384,0.612403596855117,0.0525397971687979,0.557973362829063,0.059608089825144,0.288882558090168,0.0239573948051706
0.5,0.25,0.585090573090573,0.523704954524225,0.0233432384343561,0.528782452161023,0.0617271216130619,0.508130387455343,0.0469165070709303,0.312848391319735,0.0265549666659613
0.5,0.25,0.582366966366966,0.478993315676422,0.0237758136964728,0.47789938025639,0.0512260299776383,0.462127902691779,0.0436108630120268,0.281137161811295,0.0248579003546337
0.5,0.25,0.607424419424419,0.503113708464366,0.0232716369010235,0.481035479595242,0.037749764383306,0.564738628011768,0.0443266022734602,0.349574171673941,0.0227446815963775
0.5,0.25,0.586348954348954,0.49919455392291,0.0245774397374714,0.574125951793222,0.0596391156536701,0.542168026602938,0.051007051783514,0.308415346135872,0.0248011770634477
0.5,0.25,0.600720804720805,0.464964976258761,0.0233944057947499,0.497937659608836,0.0433184128355604,0.447369681575027,0.0410238352133562,0.284075941048294,0.0226286324869284
0.5,0.25,0.636567972567972,0.517281340265523,0.0228148937249937,0.578018061730205,0.06653737495461,0.518845716814709,0.0428325353999096,0.322779166569763,0.0238642610096289
0.5,0.25,0.589959913959914,0.501466331869534,0.0231813564770083,0.579412455724198,0.0512976638031418,0.485794921911874,0.0468454855805776,0.294152813587069,0.0251956528217841
0.5,0.25,0.601012297012297,0.490043598291641,0.0272748207895187,0.484122252509992,0.0510932947828678,0.480388356565296,0.0471363658216669,0.290630550462779,0.0244014425262356
0.5,0.25,0.58427354027354,0.501054031315188,0.0233074453996913,0.345839322591589,0.040250191158215,0.583992688865421,0.0662890862712286,0.294344568840906,0.0241173641942611
0.5,0.25,0.602111186111186,0.520240234187191,0.0238297973452905,0.509217262250037,0.0442028343029874,0.561657471310201,0.0523643044925726,0.323773024261451,0.0233130798592756
0.5,0.25,0.570503478503478,0.500171239603031,0.0229033225530585,0.46945145914723,0.0498400790826462,0.515259416391243,0.0535975674820543,0.277089495128619,0.0228621936103971
0.5,0.25,0.60399987999988,0.54120260397848,0.0251002799488246,0.631907935565467,0.0664800103682939,0.488244742897146,0.044136713423223,0.309413925673002,0.0284092588939273
0.5,0.25,0.561722553722554,0.474908476999007,0.0226753994645289,0.531353551850489,0.0484221129096269,0.503127081827076,0.052507239902081,0.258136097102521,0.0237103550062423
0.5,0.25,0.601949593949594,0.512743148243031,0.0237720336015362,0.55829892740472,0.0593069122160513,0.527587168995291,0.0521478670481465,0.292561666309785,0.0226768175950323
0.5,0.25,0.57252086052086,0.495773928210939,0.0239816584750374,0.504572563036211,0.0572605525111809,0.519817629324663,0.0548728424480719,0.287749262155744,0.022344552983772
0.5,0.25,0.619221775221775,0.528641883834372,0.0272340438530208,0.488050261073274,0.0467537052304946,0.517738248027747,0.0530413275482165,0.306470046249108,0.0288370631270488
0.5,0.25,0.585351621351621,0.54466895883543,0.0247198617306243,0.578260297696919,0.0580974588655607,0.49735869773088,0.049595127548361,0.30363826668235,0.0250601311175612
0.5,0.25,0.603612951612952,0.543130530852179,0.0244880471014081,0.560851157574297,0.0498538117420096,0.618119084441731,0.0552482642559675,0.351693500571357,0.0275340194270968
0.5,0.25,0.603187431187431,0.546391256897898,0.024626990367577,0.473102223929332,0.0452516612844352,0.537730006475261,0.0561929737354545,0.306007163928689,0.0262725323009092
0.5,0.25,0.568315984315984,0.495268533621318,0.0224155282577813,0.478916429667298,0.0438934467672559,0.442046051567351,0.0473394408120606,0.254424717656269,0.0237368920228649
0.5,0.25,0.623949623949624,0.497250197230016,0.0232150551147375,0.467566333898551,0.0390866569474013,0.453333026898731,0.0410229424190482,0.289913215061973,0.0255364188944347
0.5,0.25,0.591984615984616,0.501427299037529,0.0230529702781733,0.421624399624441,0.0414115272126642,0.516305452649139,0.0569014704722204,0.278891666026491,0.0235474170505736
0.5,0.25,0.530725634725635,0.493527993649009,0.0215366616067054,0.50611875360415,0.041526895117559,0.51588445037178,0.052812284627249,0.274787491374966,0.0220364575416674
0.5,0.25,0.566201522201522,0.543044209508207,0.0272952617207212,0.533440788942067,0.0534129859009628,0.584140912389805,0.0564688915888949,0.333831816478637,0.0281048132286365
0.5,0.25,0.549446001446001,0.508291298406908,0.0247764838606266,0.485651272574951,0.0459665158509498,0.542352070350553,0.0557972197623616,0.290114866601593,0.0253453329596706
0.5,0.25,0.592733236733237,0.497234916578525,0.0254769618864313,0.416629959680037,0.0381103523079588,0.446783262771379,0.0475412208381958,0.263262329554435,0.0233120857415073
0.5,0.25,0.575863403863404,0.545464626548748,0.0277486211792043,0.570667871497889,0.0541513013165652,0.580883792731269,0.0586889767148918,0.324265619927451,0.0271751590399044
0.5,0.25,0.610273054273054,0.525541305461186,0.0250211010335236,0.547195751660799,0.0519375598401812,0.520430868441863,0.0446191395697297,0.321244512535957,0.0247509410726184
0.5,0.25,0.606347286347286,0.48517107475151,0.0241090380566903,0.532715182327499,0.0567098732915579,0.503256827440806,0.0445678267793815,0.304926149664326,0.0233707796957226
0.5,0.25,0.578792450792451,0.520966154331479,0.0264575956375943,0.569471747234511,0.0540616560640566,0.542425231947205,0.0532776401099854,0.311618831596902,0.0273242666395007
0.5,0.25,0.622101634101634,0.505171443919635,0.0258242740068149,0.538344454715711,0.0542039943229543,0.500941974261487,0.0482018615451038,0.310077543543892,0.0259584356413984
0.5,0.25,0.547044163044163,0.498682817339896,0.0230170965043864,0.56633270341425,0.0537440384799207,0.566268820746098,0.0649800587806634,0.26993780124405,0.0242105082844853
0.5,0.25,0.581537057537058,0.509113527625967,0.0228429812166349,0.463829064378117,0.0371327865371484,0.534029019368759,0.0514363844466642,0.302101657003779,0.0253701208903838
0.5,0.25,0.587282579282579,0.522976487285989,0.0227599874698941,0.535913444894649,0.052277153470348,0.530172183786874,0.0526424625760891,0.306230104777984,0.0244823261815774
0.5,0.25,0.600942780942781,0.514448799738112,0.0270042933102242,0.521785467119554,0.0657896579979667,0.435397110612564,0.0429456318951175,0.2811555451817,0.0260416938194403
0.5,0.25,0.597074097074097,0.507310855348583,0.0255521954190959,0.492268675536801,0.0531001632744951,0.505824772969074,0.0492496049908889,0.301913205733885,0.0261775727594823
0.5,0.25,0.647396639396639,0.458074550661982,0.0216496320525504,0.518575272457497,0.0505120059677839,0.459147617394663,0.0390195139786833,0.301122603936658,0.0219100054634852
0.5,0.25,0.611755043755044,0.473987007741393,0.0216357634753722,0.455047218942152,0.0401870937514661,0.441936589962539,0.0379858575694856,0.297390351846834,0.0214779255457652
0.5,0.25,0.570478122478122,0.526982647293025,0.0241294031417277,0.57798539216678,0.0444210278932589,0.480345658995174,0.049529769054925,0.259639102479931,0.0230836681688748
0.5,0.25,0.588558504558505,0.499344860891528,0.0221187014724589,0.501126464556264,0.0500105645176227,0.491142161333374,0.0482667260836334,0.29071977442657,0.0229406656290575
0.5,0.25,0.60448714048714,0.496566765155482,0.0246417181138083,0.443383343376521,0.0489025699626827,0.462097249605174,0.0497902972150369,0.265408586626194,0.0228502116647814
0.5,0.25,0.578959058959059,0.463685611092096,0.0198747539652958,0.433270994400432,0.0387442243177982,0.459031338469081,0.0476208254943073,0.253770796604713,0.0234840149221848
0.5,0.25,0.619413583413583,0.50373695529292,0.0245276932881612,0.432222011126161,0.0376895439403055,0.463133674420993,0.0442417325720561,0.29610449298221,0.0260379868215179
0.5,0.25,0.58786853986854,0.550710072802943,0.0243445182483943,0.535707887011134,0.0561560898534098,0.546436479082939,0.0492015208259264,0.342241763125677,0.0259231253426528
0.5,0.25,0.622943686943687,0.495148995188341,0.0255898426128193,0.470547511561863,0.0418478621761729,0.483996215834487,0.0474733551991771,0.307876538062987,0.0246441758502964
0.5,0.25,0.616950400950401,0.479233140017754,0.0240492806622141,0.58306908224247,0.0503191226389563,0.481986054596758,0.0465486543843369,0.29092371585943,0.0232340860041622
0.5,0.25,0.583230487230487,0.489265998790236,0.0242040086650575,0.402543495280658,0.0347162502926804,0.573101319039484,0.060469159411331,0.301993538385324,0.0255643640375989
0.5,0.25,0.595558447558448,0.524328958793603,0.0252385144068901,0.514321136916334,0.05180027223351,0.516695440773899,0.0490768465905227,0.303446672240932,0.0249711178662681
0.5,0.25,0.565068637068637,0.503601618061144,0.022940600196449,0.487614116815587,0.0418405242306081,0.520859411967508,0.0507119095565671,0.288901286097331,0.0233351883030309
0.5,0.25,0.605645093645094,0.50910519404743,0.022234782033394,0.471481306477936,0.0404895106003777,0.524248799720575,0.0547169181802744,0.304249131881869,0.0241885296994117
0.5,0.25,0.604449244449244,0.515797833159959,0.0245188203296695,0.450136389612169,0.0417223866006882,0.518065624756579,0.0503024431112245,0.301937647334732,0.0228067733024745
0.5,0.25,0.624711312711313,0.527843724686651,0.0248511036584595,0.55575409180626,0.0616859186051868,0.499104129293169,0.0446963652338931,0.314410911772596,0.0260680882394599
0.5,0.25,0.595236775236775,0.502152266717766,0.0247773220203784,0.616880864582422,0.0618193307102938,0.497549538195106,0.0477234669787394,0.284041000162108,0.0231470941875819
0.5,0.25,0.611280311280311,0.500509461652563,0.0233393382693613,0.502754100342901,0.0382162087290192,0.475088684822764,0.0406344902213024,0.301177739464387,0.0222457555718259
0.5,0.25,0.595777927777928,0.520148636743146,0.0263190479353623,0.441319910665485,0.0508175769610352,0.597982304343727,0.066327780204699,0.312858424060051,0.0240407916840892
0.5,0.25,0.600497232497233,0.518414366448104,0.0255680008518657,0.502496574894557,0.0487598372713714,0.520159621606578,0.047708968190961,0.305762809847011,0.0240600436646768
0.5,0.25,0.589900273900274,0.515212323370581,0.0282545502697492,0.503270321023391,0.0469586208070245,0.528969694218812,0.0571179154316174,0.285695827451904,0.0259250307239711
0.5,0.25,0.598027246027246,0.511070407189924,0.0232841865485081,0.595001125152618,0.0555783031642727,0.575718329157827,0.0506097482959607,0.322275896259956,0.0249140946790408
0.5,0.25,0.597058953058953,0.465279920558673,0.0241682084808942,0.481713763426474,0.0455711445223656,0.454824153854861,0.0424388744517698,0.284521326840029,0.0233452629586998
0.5,0.25,0.61623124023124,0.498719400594806,0.0229078689053682,0.46682227331933,0.040216795778681,0.525886862864243,0.0545695433016257,0.294782300105409,0.0234592371105244
0.5,0.25,0.601068781068781,0.490673560951517,0.0256781078679258,0.470776669880656,0.0449899968257074,0.512276724128448,0.0512262303060402,0.295678430374848,0.0263439212926078
0.5,0.25,0.589236397236397,0.515062434039153,0.0290254688031671,0.587314454156197,0.061096633116404,0.506044163535874,0.045006851490309,0.313782452998924,0.0274513316449577
0.5,0.25,0.574484722484722,0.466628033097532,0.0220141643922973,0.521295964259867,0.0489094707329598,0.457642380617811,0.0485897534705369,0.255567168499979,0.0238481165206785
0.5,0.25,0.57826595026595,0.541178158518725,0.0276306898029637,0.405372139363581,0.0456963590455354,0.525331425982285,0.0545195647788478,0.311944753290074,0.0287074189657225
0.5,0.25,0.637588717588718,0.50234294711301,0.0222740121859398,0.518730742246922,0.0412593040456797,0.484486859086356,0.0440050210063488,0.30682922527583,0.0227967641481352
0.5,0.25,0.618326454326454,0.47204209014922,0.0212626816372496,0.362728158203718,0.0386578587441826,0.43122029131258,0.0409244948133164,0.285834523260744,0.0214363139161781
0.5,0.25,0.572627864627865,0.447687757660819,0.0225892878470052,0.421005707117496,0.0364440495392213,0.444055787844629,0.0466757646188394,0.257574323089126,0.0240275543787653
0.5,0.25,0.591735471735472,0.487200153506609,0.0240541900411085,0.529404186151505,0.0488064668631914,0.475804344673293,0.0452992308643786,0.291882443718101,0.024436519360301
0.5,0.25,0.64760975960976,0.517342203806591,0.0287909393558038,0.510675499354807,0.053648874125969,0.541797706498599,0.0481501759471677,0.331811756987997,0.0254450494215732
0.5,0.25,0.570805818805819,0.482072086354884,0.0225610294786074,0.539969798842178,0.0545868146234343,0.522806413836951,0.0509700984253584,0.295583007619647,0.0238261088301221
0.5,0.25,0.577441825441825,0.526752517402735,0.0278827934704782,0.431408674433739,0.0393483606291986,0.546623092987803,0.0554497225797536,0.309069447547824,0.0279934878754583
0.5,0.25,0.578412698412698,0.508542163811766,0.0263642767480922,0.519692574969227,0.0461478999300605,0.518199778347597,0.0528302831108693,0.294147375823932,0.0258544974372143
0.5,0.25,0.607531303531303,0.440815101403417,0.022099078974536,0.418201389587208,0.0440174226894459,0.422576137913633,0.0422433739480646,0.258978583855395,0.0226580425197686
0.5,0.25,0.619004479004479,0.520008171557803,0.0246631864275118,0.505517433488597,0.0455441324636853,0.498055468699504,0.0440789921912459,0.309792967058716,0.0261962522800128
0.5,0.25,0.574659814659815,0.51501362352042,0.0281472831637668,0.507211355064245,0.0480157724364651,0.526224904214958,0.060056604081444,0.290828509082983,0.0279752643729547
0.5,0.25,0.587967323967324,0.487810913762722,0.0236807019964174,0.56376892205674,0.0609606116212319,0.405247472630643,0.0384885770608563,0.263494539005363,0.0211581854224105
0.5,0.25,0.566656730656731,0.513537529870312,0.0264328797329493,0.591696648192882,0.0690302160782505,0.559726153944701,0.0649809705991479,0.276120125196375,0.0246930115804324
0.5,0.25,0.619714375714376,0.490509898676324,0.0227301783109514,0.447746816024166,0.0408348505681247,0.56789706764494,0.0556623983022585,0.316721366620953,0.0268732776110641
0.5,0.25,0.618385902385902,0.525574346149025,0.0227032000710897,0.536746158053712,0.0531866302080689,0.463370158777946,0.0411984123579817,0.311652133957277,0.0259556200391016
0.5,0.25,0.579684855684856,0.477332447600871,0.0220966046144456,0.409897025179026,0.0353896000268553,0.47221059681185,0.0456724877424969,0.286640492987868,0.0234691195524981
0.5,0.25,0.556315528315528,0.535321738841864,0.0246619186741474,0.504366258954318,0.0422596602336282,0.501346254431087,0.0454549870202339,0.300442560125566,0.0262227155341604
0.5,0.25,0.536065712065712,0.475159815358747,0.0228077478636594,0.512700785319668,0.0530789831653797,0.591594415890251,0.0720782372730427,0.270083151249293,0.023901059816185
0.5,0.25,0.562639642639643,0.489339465149249,0.0256181104146951,0.506406822529021,0.0517625083586542,0.471598228747475,0.0505387869159656,0.261941246001489,0.0256899462726358
0.5,0.25,0.584908328908329,0.539782620362438,0.0284569883747514,0.581253473268721,0.0616900678747101,0.469400676947336,0.0431404576929521,0.305264353357186,0.0249328653619521
0.5,0.25,0.633965973965974,0.521992234203591,0.0240465888138537,0.566623240102545,0.0598102973921236,0.561287470667446,0.0482440146816895,0.354391433632138,0.025549270040804
0.5,0.25,0.611600135600136,0.458675634753233,0.0209385614336874,0.422816887502296,0.0407907097411618,0.449759482921765,0.0430105105875527,0.275683655943771,0.0221019398986933
0.5,0.25,0.578973374973375,0.520314264395856,0.0250811696708126,0.558104718183077,0.0519306456908344,0.513980409449232,0.0462013633174854,0.306484339577277,0.0254366841768919
0.5,0.25,0.592127452127452,0.521704072701804,0.0232736479360028,0.460525314032695,0.0408144529680844,0.52972806676139,0.0500271427289843,0.314432243052111,0.0268691033589208
0.5,0.25,0.608688824688825,0.488947191934929,0.0252334419834551,0.564485245865001,0.0632077599789611,0.481849207034265,0.0431239600360271,0.304411081575022,0.0239442629550288
0.5,0.25,0.577848397848398,0.487641001273152,0.0227217591758348,0.427299877475872,0.0406473821174122,0.532023180920173,0.0592223005483815,0.279781979548823,0.0245059686879932
0.5,0.25,0.602871926871927,0.533383529639031,0.02574379339141,0.562324831303108,0.0509555186584245,0.52095443239769,0.0460378715157926,0.332196270289964,0.0256615782754653
0.5,0.25,0.640620952620953,0.484364860720023,0.0237113070044228,0.510916587393941,0.0440209180022148,0.423718137381469,0.0351470407086969,0.292596824818381,0.0222849045924356
0.5,0.25,0.608671604671605,0.488219192985221,0.0254879473260527,0.49361151109631,0.0543348223225618,0.52156922520057,0.0511215492673458,0.30187841710532,0.025619465446327
0.5,0.25,0.614566502566503,0.508559087201316,0.0244699899433723,0.384132484608083,0.0390350523516771,0.470204583365221,0.0412943705866295,0.312162150441245,0.0247654655396331
0.5,0.25,0.584665904665905,0.49680155930498,0.022993520773378,0.512957512426491,0.0560830697538914,0.550183129367565,0.0568126806267094,0.301121557603566,0.0260398842414333
0.5,0.25,0.603080943080943,0.525565111082793,0.0269482507270145,0.666965426510566,0.0636046838570461,0.489457663201357,0.0471554698630929,0.306642985601852,0.0269173786524846
0.5,0.25,0.66235007035007,0.504571393061441,0.0242951175145064,0.645066721968936,0.0759465072901366,0.51476270882771,0.0428481130794224,0.333552921130107,0.0243000610484356
0.5,0.25,0.604116196116196,0.483284703253717,0.0229738833131835,0.511023189040605,0.0565767304409541,0.503392793585736,0.0497104553653443,0.29092961225045,0.0240974051033036
0.5,0.25,0.572327672327672,0.483573964970466,0.0182114532673992,0.481351953189617,0.0429632414121328,0.544871382416643,0.0565030129577899,0.287272652406668,0.0206665547299003
0.5,0.25,0.587975447975448,0.496030665537902,0.0241236946539924,0.494958506017593,0.0484560610497611,0.464596447200867,0.0438346712437836,0.29119388215501,0.0253040188676376
0.5,0.25,0.595789531789532,0.520301066511157,0.0224535952137434,0.515114581765807,0.0442438549457319,0.540317612842235,0.0543047260773302,0.302127301360053,0.0236679513238478
0.5,0.25,0.578273702273702,0.508732517144084,0.0244956326993671,0.575158396268023,0.0628119605393472,0.470342581850668,0.0490209146452034,0.262916115244658,0.0239257186386585
0.5,0.25,0.558238578238578,0.451709248196021,0.0232176499634305,0.518155558408276,0.0599212636251856,0.42692540634468,0.045437884123761,0.25133988906504,0.0232419192275749
0.5,0.25,0.599652767652768,0.537110428985895,0.0249914658499251,0.608112484299827,0.0477670142090141,0.604864379721467,0.0560239470483965,0.339896496438899,0.0242290935968456
0.5,0.25,0.630932418932419,0.488117994510962,0.0231558737743334,0.568825169108138,0.0550623450944339,0.452797164799237,0.0399460700588537,0.308129797643667,0.0249237948940161
0.5,0.25,0.581998841998842,0.467515081987662,0.0213330968098532,0.462272052254333,0.0441621501151069,0.465632422580093,0.0525101712669827,0.251050525050424,0.0227073389336932
0.5,0.25,0.60579650979651,0.478279463522219,0.0241990436076192,0.544415260310602,0.0552921226774443,0.452907149665133,0.0421954503810056,0.296537891798077,0.0235537743679402
0.5,0.25,0.601690417690418,0.506567252122085,0.0243052061844565,0.465074766549341,0.0477641981130095,0.465415752521538,0.0422559079337243,0.286486441008112,0.0252627519137838
0.5,0.25,0.570756438756439,0.520659380040013,0.0226282353516556,0.611841628471338,0.0556185322391919,0.487720950449299,0.0415507079043741,0.310818524772309,0.0259858886357768
0.5,0.25,0.587900087900088,0.480741698952585,0.0225408273509119,0.492760775363546,0.0509711499598773,0.577658104489198,0.0592898171476802,0.296692861611597,0.0211392169658239
0.5,0.25,0.605851601851602,0.521926024562486,0.0243071475506109,0.541447669364809,0.0528719454972194,0.550982961188741,0.0487977980283735,0.323621785441161,0.0251781353613903
0.5,0.25,0.611882243882244,0.474925278723736,0.0233434977615817,0.49121071473945,0.0481316425384622,0.443893394252565,0.0413940595843905,0.28397075550355,0.0231518174340013
0.5,0.25,0.612106692106692,0.480594918889973,0.0206302780234565,0.43523915051381,0.0418938281062414,0.430957193858581,0.0372923234006088,0.28611058070385,0.0213857034311185
0.5,0.25,0.547490263490264,0.500799199179068,0.0252364664609337,0.445199683585247,0.0382286390226183,0.561338373068453,0.0633378763568085,0.284076315202636,0.0248617618918903
0.5,0.25,0.577576621576622,0.502150381937087,0.0244400512565911,0.460481971045272,0.0414452671029619,0.459218076719702,0.0439603688945062,0.290745714351592,0.0265703521255302
0.5,0.25,0.572659784659785,0.481540638727453,0.0251321867444498,0.518281408618029,0.0444407928924949,0.468986881198571,0.0442607081560075,0.282114000151201,0.0258244233437357
0.5,0.25,0.604230724230724,0.513076514653413,0.0244363049930771,0.570842362540225,0.0546109338814307,0.501974069246234,0.042492390894209,0.32839018759789,0.025549581280736
0.5,0.25,0.609704601704602,0.512533851033542,0.0246342726991748,0.488285294112475,0.0447726675102919,0.528643781202589,0.045457698464745,0.337689959687125,0.0268548829065083
0.5,0.25,0.590569334569335,0.474311412995311,0.0222209573166046,0.407575912636142,0.037520441666344,0.518389205822589,0.0531491444350386,0.276157274660134,0.023226491369839
0.5,0.25,0.562691002691003,0.511996323023476,0.0258010099334402,0.550482822874309,0.0462790012815107,0.513006813573491,0.0518841832939908,0.287012213782196,0.0227387840406128
0.5,0.25,0.58214091014091,0.472783906994301,0.0229905464078888,0.590047160614427,0.0493501942719994,0.444139686706411,0.0395385627857887,0.280353765868361,0.0227446811342584
0.5,0.25,0.607243291243291,0.48944120023757,0.0211023231557647,0.504836403615322,0.0361847940491591,0.508271335336385,0.0430303945659873,0.313946912027919,0.0236422111741296
0.5,0.25,0.605119685119685,0.486702012033188,0.0222204496627523,0.426550518502133,0.0351539029870963,0.524302474583238,0.048976060143774,0.310299362184292,0.023959318605115
0.5,0.25,0.609828381828382,0.481163066523768,0.02524938982643,0.418777188252438,0.0494656302739995,0.478891048738187,0.0481259171283849,0.28892985646941,0.0257150452360353
0.5,0.25,0.587073803073803,0.504432211816181,0.0248426745327081,0.544925259175104,0.0447930524831888,0.449708379866071,0.0459088014098599,0.260168937284625,0.0251660224661061
0.5,0.25,0.584132888132888,0.516429328604419,0.0263895342606107,0.45583369654897,0.0452771562355671,0.428406887166158,0.0386691982141389,0.284674235158199,0.0243450055665204
0.5,0.25,0.620716448716449,0.511627984758834,0.0250064461811006,0.457393636329861,0.0395381941014078,0.473832095798634,0.0415151490543626,0.320477667242472,0.0254508258993229
0.5,0.25,0.563378699378699,0.466994742959256,0.0233501424271021,0.479431938672823,0.0435600934000892,0.447475237693645,0.0470353844826884,0.243234886705033,0.0225350898392122
0.5,0.25,0.572827652827653,0.539405163734358,0.0222754978307537,0.535011684833444,0.046034270305584,0.458535637418654,0.0426289830650317,0.28951151873807,0.0265758886038635
0.5,0.25,0.595445455445455,0.494034857487362,0.024454842353088,0.521759988481934,0.0527874456731873,0.422551147891654,0.0423080899766884,0.257077748963304,0.0253084749673158
0.5,0.25,0.595072795072795,0.447217963003134,0.0217376459058079,0.471004625268885,0.0462311236073582,0.423064461788078,0.0426826969536053,0.257364873144324,0.0199254623212904
0.5,0.25,0.604675192675193,0.538440677689729,0.021795723766037,0.502885481113756,0.0406993832213297,0.555211100912894,0.0506028447452036,0.317925022966011,0.0245626776208947
0.5,0.25,0.588875964875965,0.460173593903985,0.022567847073673,0.448207354109914,0.0349510119317384,0.450321781349359,0.0417896748279851,0.275898159787159,0.0234725705926381
0.5,0.25,0.586132678132678,0.473382339272265,0.0233812028382017,0.481407960751303,0.0394212732243976,0.472303586227344,0.046608937766539,0.26817803807212,0.0228744927280541
0.5,0.25,0.620555468555469,0.519770764877081,0.0267954270736788,0.576905777761616,0.0568662646088455,0.456488601989874,0.0398534091126086,0.306647239880463,0.0265877046890846
0.5,0.25,0.57650772050772,0.518763493328849,0.0237202757634572,0.518363959688695,0.0538035004218269,0.567481703488251,0.0637780429182806,0.283997201340373,0.0237341426278603
0.5,0.25,0.596052548052548,0.496064865872175,0.026424009273714,0.49619356770083,0.0563988165005176,0.516107589014564,0.0535485592657906,0.28955541745839,0.0241471608555926
0.5,0.25,0.551413259413259,0.565844435207434,0.0259184438376057,0.57342827931913,0.0595323022552376,0.584407847064735,0.0637927675435448,0.316449312699131,0.0262902008680036
0.5,0.25,0.573826245826246,0.495114481345657,0.0239575273944881,0.565036522751846,0.0589370380094947,0.56755373144485,0.0578406819599794,0.294023025581357,0.0242626323170428
0.5,0.25,0.596036348036348,0.501929680727296,0.0243480560318935,0.538639169575726,0.0502176978509583,0.507590457913794,0.0502263320030368,0.296577437901934,0.0269069478825731
0.5,0.25,0.576814128814129,0.483146956106464,0.0229722598531461,0.448424166120339,0.0407529449877705,0.500838238370989,0.0516294283025112,0.267342611904287,0.0232607778506753
0.5,0.25,0.609914277914278,0.480777624834197,0.0217235136342831,0.454095885050673,0.0411025189634693,0.475789625250218,0.0395773085085571,0.304021042219848,0.0242353757152633
0.5,0.25,0.574837774837775,0.559339240682123,0.0265608670876088,0.621672073111776,0.0538922425929471,0.571475306874474,0.0550646027394126,0.323970497530967,0.0266071840198775
0.5,0.25,0.581485193485193,0.492288832135866,0.0232085912025261,0.553606123179372,0.0642274577442555,0.486669084501601,0.0415174596599154,0.293083311725866,0.0242925116793331
0.5,0.25,0.595932223932224,0.507475524668833,0.025456659787357,0.50936862018476,0.0512562175894937,0.522859727813584,0.0497875958250726,0.306360446528191,0.0246963694253928
0.5,0.25,0.595491403491404,0.463397320538995,0.0220710125513789,0.509912022237225,0.0469814213369766,0.483224466956868,0.0448338745167893,0.289740466323362,0.0231341387494622
0.5,0.25,0.604477336477336,0.545392303039686,0.0231042972752045,0.50844794599536,0.0468578467371568,0.533965790643752,0.0482480238641073,0.33475884729477,0.02523768728949
0.5,0.25,0.595333075333075,0.526611203819726,0.0246038332529474,0.651546168936385,0.0733939446568783,0.529551181918327,0.0490725041276354,0.317306764264299,0.0254240105482009
0.5,0.25,0.594192042192042,0.477558040440793,0.0248489642336536,0.428009400426324,0.0580341567966674,0.496352365291109,0.0496738209438194,0.291586744205353,0.0252836537533184
0.5,0.25,0.576244392244392,0.492495698481416,0.0239828589055473,0.471364775282105,0.0510628385564667,0.519999437311804,0.0489184882465804,0.309460277261787,0.025110509968885
0.5,0.25,0.57428341028341,0.51644659196873,0.0256485736577469,0.47526412245314,0.038276326596168,0.571894707838926,0.063910565530405,0.308510294453345,0.0252575928026874
0.5,0.25,0.579072963072963,0.527428593351784,0.0264130657441999,0.409830995070611,0.0423921176272146,0.610062107274135,0.065141409084417,0.330289214324129,0.0279315161292159
0.5,0.25,0.595333735333735,0.475066404692531,0.024340155307098,0.49133404388549,0.0566416299703058,0.48159144943125,0.0497206429523084,0.271479051243934,0.0251299242185842
0.5,0.25,0.593117225117225,0.560063909565337,0.0268956503996532,0.520983750232557,0.048546926356585,0.538171579773028,0.0603774012663005,0.281445561993662,0.0279279730593398
0.5,0.25,0.63425053025053,0.522488890209474,0.0257825110238169,0.477300000424866,0.0392494342671446,0.545951916007463,0.0484261910263272,0.329895071666985,0.0231523629840807
0.5,0.25,0.590127422127422,0.484728996849566,0.0262544977285954,0.522106056909139,0.0455899009582382,0.49153755702507,0.0466268702311659,0.28160641416005,0.0240729659072593
0.5,0.25,0.606682602682603,0.482259628956347,0.0237900503383915,0.466290090841816,0.0390503201261008,0.510009466078413,0.0540482365251326,0.278156420657022,0.0216976021436528
0.5,0.25,0.622707070707071,0.515177901215772,0.0250600896606415,0.653669920195746,0.0674156072566481,0.474727875843324,0.0427496646971203,0.316604178375324,0.0263086900371049
0.5,0.25,0.550554646554646,0.504118360152831,0.0230856499450168,0.538274891601834,0.0427592190477124,0.539255372746559,0.0630311506497279,0.27636721894328,0.0247581581448658
0.5,0.25,0.590463614463615,0.524457416583283,0.0242127036381773,0.546425061367971,0.057929298393551,0.573176705724881,0.0600917390946637,0.31615870519161,0.0231263626560659
0.5,0.25,0.59243566043566,0.483494426147636,0.0229652051561367,0.50511389259753,0.0392326436912104,0.494145682065567,0.0494884509212614,0.278340586693882,0.0240304581969351
0.5,0.25,0.569140973140973,0.494469062892725,0.0224873708817106,0.54293292137026,0.0451955732556016,0.442673256013234,0.0442020286712986,0.256533883875138,0.0225394658865416
0.5,0.25,0.602450114450114,0.529741979052374,0.0218322622430915,0.559601705599502,0.0441038151626737,0.528323221581208,0.0503260543534516,0.314040120400241,0.0267574577968911
0.5,0.25,0.579697251697252,0.489868329967916,0.02560139038916,0.522692380701522,0.05537112839539,0.540122926340566,0.059553050068272,0.287515744863441,0.0251258365014904
0.5,0.25,0.590471306471306,0.482505343469088,0.0223087572496378,0.464772975056902,0.0409057506196656,0.47820925144687,0.0484528081618212,0.272891391845761,0.0224286888088642
0.5,0.25,0.608257352257352,0.475657818065901,0.0204203298903143,0.488798486728251,0.0407951215073862,0.458927413763169,0.0424097070442879,0.279531764654855,0.0205884192076786
0.5,0.25,0.607615675615676,0.521800835080153,0.0248792453762137,0.534634824673056,0.0514131385440808,0.504656668463172,0.0457397396290576,0.308259019426781,0.0242817063176689
0.5,0.25,0.585826557826558,0.538206352228174,0.0247824755939471,0.480143481709471,0.0388640016838897,0.502705056096691,0.0471857816925833,0.302874243813699,0.0259124639019189
0.5,0.25,0.584794964794965,0.467860742397767,0.0206054591259512,0.456903049967614,0.041580419771649,0.425069372604938,0.0429842504114672,0.253869750880217,0.0211087302023788
0.5,0.25,0.589510129510129,0.494339660951667,0.021817569663959,0.433977313186422,0.0386218422755728,0.455653428568152,0.0410213718421955,0.2947541283576,0.0233549199491817
0.5,0.25,0.578640182640183,0.527212298554049,0.0224316950634611,0.52318246983873,0.0380327307277019,0.45211416949522,0.044218451441603,0.28089512826888,0.0253860130774257
0.5,0.25,0.573535677535678,0.496794599093628,0.0253592867922618,0.557368532972633,0.0571139177048461,0.464762788215666,0.0459386685563766,0.283478627570287,0.0266273535235869
0.5,0.25,0.59773140973141,0.467302056135925,0.0224560888865839,0.434953888598863,0.0370225460478417,0.451666055124113,0.0430150592622823,0.271406732131162,0.0228764867199055
0.5,0.25,0.597669345669346,0.512994224844577,0.0268414814568762,0.479882480204626,0.0357530358926963,0.470688627046938,0.0408302230166186,0.307283119655909,0.0242719331887188
0.5,0.25,0.582629910629911,0.517921174112387,0.0240144532324955,0.566868144357152,0.0525420152173902,0.447991923545047,0.0445824114872744,0.282643906598547,0.0259881456795831
0.5,0.25,0.574488802488803,0.489760669236957,0.0235882077465029,0.418133589021407,0.0389538321244626,0.523157333484852,0.0542381351508607,0.283572472045981,0.0244991213730821
0.5,0.25,0.598649890649891,0.530059418528884,0.0244011567402125,0.591256314381216,0.0543660887880955,0.526919756200031,0.0466663687308302,0.31792202962163,0.0253565290718719
0.5,0.25,0.581417069417069,0.493813112931652,0.0221121479213807,0.474069281801951,0.046632697550867,0.534510235497442,0.054247117172993,0.281895449432246,0.0224669419123836
0.5,0.25,0.568750600750601,0.488663488917768,0.0231811778914502,0.495440055274151,0.0445412260225206,0.487478062974377,0.0506149904406491,0.278975030707072,0.0254574203525788
0.5,0.25,0.582724314724315,0.514028426153529,0.0253273923349921,0.51453087438923,0.0473240199108695,0.468438877375188,0.0461749120431106,0.276557832299502,0.0249358901755528
0.5,0.25,0.591498255498256,0.548870658261404,0.0252459321328983,0.62982171824775,0.0522775673337552,0.447775423202983,0.043210500028284,0.290820000601619,0.0275263656714689
0.5,0.25,0.58012558012558,0.500230994892111,0.0287402071338009,0.46718402390521,0.0507152277739268,0.493586056523669,0.043953234802393,0.316269081509717,0.0291983418487141
0.5,0.25,0.578641562641563,0.55348490509762,0.0246953066250643,0.553899820830829,0.0525793962648753,0.529520792503312,0.0543025794292907,0.297097980192525,0.0239191258778584
0.5,0.25,0.578467346467346,0.51807138445574,0.0239531803170754,0.559113026605814,0.0448001580708358,0.525612578398942,0.0495339044073899,0.29886596579337,0.0258256806949531
0.5,0.25,0.607674667674668,0.518196591825499,0.0212176807753635,0.541004855273886,0.0482651232470691,0.492715852206759,0.0398966181385088,0.323689169444764,0.0226536724321031
0.5,0.25,0.591641955641956,0.494443311574918,0.0224816992508006,0.542862623099237,0.0485624282387675,0.482352294735592,0.047764397581872,0.281822135222742,0.0250894949536796
0.5,0.25,0.583582951582952,0.521482207494483,0.0228758895939093,0.492754410614611,0.0355161717966994,0.512063841418827,0.0472583804582785,0.310259989740481,0.0254504554025639
0.5,0.25,0.607558483558484,0.478422610799365,0.0259691013321929,0.511542971448483,0.0578477166482603,0.454620241780696,0.0415182071900327,0.286727044353567,0.0239051042392942
0.5,0.25,0.58564284964285,0.498990129910939,0.0217810100711364,0.477739445985056,0.0430847376856113,0.514088737170046,0.0501161966890697,0.295529632455697,0.0234318153046919
0.5,0.25,0.566145134145134,0.510040393297563,0.0235911976290506,0.538680216164372,0.0534085329520391,0.430331367983374,0.045714680397864,0.257601784036793,0.0253611568254184
0.5,0.25,0.625703761703762,0.449960434812927,0.0219200778058903,0.42509141209865,0.0374571002254169,0.41556532652428,0.0395689314334835,0.278679174392791,0.0241412085879365
0.5,0.25,0.611833583833584,0.517271616529481,0.0230139171546487,0.529430544574073,0.0417478300152448,0.547013467450582,0.0489468023593576,0.328217480870612,0.0252807218241012
0.5,0.25,0.567216615216615,0.511248375810982,0.0234186488270725,0.458735662255555,0.0434127939670426,0.525707048586884,0.0508584554927351,0.29623038653403,0.0252034980993352
0.5,0.25,0.553960897960898,0.486273263617431,0.0242063823898168,0.526785688780297,0.0485256144921486,0.530893298737483,0.0501174423719915,0.30226984788509,0.0244081737986836
0.5,0.25,0.584200064200064,0.512522018603402,0.0249100901383325,0.442418436351052,0.0466811849960868,0.542712509421266,0.0516168193824404,0.312779739983543,0.025208100531204
0.5,0.25,0.564485712485712,0.531174811712254,0.0265137154950968,0.48013016158114,0.047065282176208,0.533267828344479,0.056035979796994,0.286355310967053,0.0263703200110035
0.5,0.25,0.584541212541213,0.505739123115954,0.0211009050390289,0.529442160153011,0.0522049744169157,0.53376481065239,0.0555687514840609,0.284131508379598,0.0230627307297088
0.5,0.25,0.629053565053565,0.511316603377897,0.0229426033489816,0.545347090389086,0.0505054291214725,0.47892688798326,0.0413535828052785,0.308796740708554,0.024958725861129
0.5,0.25,0.568036492036492,0.478236852122791,0.024243577153835,0.459655778111104,0.045793998566247,0.51354827747569,0.0518004468647344,0.291270709792844,0.0223643782640787
0.5,0.25,0.582260754260754,0.487492922414896,0.0256417229931192,0.481943578423315,0.050889928130917,0.439785775969711,0.0436097198314087,0.271288924591485,0.0252971251623574
0.5,0.25,0.59555353955354,0.540209083545703,0.0255851854406952,0.591866275496879,0.0550388888619978,0.536204564239717,0.0531274314777945,0.312781132570279,0.0258797683838568
0.5,0.25,0.597131841131841,0.47619657417192,0.0215652593196958,0.489801941932288,0.0393571735260148,0.461466663715256,0.0440327058911772,0.283458689748726,0.0227445361247705
0.5,0.25,0.613086517086517,0.484290364203656,0.0225300930125219,0.48780478256235,0.0483590808644149,0.448300670518353,0.0380068309046307,0.295811065292126,0.0238426648385979
0.5,0.25,0.570722598722599,0.527474996910643,0.0228298752656766,0.603743559082097,0.0554612678022155,0.545261056909904,0.0516834719721278,0.297176502402326,0.0217597778924905
0.5,0.25,0.580631836631837,0.512889401933182,0.0226632040517171,0.539686351778506,0.0551782763004047,0.498499839927125,0.05324078407557,0.270000993149776,0.0245071632544929
0.5,0.25,0.597410637410637,0.523414564028915,0.0264427839455973,0.440279393498851,0.0485320228205005,0.490125321757889,0.0470330139145361,0.307474268959552,0.0238250247863037
0.5,0.25,0.627520035520036,0.542963492499944,0.0245645676339415,0.435939040390966,0.0354517694094184,0.591897710564588,0.0587283082117495,0.329590737382449,0.022802644091799
0.5,0.25,0.626700554700555,0.449533500068678,0.0211686716083805,0.395894188581309,0.0346854027887093,0.485617956081409,0.0406189712832069,0.311534586852969,0.0232981912540488
0.5,0.25,0.60375321975322,0.52717916143888,0.0231507220261623,0.574574140584384,0.0500942673606044,0.520852955528472,0.0481519346618912,0.301762282410568,0.0267552502334031
0.5,0.25,0.587634515634516,0.469386811755656,0.0268389619876977,0.440541238298966,0.0549275298949263,0.426916118717365,0.0472095104242562,0.263240088373633,0.0262109697397905
0.5,0.25,0.597646941646942,0.586173694019772,0.0262640978047987,0.545801037669859,0.0561918715797953,0.5738789720418,0.0539659745026451,0.342435546526195,0.0259373423721913
0.5,0.25,0.594979194979195,0.561929163702495,0.0288677714386705,0.550173396161297,0.0631081881170713,0.541615406024384,0.0522897845084832,0.350755116436692,0.0291143790292686
0.5,0.25,0.552478692478693,0.498866873780671,0.0241675661855895,0.538555984165009,0.0499090441746375,0.443275800596632,0.0478744683524857,0.253705147945094,0.0249529360185864
0.5,0.25,0.606377106377106,0.47771334083138,0.0257026545685648,0.469819721271292,0.0456970411236547,0.531559372434168,0.0509457988653466,0.297551659203105,0.0233121830884117
0.5,0.25,0.587161091161091,0.485761295147145,0.0229867354181256,0.430551168719993,0.0409006048811666,0.49358811719756,0.0485902510189921,0.285940412167736,0.0240403660322248
0.5,0.25,0.568754008754009,0.480565725280936,0.0251148389245521,0.463032238562658,0.055145265009037,0.478425826587658,0.0503548472568844,0.27149797976598,0.0236589671915448
0.5,0.25,0.575797283797284,0.536096825778026,0.0223727981813074,0.557913579248248,0.0531392997221938,0.486854981168455,0.0474534697276474,0.294395536692476,0.0247198373875415
0.5,0.25,0.587912123912124,0.50352739904092,0.0230985705514144,0.523225834800123,0.0587139624472578,0.521582952259789,0.0489814924969053,0.302524367485714,0.0262364239145091
0.5,0.25,0.584338772338772,0.49323052813199,0.0254427919238004,0.538717737322412,0.0590062977151513,0.439739137152303,0.0419245913709103,0.279193304227758,0.0252145548643974
0.5,0.25,0.594798342798343,0.525782998341699,0.0272106435610027,0.52794757964308,0.0574998343786851,0.514060995534482,0.0519801648993976,0.301442645081488,0.0251725510225801
0.5,0.25,0.589301077301077,0.496479887660507,0.0229545205906044,0.48510420862575,0.045295441088894,0.468726306576223,0.0436640280184186,0.285045047955053,0.0251345167609946
0.5,0.25,0.585713781713782,0.538512116759356,0.0234066994251571,0.518349801002447,0.0543220577795715,0.590819962985578,0.0634568384472384,0.304663544669185,0.0249515544627558
0.5,0.25,0.591656163656164,0.501793440453695,0.0227611388759473,0.541039103348486,0.0483531353120034,0.56466481554247,0.0556501782386443,0.309833355621006,0.0238852738790701
0.5,0.25,0.594053382053382,0.49488474258096,0.0227140138406573,0.451532595579333,0.0400038363894912,0.504397532717083,0.0476589837929844,0.310812898125895,0.0262858461222254
0.5,0.25,0.605220377220377,0.480968834647568,0.0237835215798928,0.560694861215377,0.0476772574526809,0.470222847611115,0.0394623691781063,0.301849897907241,0.0227846464627936
0.5,0.25,0.582200358200358,0.534594108340245,0.0249005286647953,0.560574544967621,0.0515869255453667,0.52385964937005,0.0483505425568835,0.300878391237512,0.0229386436820329
0.5,0.25,0.626637230637231,0.497112371404147,0.0255688232070524,0.593243579287022,0.0598150853445716,0.506795335280003,0.0484640868689437,0.311187854387295,0.0244417311999789
0.5,0.25,0.606498618498619,0.486420081215484,0.0236306918765797,0.521106258238045,0.0542781797586967,0.444887617818963,0.0411429952512307,0.292203442878457,0.0225672729968847
0.5,0.25,0.567517671517672,0.497144884568778,0.0232880082850385,0.508180645044195,0.0365314807896286,0.454097105398649,0.0440945480307426,0.266101337403296,0.0234280228260414
0.5,0.25,0.622116658116658,0.522276775268444,0.0270584448919929,0.5402821561773,0.0460269650819052,0.520842335657385,0.0459841305416646,0.326809130883868,0.025940763706446
0.5,0.25,0.626673662673663,0.515279098879409,0.0239828642392096,0.429371627879129,0.0421762215699159,0.524501316073182,0.0471640745873863,0.324447747008936,0.0261740160846329
0.5,0.25,0.571760791760792,0.489291228700132,0.0244129690092195,0.568781559729389,0.0580196929945092,0.457088281101439,0.0444525452149393,0.273627227596771,0.0255974863723697
0.5,0.25,0.612398016398016,0.47906162820938,0.0236387070914627,0.521769599876595,0.0577228745043808,0.496058964753871,0.0481703904533381,0.290132774173636,0.0219326198635485
0.5,0.25,0.575431883431883,0.507946432758235,0.024355646039941,0.533375563366964,0.0508044885363576,0.470176476337072,0.0459479159892003,0.28987718176061,0.026133808495277
0.5,0.25,0.564834480834481,0.522025429037202,0.0221679869187585,0.593517630605007,0.0554286927489892,0.556508225905459,0.0573790366891165,0.311648585754784,0.0229257832289361
0.5,0.25,0.609734037734038,0.475344926267944,0.0225719460835103,0.543131719920055,0.0651791606952183,0.488604343524934,0.0452820966203308,0.29864744676501,0.0245049978457413
0.5,0.25,0.598616122616123,0.505489159395474,0.0221281685411333,0.498195009118688,0.0480704983513346,0.500676101563838,0.044789923863368,0.299053578611981,0.0253283693138226
0.5,0.25,0.577998097998098,0.523148755609578,0.0244227607250577,0.459416656720179,0.0419473418652345,0.62100968959964,0.0638727562480265,0.321465595148761,0.0241385078811056
0.5,0.25,0.603277707277707,0.512283179417839,0.0252765856933862,0.5586570199454,0.048775475423092,0.521326903054937,0.0480886710777859,0.312242944358462,0.0268302433047069
0.5,0.25,0.620111996111996,0.482418158835232,0.0238755543433732,0.598774813794095,0.0521620812511368,0.530472780285885,0.0450858500228662,0.323392171320808,0.0234340764933839
0.5,0.25,0.593941541941542,0.51955375052498,0.0243481888990844,0.478184471697183,0.0423559312405708,0.535341429518828,0.0502248747209232,0.301062582904902,0.0231406877092229
0.5,0.25,0.612579420579421,0.51405055030834,0.027104127667591,0.471134919047056,0.0520062995124301,0.471415122191257,0.0414009399830704,0.313134018319859,0.0250836371227509
0.5,0.25,0.587762051762052,0.524853282961119,0.02291111299775,0.556058815986823,0.0583973411760963,0.570408713171812,0.0560271705076931,0.304221302723197,0.0247081990500028
0.5,0.25,0.540669432669433,0.480143883880968,0.0236610511177923,0.465315654350496,0.0485263556369297,0.515572722585037,0.0590933633385013,0.273801185247857,0.0224396285373277
0.5,0.25,0.609826281826282,0.48488537030027,0.0233705635624199,0.425732285543135,0.0356561660913346,0.456191766625669,0.0415941051798182,0.29366608951888,0.0238771467066773
0.5,0.25,0.588230544230544,0.46467807058359,0.0220582487809459,0.593493026932284,0.0493238694384021,0.437980540252166,0.0397772202374506,0.280585519104912,0.0229637995164444
0.5,0.25,0.616296544296544,0.506465645646378,0.0227414271878751,0.435853621887356,0.045573359772565,0.520926993318395,0.0531037012318159,0.296804281188977,0.0251684991947124
0.5,0.25,0.587197667197667,0.520873366506404,0.0247294364192623,0.472073825799792,0.0373295163843245,0.502006223901023,0.0467372267257547,0.309902494359005,0.023465278363466
0.5,0.25,0.608893784893785,0.483144169554961,0.0230320469419585,0.45453393410263,0.0450237483495227,0.548025601137189,0.0516872333612973,0.310325682063573,0.0231112176389042
0.5,0.25,0.587490203490204,0.476551771085681,0.0250378928134605,0.475353173783928,0.0543267083641306,0.530565536371315,0.0520846367266199,0.294341482218302,0.0261752713832113
0.5,0.25,0.620680688680689,0.524677873555753,0.0240966787770883,0.560937606162996,0.0529034387437812,0.531542673886671,0.0476273593838752,0.323120170934098,0.0249991329169491
0.5,0.25,0.605233517233517,0.520545092267506,0.0250016388267332,0.499394188449312,0.0466770649970582,0.516593339117638,0.0457793518757049,0.323834879705074,0.0251787062574418
0.5,0.25,0.611196083196083,0.478901338304286,0.0265776608553288,0.423459709977369,0.0451656996100818,0.54299597078043,0.055830964833952,0.300937481266617,0.0244144141340451
0.5,0.25,0.605468573468573,0.49568617934572,0.0245287028604189,0.457483428219597,0.0566474427750554,0.51658594529118,0.0520161883883988,0.306373669750723,0.0258738055118917
0.5,0.25,0.611879543879544,0.527746504989037,0.0253173862419,0.482594750485292,0.0476909230405662,0.535459778475875,0.0509803417603496,0.321191682487475,0.0254253913194556
0.5,0.25,0.548936492936493,0.495274593680254,0.0236292408586269,0.637144909313589,0.0634979267999412,0.480701663921819,0.0515167997847842,0.265640179243674,0.0246991014135537
0.5,0.25,0.56352167952168,0.49704938728583,0.023099564156774,0.458110528361506,0.0486081131566657,0.452583034265507,0.0448679082392532,0.267459615750316,0.0213427791119726
0.5,0.25,0.596694860694861,0.466748889186312,0.0224346133883837,0.505793250615911,0.0477020767111929,0.453362693399279,0.0437426173658581,0.2721891792728,0.0252799670882848
0.5,0.25,0.581723633723634,0.478068524810158,0.02544332088296,0.491372455741361,0.052788139235139,0.445051711173919,0.0461160387197789,0.269871669534277,0.0222913162496594
0.5,0.25,0.609613533613534,0.475950343552689,0.0235125199074999,0.41062118239078,0.035360277792022,0.477174747364462,0.0423359864881545,0.291907676263548,0.0251917399720042
0.5,0.25,0.598060666060666,0.47529287600812,0.0225307647827246,0.450045043143261,0.045914319224535,0.498324691663902,0.0489536978779855,0.302629987672258,0.0246415941551527
0.5,0.25,0.593321537321537,0.501118742895678,0.0225732507711985,0.478636075944179,0.0398938484154361,0.481922324778602,0.0424516257817772,0.288773055998391,0.022613226005227
0.5,0.25,0.603148155148155,0.535964825518066,0.0258475922591136,0.534340451071561,0.0495458396290839,0.667866650591799,0.0637273475750211,0.370037427427743,0.0270232649338067
0.5,0.25,0.588008028008028,0.511941335091174,0.0268151296948696,0.541831159386795,0.0499643227785996,0.532316480512497,0.0502723574898909,0.318496461262276,0.0261948197465712
0.5,0.25,0.617168069168069,0.469619700600513,0.0210777437918004,0.440885810013208,0.0460801212785618,0.524140500010693,0.0526986218770768,0.279199135845911,0.0246380968515767
0.5,0.25,0.582170106170106,0.473766918285807,0.0239996148600213,0.449933505963477,0.0455074586140556,0.480429251510606,0.0526897708935111,0.257340850971744,0.0226571380160433
0.5,0.25,0.574729594729595,0.466379328462511,0.0213290247422613,0.515089239993946,0.0535123227416133,0.461369501979159,0.0464890314520144,0.263403228716831,0.021331788198359
0.5,0.25,0.599408375408375,0.53115538150602,0.0250345245895867,0.541769855677664,0.0456305028132068,0.525464997225579,0.0471505991778844,0.314683392555368,0.0238751219265116
0.5,0.25,0.565615045615046,0.503446713496725,0.0242085169639697,0.520276231741547,0.045440316638678,0.578370052987657,0.0533113808763378,0.32925573694546,0.0242327052589171
0.5,0.25,0.586542466542467,0.492543956375463,0.0239893627716818,0.495141133608673,0.0447498491504807,0.551841171737534,0.0538128357769391,0.312426631718731,0.0240723429936819
0.5,0.25,0.585908505908506,0.474622639570403,0.0214274349313874,0.401036626650685,0.0437779314600348,0.477895504942525,0.0449557647300022,0.293457679290727,0.0211382401026775
0.5,0.25,0.605351957351957,0.503042251545917,0.0244308701637159,0.564147990343185,0.0549135299644071,0.495146741403258,0.0423223049826765,0.320828592215171,0.0251879217100004
0.5,0.25,0.580517800517801,0.496146137434183,0.024964028411109,0.451844526474154,0.0444501446383222,0.505573807680961,0.0512425713586522,0.285414567488344,0.0254505247699608
0.5,0.25,0.595551271551272,0.512110313239116,0.0250158096014828,0.480187736260338,0.0474543337206779,0.488838188283723,0.0481123673449409,0.281083011588847,0.0237604137106749
0.5,0.25,0.619247779247779,0.499569302975752,0.0233519957226252,0.505301566988675,0.0493672006048062,0.56260362078017,0.050059210271373,0.331684569916265,0.0248624253569157
0.5,0.25,0.603475035475036,0.490659004274993,0.0240192353978926,0.546370493845879,0.0591447906225511,0.473663689726656,0.0436873466912015,0.293463261764152,0.0246907646291048
0.5,0.25,0.606334734334734,0.508791001933682,0.0260629034228256,0.472175554180371,0.0416199049210051,0.485264281433592,0.0490716249502942,0.28489282693641,0.024686766013935
0.5,0.25,0.572886188886189,0.490424702841653,0.0270943690296452,0.434354486277096,0.0500679247211692,0.412472404114066,0.0411992848508976,0.258291475709397,0.0257476794678891
0.5,0.25,0.570080274080274,0.520033331770308,0.0247114480685797,0.534781367645229,0.0458160187198496,0.494231261010215,0.0492849863749131,0.289801049918593,0.0265755443621835
0.5,0.25,0.572599568599569,0.46830955359863,0.0227301502121376,0.480242542148942,0.0481334202174798,0.500855812181853,0.0495968869858461,0.282156085913197,0.0240580517911913
0.5,0.25,0.582327174327174,0.524071137193005,0.0243423505686515,0.500734692449567,0.0355039557795283,0.542416008301573,0.0491884268582916,0.329270327349012,0.0260957401295934
0.5,0.25,0.583465711465711,0.551377242960694,0.0250762534215138,0.550229954883842,0.0498577860807445,0.551430060974058,0.0507029296812688,0.318695439266255,0.0254321511648246
0.5,0.25,0.603135435135435,0.496092411993534,0.0251216280771149,0.57323747635233,0.0614164429000929,0.459990648594418,0.0393607410975362,0.303013433008374,0.0249496642365197
0.5,0.25,0.602492954492954,0.525588378790421,0.0236527255911329,0.512596101273332,0.0493144944511349,0.496332490685484,0.0420787596465547,0.323007674952832,0.0259229137206277
0.5,0.25,0.578629766629767,0.47352568999053,0.0223286937178731,0.536381975789155,0.0435162160944149,0.418057818634377,0.0386136730502482,0.26258996403184,0.0236281695995508
0.5,0.25,0.621628053628054,0.488968554274549,0.0239864496571626,0.455247261513729,0.0445874967553107,0.610758298058928,0.0693257384239493,0.305843837891449,0.0252462554347016
0.5,0.25,0.571046551046551,0.496136747712475,0.0213423156932644,0.47538502372988,0.0433450022523811,0.465588232493692,0.0438896849397611,0.281140077008891,0.0218916705077852
0.5,0.25,0.58618219018219,0.481207386357543,0.0210163244471395,0.48928111743624,0.0513048094980926,0.483714891520133,0.0487625768385767,0.280811458140182,0.025334425413366
0.5,0.25,0.594556734556735,0.500981660534751,0.0229344904606568,0.521039293283194,0.0461175044243492,0.49196907764873,0.0428680135095196,0.302012615920879,0.0245561012959758
0.5,0.25,0.60176704976705,0.538747828054687,0.0257750798852386,0.604825240892494,0.064127976187002,0.563987917589237,0.0539396693593983,0.327013274671437,0.0247274951639637
0.5,0.25,0.632974148974149,0.479872416261735,0.0215159186508195,0.539636298748762,0.041826926661497,0.47433343773305,0.0409376701093707,0.293062326446826,0.0218966592846736
0.5,0.25,0.61817961017961,0.510976407408479,0.0231914952700882,0.541624976823394,0.0608007442396532,0.475757160474882,0.048738117569299,0.292076036257576,0.0256495900856199
0.5,0.25,0.575310779310779,0.455830213636708,0.0245795615917941,0.462582134723846,0.0520257037110733,0.44606401862262,0.0416835832237337,0.28188575284172,0.0237157085450049
0.5,0.25,0.586631758631759,0.510342227647953,0.0239466460139522,0.503531799160632,0.0478514595212071,0.497460677405535,0.0452790875402675,0.300950908954127,0.0244896977522978
0.5,0.25,0.614394314394314,0.508915487957846,0.0238162434694229,0.527395689926834,0.0490070850514103,0.506742033876515,0.0471198644191464,0.318826460031677,0.0238240555423944
0.5,0.25,0.621489177489177,0.504801791156078,0.0254938322236815,0.476382260030555,0.0425855566212162,0.513113457023893,0.0461302479023865,0.322159251233214,0.0254933802211312
0.5,0.25,0.576683772683773,0.470583616471747,0.0235649605596212,0.520833919537257,0.0578558470235384,0.487229468421185,0.04998584792103,0.265163881128782,0.0233897525128996
0.5,0.25,0.626437334437335,0.48694109076625,0.0231069272346392,0.439079432068759,0.041479368609244,0.548874261586373,0.051031724792398,0.316156218348767,0.024136504514605
0.5,0.25,0.591850851850852,0.511559323323921,0.0238631359325856,0.434672138401188,0.0374433410332903,0.468739075265547,0.0436085916466941,0.289233499416344,0.0250168770987997
0.5,0.25,0.622266478266478,0.504203744144512,0.0238181500769571,0.530339033846788,0.0432563878997491,0.492111826077677,0.0453894932985911,0.309593327299503,0.0249218010676477
0.5,0.25,0.59808367008367,0.503642292080957,0.025454085845485,0.432631565707971,0.0416726453223193,0.465920184035503,0.0424068785965312,0.312263988595114,0.0244375900892978
0.5,0.25,0.571609411609412,0.532639997808952,0.0253478592938357,0.468803185824671,0.0410626703546117,0.47961234181722,0.051841682730383,0.267140428353853,0.026605265749866
0.5,0.25,0.60973080973081,0.481273564976118,0.0231874330389502,0.456612402515306,0.0478085993907843,0.506358030372368,0.0448557498166884,0.297938382754545,0.0224625288886359
0.5,0.25,0.594766074766075,0.472293613507612,0.0243037999969224,0.424072543818195,0.0473424223042422,0.464681013794722,0.0479886440101432,0.276687029777774,0.0255699116691661
0.5,0.25,0.567401043401043,0.537839781603787,0.0266317152005935,0.577039539370337,0.0482514571688665,0.517789782460613,0.0528112498485065,0.308080536634855,0.0273691857703762
0.5,0.25,0.577446085446085,0.494462604473247,0.02275533576902,0.527459169326216,0.0547491768039248,0.457286370369957,0.0442495498927326,0.275148459952432,0.0236724627306349
0.5,0.25,0.602458994458994,0.47202199340338,0.0248369436884773,0.515842976700909,0.0648165856990683,0.480430348748251,0.0455300125263543,0.280825204575094,0.0236562085483879
0.5,0.25,0.604542808542809,0.5220184541351,0.0261469755700149,0.574538541472157,0.0597552342774452,0.492576812399668,0.0465102545992553,0.293361252613307,0.0273450971033245
0.5,0.25,0.571895311895312,0.490568698577598,0.0246333954216525,0.408981908566179,0.0380586378337281,0.498782494051878,0.0535340268180043,0.271709450321347,0.0247810161431738
0.5,0.25,0.610017862017862,0.493255683389298,0.0233636109345334,0.498117043412601,0.0426390909682041,0.549763880995875,0.0577200617392767,0.296839677729053,0.024704715161973
0.5,0.25,0.630061002061002,0.455340372559182,0.020329018074291,0.452569796771681,0.0420726428926907,0.431490869884371,0.0386480148939538,0.290247439207448,0.0217324722040111
0.5,0.25,0.61420559020559,0.557394545883365,0.0286118775527623,0.54504436257154,0.0498984030141948,0.511434984332569,0.048378820064347,0.31575879787374,0.0275951257589215
0.5,0.25,0.588689424689425,0.489921205131552,0.0226676355778374,0.54816702646336,0.0468146707282282,0.452783674634125,0.0452762899300833,0.28399803246209,0.0228354503019174
0.5,0.25,0.5918742998743,0.514626917766516,0.024204642128632,0.602823721063636,0.0678574403254044,0.577090551876267,0.0562353015351688,0.320910236526108,0.0248378937144353
0.5,0.25,0.609331965331965,0.448177277228028,0.0202279820449705,0.373574096638878,0.0391902728085942,0.451240050498696,0.0440191626615115,0.269092826069114,0.0225066235621375
0.5,0.25,0.604975456975457,0.470147105370868,0.0232197767314179,0.505852883968478,0.0404188076647174,0.508685120419323,0.0500683332743388,0.295478478064129,0.0236445153708597
0.5,0.25,0.636127032127032,0.508618646893023,0.0250927027905193,0.613488487054275,0.0636110320764087,0.548092245345548,0.0479001889637886,0.340677437464112,0.0260269064552954
0.5,0.25,0.566405342405342,0.492675984995967,0.0252536021919359,0.54871903671756,0.0558088672664046,0.531300125658045,0.0514717615839208,0.303724208899166,0.0261034237319342
0.5,0.25,0.584602352602353,0.517103299571515,0.0270526472017682,0.613714384737097,0.0579622328096244,0.50314759507569,0.0489074749141552,0.313069078013593,0.0275967078435088
0.5,0.25,0.630892902892903,0.478586246485187,0.0241665273681,0.447613929635498,0.0545864966012721,0.456053299003711,0.0402962831892425,0.305265750631488,0.0237770016287509
0.5,0.25,0.610309594309594,0.475074873992552,0.0235299737689147,0.453078190282723,0.0417678659262932,0.454463747271501,0.0408586634451797,0.28562576832967,0.0233142505584865
0.5,0.25,0.600847800847801,0.491290305530865,0.0233284374215655,0.578441791975134,0.0498011565906121,0.493604670738373,0.0503512366667894,0.277585476067956,0.0247286500678359
0.5,0.25,0.608614472614473,0.480188157744909,0.0244311474009245,0.48325331200455,0.0472540415326402,0.488627247633434,0.0447242618399675,0.298555272373248,0.0227767508185972
0.5,0.25,0.621546417546418,0.519697904186818,0.0249149942810386,0.588747397415938,0.0639273309094004,0.528036783072115,0.0447592398440021,0.335335673740064,0.0272584222479888
0.5,0.25,0.589093369093369,0.489494814048678,0.0259675383876142,0.398781711357127,0.0346829583220142,0.527883048278998,0.0527220609749414,0.304767259367492,0.0231740069903589
0.5,0.25,0.559888711888712,0.49279067643548,0.0242125163685025,0.492685183368247,0.0475132835905426,0.547121127841425,0.0643937149728774,0.272827659623549,0.0246695624684035
0.5,0.25,0.578624078624079,0.509542664900078,0.0241915490636241,0.452628130804026,0.0499478055276434,0.500935225999634,0.0486659093210609,0.301139927175578,0.0263420982783963
0.5,0.25,0.586638010638011,0.47555944159582,0.023855370920471,0.497752440125031,0.0466438760715222,0.450501197777269,0.0421032286084915,0.272711017135521,0.0233568207193837
0.5,0.25,0.589131409131409,0.465290065294726,0.0208593653333668,0.424462106631457,0.0331460904705888,0.465710568734334,0.0450826550456084,0.270208870372089,0.0207153306210233
0.5,0.25,0.603107931107931,0.494832081453986,0.0245560265799411,0.536667029802299,0.0484123410695406,0.537611263305262,0.0514457688531586,0.307270178434026,0.0235721443584528
0.5,0.25,0.593343941343941,0.470633589869748,0.0206110947105934,0.468254299144543,0.035160352648184,0.503928068811999,0.04472058151193,0.292493001773228,0.0218581332095354
0.5,0.25,0.547540111540112,0.523924137238198,0.0260518232089772,0.541340185321466,0.0487596622133741,0.479760819780386,0.0494442862102037,0.268882145683655,0.0235422346128699
0.5,0.25,0.624996252996253,0.480864531848492,0.0222979399293619,0.406662080429863,0.0463247170285007,0.433209674049082,0.04000985222122,0.285593171555914,0.0257490570548846
0.5,0.25,0.631042339042339,0.529912504187046,0.026744009048355,0.518104652536994,0.0527465611090347,0.586372546635892,0.0519531512210005,0.353779852385005,0.0258735409500261
0.5,0.25,0.618784002784003,0.487783245222883,0.0220288781140277,0.541855957101126,0.0596066714455862,0.493257029828296,0.0451181252019447,0.304159345610753,0.0214161465911185
0.5,0.25,0.605560625560626,0.528569511970587,0.0265089470355596,0.452654096151078,0.0430739208614169,0.522026335120887,0.0475515569640131,0.318208728587608,0.0264953849344857
0.5,0.25,0.558317046317046,0.507534585766103,0.0255209921466363,0.507727605073154,0.0437081576691255,0.454172956581651,0.0509013372807565,0.250056596134607,0.0268433447155461
0.5,0.25,0.566134634134634,0.51988322383336,0.0267277601511233,0.46702948244841,0.0478502266699368,0.475007620973912,0.045560270631702,0.283439466932348,0.0256632150260841
0.5,0.25,0.588876408876409,0.477810030822488,0.0233721281069052,0.444260242729039,0.0392551434478006,0.453538429245967,0.0448371591816024,0.273142882084631,0.0217546700719207
0.5,0.25,0.564588396588397,0.487011138139494,0.0238211674656684,0.428926443029565,0.0469019264375552,0.465223299769017,0.0488153415797283,0.271193769876683,0.0234347133903723
0.5,0.25,0.613602817602818,0.492180808683017,0.0226604531378977,0.517327362039417,0.04720071980117,0.42162866141646,0.0370486774955449,0.280715902146972,0.022292587017344
0.5,0.25,0.637727461727462,0.511699935582913,0.0237812225524354,0.425302653710298,0.0381495711762139,0.521520194314615,0.0462079996243186,0.326895975262378,0.025869499912578
0.5,0.25,0.590850290850291,0.502438464750198,0.0225142103315959,0.48289013813342,0.0528195911501846,0.514810079906568,0.0518672366363171,0.293234158790039,0.0238900897756266
0.5,0.25,0.588515880515881,0.510209744599497,0.0257343950250824,0.478173795219548,0.0477123693650116,0.471985965378161,0.0478170779464525,0.278510423463862,0.0237437319561063
0.5,0.25,0.594426726426726,0.475071243103627,0.0226633984117736,0.574561671181248,0.0597957354764485,0.405310663264117,0.0402822903586414,0.243541847931763,0.0231670130194516
0.5,0.25,0.625040641040641,0.488429781670903,0.0247282897796206,0.597204243373439,0.0627504294918061,0.482116545467787,0.0410187858698112,0.31642743874697,0.024395129433971
0.5,0.25,0.611518559518559,0.511666996953314,0.0243046453246892,0.531856460393463,0.0450854249984973,0.547552034754559,0.0505960537044879,0.340248014680823,0.0259534124404958
0.5,0.25,0.598876978876979,0.529965985657645,0.0250664503121291,0.540518508586368,0.052398691009344,0.525329721107621,0.052519837573766,0.311072352063253,0.027186727307436
0.5,0.25,0.621271581271581,0.499716216483053,0.0246615026210564,0.493797909528265,0.0488971279609619,0.453631714438151,0.0433741883095516,0.292937084149279,0.0249003302733187
0.5,0.25,0.597047361047361,0.508368519532416,0.0228401218927227,0.434138309176377,0.0481659450553623,0.527549617696268,0.0523798015365227,0.288107648990315,0.0235495682900254
0.5,0.25,0.574683586683587,0.499068026310191,0.0221166456768227,0.574565316998538,0.057864724797961,0.503643164295281,0.0474554552110905,0.292076362216208,0.0234050263490145
0.5,0.25,0.576862968862969,0.473707781013901,0.0218202249145897,0.430792241681942,0.0405889590203355,0.481421388336826,0.0447348077361281,0.288080055688784,0.0241990240079911
0.5,0.25,0.606699966699967,0.546335175666076,0.0244463788430898,0.457300318270957,0.040851495396459,0.510228073099184,0.045392898228252,0.334028201833977,0.026048617010022
0.5,0.25,0.606648030648031,0.56510091058046,0.0261465897570829,0.554388277235552,0.0597415198229828,0.562824641042323,0.0520918485797287,0.347373442024748,0.0276605090735683
0.5,0.25,0.617018285018285,0.479395790192335,0.0224392390803515,0.520355687999379,0.0511928440311755,0.511445923134667,0.0491131964921542,0.295406766107228,0.0230010168572597
0.5,0.25,0.610870294870295,0.530362145561752,0.025520690949972,0.590674175881819,0.0558250997759106,0.543453341594226,0.0476107287426201,0.32105442042982,0.0275204914422884
0.5,0.25,0.58985236985237,0.495131858707075,0.0231301919233004,0.498726428283194,0.0486052193976939,0.518831938309272,0.0542605083560536,0.285767817190988,0.0238653147241381
0.5,0.25,0.602180126180126,0.517679674266637,0.0281790224959139,0.533908704157743,0.0616385541314612,0.544177762426541,0.0544314836281405,0.310059515167026,0.02609814274192
0.5,0.25,0.616835464835465,0.505285820735223,0.0261992076052385,0.447163036166027,0.0444963564917916,0.494203787407134,0.0435784746847177,0.316269643397951,0.0256380313861096
0.5,0.25,0.632258216258216,0.514516898926136,0.0277667299076754,0.465670225887213,0.0566102338292093,0.558579910260033,0.0503906676875619,0.349797582997594,0.0262446086673847
0.5,0.25,0.562551430551431,0.520768746996572,0.0251307896421403,0.495704956167252,0.0483289594072969,0.48313224644328,0.0490030187881737,0.281168990121764,0.0236284704235752
0.5,0.25,0.5560246000246,0.517368793369885,0.0250753342164188,0.498200672028729,0.0542204191285537,0.527695168591698,0.0609318184897833,0.271228050643531,0.0275873392960835
0.5,0.25,0.57196327996328,0.531429349320442,0.0255968180020947,0.538183716281741,0.0466735677644503,0.558856035013311,0.0546259705581619,0.319562863375347,0.0231815099270733
0.5,0.25,0.604270264270264,0.510486345581507,0.0247780335142874,0.648750528610182,0.0681234207355706,0.529103507371382,0.046690568100248,0.311688029531862,0.0251383986816627
0.5,0.25,0.592711156711157,0.482728934279452,0.0213710037808765,0.503821058486543,0.0456599551380751,0.508930610766829,0.0480117217875236,0.302430531766698,0.0229611316691879
0.5,0.25,0.599461955461955,0.491501170412116,0.0215968399224422,0.431820717616381,0.047414763438541,0.480040670231253,0.0482647958091649,0.291795908128095,0.0235114611188026
0.5,0.25,0.59577037977038,0.498140991189176,0.0246906242504849,0.474003866565225,0.0433045526968486,0.473811409688673,0.0457809172476163,0.284060609647037,0.0237423284016604
0.5,0.25,0.596449268449268,0.54231080725755,0.0250468663448472,0.47163556425907,0.0439421776777923,0.517901657911782,0.0491083974519796,0.319547423059396,0.0254672099959826
0.5,0.25,0.583149967149967,0.502917668149101,0.02448448375303,0.53706252614695,0.0450061043282326,0.536673079135473,0.0501777230640604,0.297346964922696,0.0229754209578849
0.5,0.25,0.620990744990745,0.504258260797723,0.0251986899947267,0.463170658734628,0.0462639349154394,0.535536024704747,0.0508077129202562,0.306837213613843,0.0255079884029801
0.5,0.25,0.588782484782485,0.469530098032191,0.0240835058263523,0.495269322077772,0.044509367827348,0.511383636937207,0.0487578104112539,0.277346978305777,0.0235644923649108
0.5,0.25,0.600806160806161,0.490518830301333,0.021512909437228,0.634648740472125,0.0560693454874812,0.457928668549023,0.0423695059833869,0.270558164638448,0.0220497898711423
0.5,0.25,0.610899406899407,0.500117712507578,0.0245839574554062,0.434275832118837,0.043531684873696,0.532946546604504,0.0551440126372147,0.298991494826628,0.0260424455026838
0.5,0.25,0.572023604023604,0.51345388956083,0.0253040908061495,0.670750649532328,0.0760382237679936,0.608409420655731,0.0610105201335997,0.320497208551004,0.0265512605481182
0.5,0.25,0.595464031464031,0.488305510805299,0.0246643374876101,0.461751934135568,0.0447190126829079,0.468241259040955,0.0492517515275453,0.271849756637666,0.0246110953338455
0.5,0.25,0.632225012225012,0.471640300689079,0.0257986922969505,0.458962907355528,0.0524751268266647,0.52133081198267,0.0480863601075753,0.324914563392975,0.0272904596338438
0.5,0.25,0.589933237933238,0.459036784073664,0.0206422873109546,0.39838340308691,0.0364696220797554,0.452612205766111,0.0420306803546855,0.273882896187895,0.0227569047468243
0.5,0.25,0.588162228162228,0.483283443886362,0.0213289417808701,0.510872432036527,0.0460898817992611,0.482273661676705,0.0457477606755466,0.298585658862044,0.024243437723924
0.5,0.25,0.598086802086802,0.493211669557407,0.0218336750993647,0.4946575604999,0.0414930931636882,0.506006351399468,0.0493272524302997,0.298625937496334,0.022226761121138
0.5,0.25,0.597834117834118,0.487555074819909,0.0195283379338158,0.45634113980976,0.0345068464544463,0.517020293062264,0.0459193214016075,0.305035861938614,0.0210732168087948
0.5,0.25,0.620151368151368,0.503068571759919,0.0232646232904528,0.542413876650327,0.0686748182977106,0.48419826216305,0.047360717577411,0.286024558938429,0.0233449170494432
0.5,0.25,0.586174714174714,0.488734497869847,0.0247808014302004,0.469672762921897,0.0448351081870616,0.492950479748633,0.0516651746355401,0.289924225258837,0.0245560070791436
0.5,0.25,0.537304521304521,0.494975907175094,0.0229182559218077,0.529400727122341,0.0562876213578378,0.452199586432815,0.0480840988517945,0.260116099869947,0.0231821682921329
0.5,0.25,0.594725946725947,0.521925149579686,0.0229426954139198,0.50944283313106,0.0496459087222423,0.567680508038047,0.0555921932888924,0.331008678426944,0.0254029383449038
0.5,0.25,0.618788166788167,0.5163463961768,0.0238377356089819,0.55591752424087,0.0478238516704164,0.450442187386777,0.0399468916700107,0.30994984689151,0.0247094115389305
0.5,0.25,0.591520767520768,0.474410473087472,0.0248857490868422,0.480121298660997,0.0506891518261533,0.485409812927657,0.04600344380469,0.291053000793795,0.0240544318239722
0.5,0.25,0.590159162159162,0.473580164087446,0.0223714456596725,0.459548684241186,0.0417853520599592,0.466478545557842,0.0437013269286885,0.26965269832376,0.022695369816245
0.5,0.25,0.600813144813145,0.534334265198869,0.0251227419397571,0.550058721476827,0.0588067301251008,0.522029652700518,0.0523721977397916,0.309326446675073,0.0249438607251733
0.5,0.25,0.585595197595198,0.483835044208587,0.0246068520087664,0.456252318727295,0.0486963565461089,0.515803761658478,0.0520439358812486,0.304854669538725,0.0273163598711466
0.5,0.25,0.591872427872428,0.498400841917847,0.0244573140086872,0.545653698978575,0.0609468089090395,0.530729757781509,0.0522621789121686,0.295199795417786,0.0241959746243361
0.5,0.25,0.605278013278013,0.498726458829794,0.0222516778772061,0.456950638909548,0.0387114071270388,0.509893282631703,0.0439289181184462,0.309845606290842,0.0222540706891554
0.5,0.25,0.57809651009651,0.453930080045565,0.0227831484802828,0.413364553891221,0.0397471202451497,0.46029086833048,0.0464953865784491,0.27051259284023,0.0232541557838768
0.5,0.25,0.579736095736096,0.478386266983338,0.0242817296870144,0.485443866856424,0.0489273274440113,0.506389907408755,0.0479815795019684,0.285473180764307,0.0245931464569437
0.5,0.25,0.570642678642679,0.505546867094446,0.0258746550811713,0.485483893969042,0.0487088602374467,0.496455518797133,0.0469870771183066,0.292663779155534,0.0254803583132242
0.5,0.25,0.626108666108666,0.487639327056734,0.0261873448584686,0.517126344621156,0.0524145320709425,0.489599449783131,0.0451602974954998,0.307449889150814,0.0246880483256838
0.5,0.25,0.605590493590494,0.482650915439954,0.0224901098565425,0.459516143383202,0.0480641479816581,0.505253657806808,0.0492639300832057,0.290381727062444,0.0238902973123195
0.5,0.25,0.610582690582691,0.491898670809847,0.0233925963931921,0.479405189473555,0.0484158425653464,0.511480760917546,0.044830360050801,0.314838892612735,0.0238215292055366
0.5,0.25,0.60967020967021,0.556493496697285,0.0285298756991915,0.541390060555469,0.051214409904603,0.570240360504884,0.0538883138663282,0.34810156244093,0.0275858802262365
0.5,0.25,0.61613596013596,0.475952273409498,0.0218810412050141,0.421486232053674,0.0371108780977101,0.497170516310315,0.0429978957539205,0.303560419268327,0.0220827875291276
0.5,0.25,0.577142449142449,0.513313208493726,0.0253311874560575,0.525693760218229,0.0498159785990896,0.507967304917095,0.0491683819765278,0.302257051756768,0.0231134973868845
0.5,0.25,0.583746487746488,0.468234277870665,0.0227365765551364,0.441035608566084,0.0455556569918764,0.44385351052046,0.0433163009773139,0.262425012242481,0.0227067940685161
0.5,0.25,0.600253248253248,0.502878163358535,0.0220859940991723,0.524492796019055,0.0389794127968021,0.512293098233222,0.045909209390788,0.30498121313451,0.0238302747391525
0.5,0.25,0.586770706770707,0.505770975619958,0.0260354145061279,0.466851686101976,0.0474445089576104,0.479569893965981,0.048732538513907,0.275687776484509,0.0252069678610287
0.5,0.25,0.597286497286497,0.530064804835297,0.0233903534437543,0.60160504943987,0.0513567634495434,0.591813846055534,0.0561556928137665,0.326550694895096,0.0222159680435744
0.5,0.25,0.585075333075333,0.484769335199129,0.0252624129108819,0.507584256422294,0.0504113682723998,0.453703254778545,0.0444377931510834,0.288190883329911,0.0239494886087653
0.5,0.25,0.629240393240393,0.554296619848143,0.0256506573835153,0.582598930103868,0.0486259163207854,0.546316720363345,0.0537650832593493,0.329078503611748,0.0267467926610202
0.5,0.25,0.616588936588937,0.508198241701194,0.0253336030705913,0.501474521246515,0.0438972718235784,0.489620956156654,0.0484395967481546,0.287373832378983,0.0234787421387472
0.5,0.25,0.621078585078585,0.463245215768029,0.020107335718548,0.513277410083001,0.0436816822972659,0.448134298927297,0.0400551104680415,0.287936175095762,0.0216462675133431
0.5,0.25,0.611243903243903,0.46734566586633,0.021921038446119,0.459871367000556,0.044715849381787,0.498699755448468,0.0464617409513277,0.301084768582249,0.0225605873599458
0.5,0.25,0.573345009345009,0.500198746645362,0.0260993948791374,0.490230128857528,0.0500175972826102,0.5248484681392,0.0578205401509987,0.277893498228169,0.0244014395983292
0.5,0.25,0.585106521106521,0.522015372277269,0.0256267184929472,0.43092405089649,0.0471278127837766,0.528329252711158,0.0532355804462803,0.315661875992836,0.0244105812740909
0.5,0.25,0.591575163575164,0.499423904048102,0.0222793811222596,0.520513336613169,0.0440725137513327,0.543922347186235,0.05002553605222,0.311058371052892,0.0231258678977292
0.5,0.25,0.565408057408057,0.475129152829829,0.0210072164947432,0.453343002327451,0.0439872285550756,0.48977482126351,0.0483234182669794,0.271398431160727,0.0226260618639881
0.5,0.25,0.581405309405309,0.476267963134882,0.0200095762980367,0.465210934127115,0.040820620361648,0.538791595477706,0.0576300234345778,0.29271726802948,0.0218078489492405
0.5,0.25,0.597025989025989,0.468143638917439,0.0195345772308707,0.470459740076385,0.0430039533572669,0.498847871087835,0.0474340923361906,0.293793180450034,0.0230481893367523
0.5,0.25,0.596877344877345,0.509771041572239,0.0254378311942175,0.573123900977101,0.0576218469811448,0.470000895336345,0.0444850873307516,0.299923362449744,0.0257525369593529
0.5,0.25,0.597349761349761,0.512358988624025,0.0246774203026065,0.616008106715965,0.0621344898454502,0.468727136505317,0.0409040188221636,0.290264469482013,0.0237670073161425
0.5,0.25,0.597225741225741,0.495162476879739,0.0256805306208534,0.561347152209454,0.0633101244459656,0.549993870315304,0.0551183338055928,0.311286537135182,0.0244106873613824
0.5,0.25,0.583071595071595,0.480124492481603,0.0233775562981819,0.445157690899031,0.045677044808765,0.494328295239169,0.0521263910488412,0.289548457438299,0.0242400365400284
0.5,0.25,0.589143937143937,0.476116341665268,0.0246334281000713,0.511637061255871,0.048295119291901,0.424291869586135,0.0384553412732354,0.274877278927278,0.0226904930045159
0.5,0.25,0.572474780474781,0.463369365855067,0.0188121710805412,0.412327017740297,0.0377076540534567,0.504883741509779,0.0520513310660327,0.270674869120093,0.0217131793338218
0.5,0.25,0.5756693996694,0.483189468378907,0.0221170188080375,0.442077592846969,0.0410507752619007,0.523737270202783,0.0520731934335308,0.283234370694565,0.022399138140238
0.5,0.25,0.594219318219318,0.499508064636842,0.0213290980158497,0.559030825655247,0.0424977084757012,0.450804151411187,0.0425706722745194,0.275105524387627,0.0251493738870075
0.5,0.25,0.603046323046323,0.472963071229123,0.0253128569598427,0.499002723299642,0.0727951742029468,0.55554509978584,0.0578608950807046,0.296953770852309,0.0250248727889863
0.5,0.25,0.618025482025482,0.479440739813589,0.0232177254065516,0.47267961613088,0.0392811288897522,0.469761769567025,0.0440015493187752,0.291562462953657,0.024765625669278
0.5,0.25,0.584436092436092,0.521969586197872,0.023126500270482,0.561003646860041,0.0508254608695732,0.494801531185429,0.0438917808098829,0.304355118274674,0.0231438713706349
0.5,0.25,0.600425172425172,0.523073010747553,0.0273087349695291,0.664547303616888,0.0658794792630749,0.482296157757937,0.0409402053168667,0.325801544922757,0.0260191693702079
0.5,0.25,0.595590667590668,0.480209549744575,0.0222899418737406,0.424600189278398,0.0402584701247011,0.497066378014848,0.0467612353840221,0.294188988824544,0.0225995316227393
0.5,0.25,0.603161079161079,0.483479909673855,0.0223587690266445,0.504573541169319,0.0392184551798296,0.475699021348613,0.0456009341529481,0.286369373711966,0.0238342388521731
0.5,0.25,0.611792255792256,0.48917502580797,0.0229774463449343,0.44462973862428,0.0376126574497574,0.50288467333351,0.0469641403444161,0.307734617334742,0.0241373768275977
0.5,0.25,0.573663201663202,0.513483521565072,0.0265906746152352,0.444874139347022,0.0467490908798281,0.468371453716167,0.0469738502711843,0.271838492056475,0.0255361703687344
0.5,0.25,0.592291708291708,0.517175494995574,0.0229005603515415,0.476245407120958,0.0472237114383973,0.540152952903405,0.051362973889108,0.311054724495053,0.0242477740839024
0.5,0.25,0.569997713997714,0.52161666281042,0.0247057993730154,0.515139187701128,0.0607072076062991,0.523844025713745,0.0500548922265464,0.31466552565726,0.0238035518030166
0.5,0.25,0.612640344640345,0.496911422594768,0.024055067948749,0.537341228912707,0.0432838042502931,0.489856952492509,0.0414686037318412,0.308414725738936,0.0248662384386765
0.5,0.25,0.573918513918514,0.492790014152737,0.0221391012845644,0.524033034215882,0.0540635698774449,0.496644278247963,0.0481026243289981,0.299398807245821,0.0231751822365725
0.5,0.25,0.575839703839704,0.492446020536018,0.024096082443026,0.52697873907499,0.0528926886572124,0.532680646545785,0.0543643570885258,0.29261327050877,0.023961051837343
0.5,0.25,0.595464247464248,0.491234639172632,0.0229055752771923,0.541673707189798,0.0550300265992431,0.461736045631183,0.0451409621446914,0.26635014693288,0.0212822784613698
0.5,0.25,0.606566622566623,0.509536420452459,0.0250321513637443,0.490625613077175,0.0449641519104067,0.49976122930061,0.0451193776560692,0.316270418938954,0.0249670036551691
0.5,0.25,0.600279372279372,0.537404251936077,0.0299904077099294,0.495491960712411,0.0536557912803497,0.558819357469245,0.0547377421923839,0.330070118809115,0.0273835063677427
0.5,0.25,0.598658146658147,0.486726843980943,0.0255424899692791,0.514647308958154,0.0556241961631457,0.457519306239131,0.0451429154953629,0.27646794737989,0.0245693096900486
0.5,0.25,0.569867885867886,0.495103626231077,0.0239030334261041,0.51356687327754,0.0590193626558325,0.593598065411433,0.0630446908144927,0.309185471453028,0.0227665702360095
0.5,0.25,0.581095313095313,0.512863321091936,0.0232288463847434,0.472570148010216,0.0421336566178457,0.495694044134009,0.0458765477915743,0.298099314340624,0.0231902485790349
0.5,0.25,0.638776766776767,0.484489726118797,0.021873524598154,0.450950856696727,0.0333181629630118,0.486902853776201,0.0439643711064195,0.295561002348733,0.0210272870453776
0.5,0.25,0.593100173100173,0.49661863580165,0.0237498764835404,0.600610845703777,0.0532352313500873,0.506432911684143,0.0486131298201725,0.290292184464443,0.0241065329684394
0.5,0.25,0.639338775338775,0.444011377962064,0.0227936854336525,0.47304706841487,0.0441591189718828,0.404248049705295,0.0374033640190253,0.25392646033857,0.02201705128751
0.5,0.25,0.601372633372633,0.451834821973929,0.0249017396161633,0.470511699274164,0.0526490613718759,0.508035315112974,0.0529174039669282,0.263785684219648,0.0231076856130773
0.5,0.25,0.589742881742882,0.46548179869804,0.0225650571008534,0.468385555310364,0.0364879096464847,0.463050202212775,0.0424666406231949,0.272256888734803,0.0209126920277352
0.5,0.25,0.588247812247812,0.514528901546094,0.0250789261495588,0.500261949628429,0.0506974773346996,0.577166348726634,0.060321527113515,0.306397787579093,0.0248331763420851
0.5,0.25,0.587033279033279,0.457325629314008,0.0210487413976227,0.496820169513744,0.0495081172596296,0.402929259775376,0.0415113078615092,0.247655742541062,0.0232930732721864
0.5,0.25,0.588629304629305,0.511351281771763,0.0258700232281168,0.53123066121606,0.0593259248357154,0.46796876443493,0.046890889358119,0.270573203054716,0.0260813089361144
0.5,0.25,0.598894006894007,0.482945791555991,0.0221745114173913,0.429079261751663,0.0455963977253172,0.448082463065528,0.0397896447801237,0.292115583973602,0.0257670817871803
0.5,0.25,0.601336345336345,0.497828750229266,0.0239688434029779,0.5361317166265,0.0514719464982544,0.439093497683508,0.0417485030976122,0.281863316149441,0.0227736699938254
0.5,0.25,0.603597147597148,0.503183918965461,0.0265392546890789,0.495319086337639,0.0500490005761858,0.52477404318577,0.0498620075469986,0.317155920566073,0.0264154496868459
0.5,0.25,0.578501402501402,0.529613444714535,0.0266022201701572,0.585214272978166,0.055101894200464,0.50360058611352,0.0479778722156148,0.309839556824652,0.026398180636886
0.5,0.25,0.565127773127773,0.467940118539608,0.0240027330642357,0.435088064034707,0.045655013713409,0.479517513673201,0.0492705775661376,0.269663169969937,0.0231392123475342
0.5,0.25,0.640598752598753,0.473153153470194,0.0216433855171358,0.483590523747441,0.0380622541792884,0.498524311667561,0.0455363952267042,0.30203632627186,0.0212783926484424
0.5,0.25,0.608759012759013,0.531165676622401,0.0221374764505268,0.491859197174213,0.0457856481568454,0.613863914179309,0.0618864257023134,0.322846441260891,0.0249759439499139
0.5,0.25,0.624410304410304,0.499873770439198,0.0230970152234665,0.491846895502162,0.0417351437227918,0.479446401453171,0.0400934616739013,0.320242637496087,0.0238882321216441
0.5,0.25,0.578919110919111,0.529256945077133,0.0243286463088834,0.48745639012595,0.0487400769612708,0.58390945377889,0.0644061915063516,0.301376916413967,0.025807290930654
0.5,0.25,0.604956484956485,0.487531246019155,0.0208376946112014,0.449610428455572,0.0386830209152362,0.479189894672583,0.0398295308592047,0.300822512190785,0.0233766718947586
0.5,0.25,0.595003711003711,0.546350925050469,0.0287060349381862,0.499541395989443,0.0446977479846353,0.54361702789834,0.0591591545771207,0.299372591958455,0.027769915079977
0.5,0.25,0.561543921543922,0.531546004445537,0.0235803361225913,0.475267165925577,0.0434359850880792,0.549031776568244,0.0533782616503104,0.308589474889555,0.0259856199360396
0.5,0.25,0.568152532152532,0.521581844120396,0.0242327650017146,0.518358282761645,0.0601064294369997,0.521422582034197,0.0518697271984759,0.322277705081047,0.0266438779245475
0.5,0.25,0.600533712533713,0.524708006183064,0.0234371539757537,0.558158886915832,0.0434267236383633,0.496506445727317,0.0452291746476689,0.321854436967306,0.0271985810507113
0.5,0.25,0.583186963186963,0.468097616557118,0.0216851843352552,0.488893658057858,0.0509279563744264,0.454465676341123,0.0444510960358928,0.257947467428676,0.0212524639212948
0.5,0.25,0.650388362388362,0.510517342837651,0.0236775454382868,0.485698435363321,0.0508804617621128,0.500099367872326,0.0429705319450267,0.320271461472347,0.0259503706633542
0.5,0.25,0.621938901938902,0.506046534633109,0.0239040193921661,0.548074759125513,0.0579108411478029,0.493493095717672,0.0404348437359934,0.323570819305265,0.0259122200112746
0.5,0.25,0.624144888144888,0.50593342843675,0.0280858913165154,0.49914852206029,0.0535151359499805,0.485611264373869,0.0436058322093785,0.316390527967418,0.0269663473049172
0.5,0.25,0.599332403332403,0.505876138561552,0.0226363841300142,0.539702311282115,0.0438434941204015,0.522671475984768,0.04395223572301,0.33310711887769,0.0247765930933363
0.5,0.25,0.593445641445641,0.480250847239698,0.0240135847282019,0.519938139943305,0.049352402339967,0.465143762717123,0.0472736488829756,0.265994155359572,0.0223511764805619
0.5,0.25,0.603412599412599,0.51769360600141,0.0265977947052689,0.50819155523112,0.0430171650513117,0.430070312274095,0.040337828970035,0.278886678148845,0.0268142207036938
0.5,0.25,0.611765795765796,0.463724132422589,0.0210603459071599,0.497640520357583,0.0512325653337579,0.457428592961503,0.0445319680261064,0.267245618691329,0.0221307073498835
0.5,0.25,0.582561342561343,0.476314966552274,0.0220380802825368,0.415045400667789,0.0335483244279672,0.49908394041777,0.0505787985411896,0.277301919752783,0.022508031095678
0.5,0.25,0.585831297831298,0.500593127785828,0.0229242367821797,0.498354132403844,0.0500896513412551,0.486353523354782,0.0502370238007296,0.274261221176897,0.0242765927837037
0.5,0.25,0.618882390882391,0.48344511488323,0.0242117841839728,0.431023291827951,0.0439615382488493,0.449622211626276,0.0383517512840983,0.300061054164081,0.0229623349704218
0.5,0.25,0.610204774204774,0.504030664744098,0.0243555568834201,0.529925257805088,0.0572987155936474,0.515469137140047,0.0464227696088064,0.321757483499636,0.0244780707700231
0.5,0.25,0.609508557508557,0.475549826394534,0.0253839792683572,0.439231441547503,0.0389740485899756,0.449538266957898,0.0445709266240861,0.268759453465195,0.0251691368736333
0.5,0.25,0.603822687822688,0.4977256482511,0.0243657471529916,0.537697140829143,0.0487116517478199,0.478223772799174,0.0439888250714378,0.296552592069874,0.0234579594242488
0.5,0.25,0.576568740568741,0.522462175244879,0.0269397485919696,0.542589868813055,0.0466615331518354,0.531312736334265,0.0495980200502283,0.313765747961274,0.0240004498492181
0.5,0.25,0.599412107412107,0.513070249519344,0.0228470013812597,0.458540648429604,0.04644347783381,0.520426617292592,0.0543816552052208,0.290316582936868,0.0233201430113518
0.5,0.25,0.571110979110979,0.531331189233884,0.0256813852905707,0.623479875629855,0.0606767200827492,0.55406382720145,0.0579867903628339,0.301234002785391,0.025307768676839
0.5,0.25,0.58846098046098,0.503279196994457,0.0264754913327626,0.508492407891512,0.0428177501658849,0.519333481090857,0.0507613086213611,0.303614070491902,0.0263029592624799
0.5,0.25,0.570670086670087,0.528842434692568,0.0294063609502025,0.600532127745982,0.0642989523540498,0.540307304238357,0.0542318671668102,0.303168599755169,0.0279371404794832
0.5,0.25,0.590308046308046,0.513580797758134,0.0234828853068226,0.526372170110853,0.0478451391446848,0.480147509744804,0.046108810641099,0.30021875703045,0.0245893151050073
0.5,0.25,0.537654573654574,0.481099476490274,0.0227181485722038,0.474208488327534,0.047297827351468,0.478068138001688,0.051017668074933,0.256787184446835,0.0214481442434925
0.5,0.25,0.551401847401847,0.508163795873935,0.0261781083311121,0.475418533430762,0.0468085502335503,0.482410892143665,0.0520424760245548,0.267308265723535,0.0240836191646413
0.5,0.25,0.593230433230433,0.518908842088299,0.0257648881396454,0.491091178443721,0.0493490287334587,0.494665372331358,0.0475768856267572,0.29935637587996,0.0270432272602615
0.5,0.25,0.565988893988894,0.475768844962307,0.0233133289111298,0.496789719054244,0.0472090960367383,0.438504508707464,0.041200715178661,0.27012207185442,0.0240095480206295
0.5,0.25,0.606796194796195,0.497498337874729,0.0241054893740311,0.497142395752288,0.0395039743803309,0.471791954242593,0.0412317774592223,0.305016705917526,0.0219769109307675
0.5,0.25,0.624141624141624,0.520420276606238,0.0254128988674575,0.48334684657043,0.0398962301478033,0.485843686975037,0.0449541596957598,0.299495252393672,0.0260573898138591
0.5,0.25,0.585297729297729,0.53713267803271,0.0258085851332396,0.529459622372844,0.0553463939476277,0.5663042084247,0.0546219651787968,0.315768318314,0.025612692328003
0.5,0.25,0.552590100590101,0.518983818728744,0.0255042131844681,0.405647173057478,0.0444034161306744,0.594549028834467,0.0681753465615271,0.299651494018672,0.0249647505238518
0.5,0.25,0.622639054639055,0.492493610338607,0.0221449007952267,0.409606406116976,0.0396434919975807,0.465876415302736,0.0403351380605658,0.308259409759388,0.0246684716829218
0.5,0.25,0.603285591285591,0.483129037990532,0.0231524696697683,0.57151863693612,0.0636352193616475,0.438728368597235,0.0407157664249774,0.278897671442781,0.0256546624370811
0.5,0.25,0.574190866190866,0.486919682611272,0.0230975171813864,0.501909634362185,0.0473032221455884,0.450360275098875,0.0419868036226804,0.284955447201724,0.0237752251403597
0.5,0.25,0.573131337131337,0.558040864016721,0.0244032911873847,0.469457035885397,0.0432764277721442,0.650785602013397,0.0697330506968568,0.336888422737058,0.0255897742410369
0.5,0.25,0.618836418836419,0.501283990508958,0.0252265068271388,0.463408299442493,0.0486030176517609,0.459607709644381,0.0413041057868632,0.296187023546043,0.0242483359337533
0.5,0.25,0.597478833478833,0.510235388606014,0.0240996100616451,0.5982847640233,0.0555846565687303,0.467435642546391,0.0426507918474289,0.287318967956792,0.0253467492590196
0.5,0.25,0.625179133179133,0.491527505704202,0.0241389593850567,0.48103147760253,0.0500278848863051,0.510046031803203,0.0440400553679014,0.327384300823613,0.024650608976592
0.5,0.25,0.593100293100293,0.493579732620949,0.0251076280233145,0.440024373180318,0.0402903055491657,0.486647325438391,0.0507936565586358,0.280224637768343,0.0254086585752718
0.5,0.25,0.556485016485016,0.514300002509586,0.0250022330540999,0.486318565902773,0.0375778962750878,0.454197084787217,0.04378708722919,0.2869274761202,0.0234591495591897
0.5,0.25,0.631621747621748,0.526233715830564,0.0245881377023838,0.508240911757541,0.0503643389913346,0.601496553880764,0.0594313774620185,0.32476893491277,0.022573739919429
0.5,0.25,0.598479202479202,0.499719136143201,0.0221777647683454,0.557964856144049,0.0486981542532042,0.426749039822881,0.0375967801278236,0.292729999010737,0.0249446296330075
0.5,0.25,0.643666951666952,0.490062990694488,0.0239933678814124,0.438826723583175,0.0455615139662466,0.47386849205345,0.0377240616314867,0.318623251507362,0.0232214096724513
0.5,0.25,0.585071361071361,0.515197926443768,0.0232694250274837,0.459490558840077,0.0413994365852291,0.544487361594584,0.0506782651206575,0.316321693023062,0.0216414004378558
0.5,0.25,0.610348774348774,0.481287122277729,0.0243852545158971,0.448731954690003,0.0401882543950036,0.417010960134847,0.0389195969429279,0.269592360403318,0.0241331267026612
0.5,0.25,0.577347445347445,0.502387409389169,0.024993347140579,0.495135115808506,0.0519727607119636,0.424623019907294,0.0449637916179312,0.251137437292415,0.0247235518497437
0.5,0.25,0.580502896502896,0.496361734877159,0.0228971600164259,0.51272700796575,0.0457617219083491,0.485544675914171,0.0452115725480044,0.301040385493019,0.0244545242692801
0.5,0.25,0.627860775860776,0.515972815088883,0.023148656882264,0.475596652285566,0.0431217007607988,0.539421199391018,0.0447870209242607,0.343739023433502,0.0237543425249694
0.5,0.25,0.590453234453234,0.516879424933002,0.0235102501293656,0.53031229286534,0.0508243038710537,0.451108804019999,0.0410610044272494,0.294097811405476,0.0242671659976819
0.5,0.25,0.599390171390171,0.514390215827639,0.0205447607630516,0.493043582386108,0.0409432074379932,0.483869727495448,0.0439784416052511,0.298798961402582,0.0233339472604194
0.5,0.25,0.591886443886444,0.489459507846842,0.0249869186456339,0.49110288676102,0.046556125548413,0.529090085168335,0.0519557810187145,0.311891850967036,0.0267953521782649
0.5,0.25,0.586678810678811,0.484608470618067,0.0254995096995949,0.530742191862939,0.0534880623504893,0.421511954242791,0.0390816552351089,0.265548802556641,0.0235498588095382
0.5,0.25,0.60604161004161,0.493876245590281,0.0230787728469449,0.565521347059538,0.0476575537130281,0.592626117892842,0.0547051125628911,0.313790504714512,0.0241065170099414
0.5,0.25,0.60424972024972,0.547258933279598,0.026248436826068,0.596441561361491,0.0569411195261254,0.580406902049652,0.0511589248564141,0.349044316846438,0.0238326414428597
0.5,0.25,0.579133803133803,0.483243258708144,0.0251889795710292,0.414489124937045,0.043924824416498,0.474869021200869,0.0471983576812322,0.275758471653279,0.0259819552730949
0.5,0.25,0.609641313641314,0.471320620597596,0.021816172000105,0.560652047734922,0.0466506019926322,0.478357889227684,0.0412181950052516,0.293334280610158,0.0217843479107924
0.5,0.25,0.570816558816559,0.521758943116941,0.0238868712786935,0.495794336053895,0.0412281660132958,0.52246029817284,0.0502836816783725,0.296083404344219,0.0236029776595184
0.5,0.25,0.618419166419166,0.532064073646137,0.0253113873729366,0.478806429588723,0.0488737269952874,0.513312568429404,0.047167442133888,0.323838285662881,0.0259657904829675
0.5,0.25,0.559114567114567,0.529895679460794,0.0250478225895369,0.547977448940956,0.0465019197489132,0.549524444221196,0.0561646496886519,0.303348335661988,0.0236245156979739
0.5,0.25,0.591922671922672,0.52862938618315,0.0277654764984297,0.628753052951671,0.0500037098860333,0.48476341347289,0.0472949748529705,0.28997236305691,0.027966361483119
0.5,0.25,0.596499284499284,0.49067935929619,0.0227553757447634,0.503631645608624,0.0442204487328173,0.488508515643646,0.0488454473212386,0.287544876409574,0.0234673823584652
0.5,0.25,0.563882795882796,0.520459130345282,0.0233160292776668,0.617844449018553,0.0617516055575296,0.545389883782016,0.0526678819883851,0.309978534106028,0.0227670804010296
0.5,0.25,0.628021552021552,0.523996155599686,0.0244290118905815,0.466506421578579,0.0383276774189188,0.446364916252255,0.0443612307897871,0.284508443310348,0.0255973145654682
0.5,0.25,0.570241626241626,0.470818298150632,0.0214003049011696,0.489093548186678,0.0386012398196404,0.455019549938467,0.0470543333523805,0.258297185565612,0.0214828989775531
0.5,0.25,0.582851394851395,0.492274928199555,0.0238921676504523,0.49810482509029,0.0554863622235923,0.500866049777089,0.0513531169111975,0.293300244031358,0.022573466634731
0.5,0.25,0.602448686448686,0.480854822739838,0.0224609785044607,0.559019106287478,0.055500597597591,0.472634087330502,0.0439462022021857,0.290518709359332,0.0230305871289339
0.5,0.25,0.569453501453501,0.521571460069088,0.0247148257640951,0.44251003939945,0.0397589262396401,0.47204913749949,0.0501500336647461,0.274751900890369,0.0247346511857532
0.5,0.25,0.601006333006333,0.510364561009276,0.0244379301281395,0.542343439160035,0.0534869276836671,0.50152078209853,0.0466923897965894,0.315814522356554,0.0249004351484491
0.5,0.25,0.617234153234153,0.493436557842408,0.0234919272397362,0.479278971643229,0.0440622073378026,0.498784390832919,0.0471646831621047,0.309125431796215,0.0239199180630202
0.5,0.25,0.562984462984463,0.473665895572464,0.0218461137231049,0.527698855794028,0.0481413056169884,0.465641432677276,0.0492690617977666,0.253265367878316,0.0207627310077939
0.5,0.25,0.60243491043491,0.533637369975213,0.0267211667816912,0.590376124995419,0.0645718875412697,0.510811438610107,0.0494090003441404,0.302534843412779,0.0256041349989935
0.5,0.25,0.579750363750364,0.489716193280129,0.0225128726421104,0.518567789928732,0.0451876876634256,0.453909672663149,0.0421384271292989,0.277752934437438,0.0243644837715631
0.5,0.25,0.613026577026577,0.529147990883062,0.0253682329588095,0.487782862287811,0.0521081994476024,0.481777950185921,0.0416473198337382,0.321315817769657,0.0271697603569585
0.5,0.25,0.552557448557448,0.505552819389226,0.0224769254114606,0.533287592064541,0.0459660493977342,0.548778672918904,0.0589165706079651,0.283737611283649,0.022860993613035
0.5,0.25,0.545999381999382,0.51242535287071,0.0236250648958872,0.566627042883505,0.0545975898944473,0.501966954173871,0.0528844517790048,0.266576223476409,0.0237460579773053
0.5,0.25,0.566784554784555,0.488808383919763,0.0222221427421389,0.463087115373454,0.0374668757930501,0.503184180291829,0.0494119794047966,0.269127355938128,0.021792643731718
0.5,0.25,0.568449676449676,0.505328201798633,0.0231403587563994,0.513705009528993,0.0491819045732657,0.471052933528326,0.0465235289965326,0.269052998430229,0.0228450001682567
0.5,0.25,0.588548388548389,0.487992730519246,0.0227879842910132,0.533869719830019,0.0518319457755781,0.501129874051864,0.0500055510567879,0.288489665560435,0.0227690536644973
0.5,0.25,0.632008868008868,0.482259902908072,0.0256847800225106,0.501599525299777,0.0540316388712699,0.49686569231312,0.0437718861844965,0.306797233059097,0.0254372982461701
0.5,0.25,0.577314445314445,0.517281793145392,0.0246267153652744,0.523839716103565,0.0500495521961981,0.44989380115231,0.0416282811001267,0.292474280957188,0.0244031049943424
0.5,0.25,0.577111669111669,0.451902576984083,0.0213636258548966,0.390805105257868,0.0355892188861786,0.485913405271581,0.0491757153831238,0.262102236595348,0.0220973358202819
0.5,0.25,0.60632541032541,0.51511027633687,0.0238153547017763,0.490812480078716,0.0535201455042597,0.452107441141843,0.0436591739921595,0.281632614909432,0.024853361861766
0.5,0.25,0.5963219003219,0.476518032236495,0.0229094791959645,0.466869055004426,0.0459387879149641,0.472377412463778,0.0458965242621574,0.281592803562363,0.0239919417504778
0.5,0.25,0.619657063657064,0.520876042024928,0.0261557488198038,0.512603977995142,0.05197305794319,0.476436332587462,0.0409072374452207,0.326586884121218,0.0233049312057759
0.5,0.25,0.578084426084426,0.516979321814229,0.0247823475510795,0.541199833559218,0.0428081313254768,0.481074742239456,0.0447894303949043,0.31331242117667,0.0253228218468777
0.5,0.25,0.598321138321138,0.496104549682138,0.0240425009515859,0.555996601812986,0.0624233430388846,0.533228332032824,0.0574224724855998,0.300293560591314,0.0252250332825015
0.5,0.25,0.576580188580189,0.489287559464142,0.0257987462903755,0.51868720439821,0.0552942185570029,0.483556502365697,0.0482948807401182,0.282580354562197,0.026297110812654
0.5,0.25,0.604695388695389,0.508975124148994,0.0259590765266386,0.461403014916931,0.0466180043034116,0.501706753344202,0.0477134061434081,0.299180370539339,0.0262600271169123
0.5,0.25,0.646628926628927,0.529343131389703,0.025878214916943,0.444553337751986,0.0432371094632316,0.510632746991367,0.044161503751964,0.34277418677602,0.0255431567618837
0.5,0.25,0.569596325596326,0.54561361259024,0.0284270897176036,0.491338279056263,0.0578590854770853,0.528227534445491,0.0535346622491989,0.301094499260207,0.0262927270934061
0.5,0.25,0.614227826227826,0.535545533351636,0.0214199387557058,0.552381254735906,0.0425275015446942,0.610182543735371,0.054422996220248,0.35644627877784,0.024011908966799
0.5,0.25,0.608818484818485,0.55469226625713,0.025359414043504,0.540611136303676,0.0476070940273779,0.557770134735967,0.051303569356066,0.342425281181643,0.026429085815874
0.5,0.25,0.601995073995074,0.509773260864318,0.02386412448045,0.52864510624951,0.053033224662417,0.500082850803265,0.0429316636469141,0.307377235899508,0.023050827070821
0.5,0.25,0.560896172896173,0.498934365929697,0.0231471808166342,0.486211764497184,0.0423210453692047,0.540403023193948,0.0525343671119669,0.296720772464313,0.02266391680391
0.5,0.25,0.582779922779923,0.527658113388424,0.0270243639183284,0.436421688494053,0.0441892869287542,0.523801309238728,0.0523438746592432,0.311012789266539,0.0255834417005174
0.5,0.25,0.63359700959701,0.507570399385953,0.0221287812162943,0.474149302163436,0.0367607216883074,0.592778375806386,0.0544597651992242,0.329389736301933,0.0235247478442456
0.5,0.25,0.584629868629869,0.4939439276544,0.0234174172253954,0.498551666147577,0.0406908718677204,0.537300291636721,0.0514076164811887,0.302205325911168,0.0256448673784133
0.5,0.25,0.59797398997399,0.531435107982661,0.024962482451835,0.486715321959863,0.0449696751516766,0.532530979009932,0.0504740995849419,0.323746119062017,0.0257751517026437
0.5,0.25,0.616268848268848,0.500762763791329,0.026241598857806,0.528757057371895,0.044595381884918,0.526912724370242,0.0503910508033796,0.311243540299979,0.0255532987603024
0.5,0.25,0.587799167799168,0.534072233088615,0.0279558422841745,0.504785834452562,0.0457131819980345,0.470726266337967,0.0458324096260582,0.291533992969143,0.0264385430693126
0.5,0.25,0.564379248379248,0.525113295962932,0.0241913844880546,0.521832497495991,0.0581165636930138,0.541179420162639,0.0503164304944481,0.31247114151615,0.0232259386326726
0.5,0.25,0.599369987369987,0.534686991549152,0.0272039746136537,0.5874195575923,0.0558972871047395,0.616446487522627,0.0638645512169799,0.337619866527123,0.026927390489302
0.5,0.25,0.594681558681559,0.52066769648791,0.0249066048324859,0.542541128449093,0.0438257710968512,0.484485438643331,0.0443028041782738,0.306609426502408,0.0245967319500017
0.5,0.25,0.616896412896413,0.523859983252484,0.0244607882014118,0.565094969368856,0.0538399582326047,0.507955413126644,0.0467337007655868,0.31982325762034,0.0254192484049152
0.5,0.25,0.619441783441783,0.506061647002597,0.0295333178458756,0.575564254042315,0.0641772714295065,0.517152489350291,0.0500424210059901,0.312191665045467,0.0264046766394658
0.5,0.25,0.589452145452146,0.467210178993229,0.0222649784501435,0.438453526370709,0.0435844916874631,0.429012257857301,0.03915192468004,0.268468717958872,0.0225764459510126
0.5,0.25,0.574923346923347,0.502080401026844,0.0218239019349987,0.627262916845063,0.0640454270773169,0.491548174444437,0.0468493287947642,0.285394656199934,0.0213817787040634
0.5,0.25,0.563145659145659,0.476898391832935,0.0218463442084734,0.48545821872699,0.0377232711653043,0.450624167445949,0.0437310157357174,0.260918119121049,0.0225773933060002
0.5,0.25,0.611694023694024,0.477942260013719,0.024364184466096,0.428894561625526,0.0415815662248258,0.484520964931634,0.0462901263941865,0.296209388735395,0.0235914757878458
0.5,0.25,0.610040818040818,0.491169535432711,0.0246250874112885,0.585353132522776,0.0614026386477715,0.469577400152723,0.0454845353349941,0.292182962203038,0.0253987284204443
0.5,0.25,0.588097272097272,0.510254521255561,0.0250558609265844,0.564987352729842,0.0556714831738262,0.558887835887918,0.0597849739818257,0.298960624085092,0.0251969715523632
0.5,0.25,0.572516672516672,0.481012202814376,0.019755647248418,0.502213147006074,0.0400891331373089,0.440942655617897,0.0468181637238996,0.249263167967799,0.0219655574872054
0.5,0.25,0.580671460671461,0.490716245729617,0.02292327894759,0.473023690682798,0.0383689104865176,0.452522702978033,0.0458367739771852,0.262968882873798,0.0214053721557375
0.5,0.25,0.599026739026739,0.557307176116142,0.0266603594653625,0.632042037260261,0.0451549411982696,0.532398357846718,0.0482466549762105,0.319167751352978,0.026870279187441
0.5,0.25,0.583093867093867,0.49312713011835,0.0230205099854723,0.526502927833717,0.0572296407016644,0.472894616058002,0.0430121474073563,0.292293950374687,0.0224658901887546
0.5,0.25,0.591532815532816,0.47822287514278,0.0227933700532008,0.415687921751703,0.0380027803948565,0.607478956444919,0.0643891976071618,0.31213997490826,0.0235995612835323
0.5,0.25,0.619670911670912,0.529822042565454,0.0243041595848831,0.552262529609284,0.0631507570217394,0.531622494709626,0.048066676325088,0.341091890716719,0.0265169205163604
0.5,0.25,0.600520284520284,0.490842261152208,0.0214414208656504,0.498728877143459,0.0464322864727635,0.481620132057545,0.0451935191554072,0.296924494475886,0.0238405551565471
0.5,0.25,0.586511230511231,0.492473416961772,0.0217531327277711,0.468261379497732,0.0407635206307456,0.415573363198658,0.0388536510360116,0.265626506039383,0.0220139155310549
0.5,0.25,0.603185655185655,0.481525459008855,0.0282198245181875,0.424942954113129,0.0421260684776098,0.531546905752598,0.0559679577697101,0.305934206344205,0.0256234185281217
0.5,0.25,0.615048123048123,0.54189474197134,0.0227213709234863,0.636157341510462,0.0573269043510558,0.550495585842379,0.0483665830986533,0.353825309348778,0.0245811573723545
0.5,0.25,0.598352518352518,0.445981712981181,0.0211602480751815,0.433157519227728,0.0403257231327659,0.449023814578722,0.0423011206485075,0.272159227015933,0.0223887990207422
0.5,0.25,0.559001515001515,0.500448640106968,0.0243560696057047,0.401855927863724,0.0368486908146046,0.567442464990476,0.0583008113731477,0.3117666755015,0.0255810883068173
0.5,0.25,0.558730770730771,0.490399947819919,0.0230311623715786,0.488825284906728,0.0446137935467846,0.571617119231722,0.0652771811464812,0.288553587744405,0.023577743900731
0.5,0.25,0.593184653184653,0.490089859319193,0.025755285763926,0.503728030071517,0.0514115509822185,0.473703899179709,0.0444049812581438,0.285474183410172,0.0241444740332178
0.5,0.25,0.621719397719398,0.490895725698439,0.0220337735651287,0.459361393500142,0.0431865925816188,0.511617870292605,0.0483546955261815,0.299071627886619,0.024162157438317
0.5,0.25,0.616146136146136,0.498827479265387,0.0232340420097118,0.447370758752737,0.0390804816943257,0.494093789521861,0.0423855302414926,0.310372347829166,0.0239949510358779
0.5,0.25,0.657201057201057,0.471356429089632,0.0218039186968334,0.563937022496068,0.0459556353007816,0.499354957621251,0.0416515115092617,0.314827136246837,0.0222708912589975
0.5,0.25,0.625080613080613,0.483570836064985,0.0232603894544282,0.392808993094128,0.0383076810865766,0.525445892383492,0.0506178073264249,0.309638902442937,0.0231551677035745
0.5,0.25,0.595100839100839,0.496258944112815,0.0253050735912621,0.537388758674101,0.0598052680359218,0.479074257583167,0.0472791785001735,0.285783591258124,0.0245626222629012
0.5,0.25,0.558570966570966,0.470309335386777,0.0246678549532924,0.507518073319361,0.047988932897239,0.496039723236098,0.0487977675361621,0.282832622552197,0.0228027124471578
0.5,0.25,0.591888987888988,0.509937126060631,0.0259244612993923,0.449499886991361,0.0444025382908841,0.527439358212195,0.0569509189841475,0.284450874145784,0.0247382211246586
0.5,0.25,0.635235731235731,0.527017312424143,0.0239096171978548,0.483930703231087,0.0453688875427242,0.520745962371269,0.0442731414443782,0.332837066677903,0.0251992272696749
0.5,0.25,0.627879711879712,0.454101011618748,0.0251879606551537,0.422130395230713,0.0421899952080689,0.431643769308792,0.0400339537952772,0.271327302334561,0.0229863904407833
0.5,0.25,0.571980103980104,0.450777652439278,0.021789133990704,0.488224250119281,0.0468919507914311,0.511505300786733,0.0518121843731297,0.2798314068613,0.0229247024833199
0.5,0.25,0.619076551076551,0.482901632905867,0.0234033997329814,0.566518906789405,0.0652231264567791,0.434379463008212,0.0395713590957605,0.271781742212352,0.0220218504767821
0.5,0.25,0.592614844614845,0.488778843144822,0.0235376078945934,0.474302832223982,0.0442576880891016,0.466572618475431,0.0429345011468106,0.270420654648993,0.0234881692197126
0.5,0.25,0.603862551862552,0.527935096379497,0.0278974163409191,0.55669449013036,0.0545322224471494,0.575672825134567,0.0547351095541287,0.333990125647122,0.0269761782437897
0.5,0.25,0.577384237384237,0.516829356979315,0.0263688341415563,0.517548095922784,0.0491280372689428,0.497926839281283,0.049922305613448,0.28267587935299,0.0281034497077646
0.5,0.25,0.593711957711958,0.514488652015767,0.0252413390379952,0.465508380425673,0.0410983822157445,0.505870587250616,0.0432825929629341,0.332201963927546,0.0247443679138368
0.5,0.25,0.595510303510303,0.520189838503834,0.0272426007934038,0.518167717378995,0.0514152881321372,0.561832537670256,0.0575468499554391,0.303858700308624,0.0281215724944397
0.5,0.25,0.626795210795211,0.513780370103992,0.0253605886185348,0.529854545695127,0.0499860198941169,0.556965372958675,0.0506764888227186,0.330809977301518,0.0240129207658424
0.5,0.25,0.594197046197046,0.508900290660193,0.0230549506943817,0.47267007332913,0.0454198070908943,0.520294799606735,0.0483955609275379,0.314090858926744,0.0243198041889211
0.5,0.25,0.626754086754087,0.468410203783706,0.0214397000762888,0.55009970628487,0.0531665496224482,0.45507907710381,0.0409296748786355,0.283522026655193,0.0217642622736012
0.5,0.25,0.564744432744433,0.500544475054808,0.0234576704323854,0.434330530857242,0.0451336865088143,0.538781991259763,0.0607898280680354,0.279281953233223,0.0248987188929623
0.5,0.25,0.573290301290301,0.481252826069257,0.021382456308923,0.482830314782486,0.0488856870833358,0.458142170405679,0.0432411637677699,0.271796464421293,0.0204933110147929
0.5,0.25,0.623219423219423,0.478569133347982,0.0222978994134122,0.521017368713174,0.058718564730011,0.462999768260044,0.041783097202005,0.284047658970471,0.0222110265947718
0.5,0.25,0.587691803691804,0.515550478284734,0.0256484556822901,0.592169344178507,0.0594806039074294,0.534696053744804,0.053727519165834,0.309556355781459,0.0258736391820035
0.5,0.25,0.556999324999325,0.51088237796812,0.0234507361437847,0.457000837397145,0.0476464299336362,0.488385874363937,0.045673849169026,0.302031172678571,0.0224467566665706
0.5,0.25,0.58159898959899,0.513115328171563,0.0251711750112167,0.552799369564815,0.0624911949850538,0.529723442201682,0.0533481803150755,0.305071609373688,0.0264048508782989
0.5,0.25,0.60961842961843,0.461722364531236,0.0211885492938794,0.529302908685283,0.0413241801071756,0.480064823129218,0.0412966859566212,0.290963935370407,0.0222529208838197
0.5,0.25,0.598715338715339,0.496411380123822,0.0237565099911872,0.483433102065213,0.0408958965856785,0.482117223245814,0.043370547586963,0.306055418586962,0.02550899548175
0.5,0.25,0.58606975006975,0.479660281530641,0.0224230703733933,0.429638262181192,0.0410154428618625,0.537286446373777,0.0583763465452259,0.27505093129457,0.0228738322014642
0.5,0.25,0.60373425973426,0.506537288299876,0.0252303706050425,0.572790950588859,0.0487593258214903,0.476467278218533,0.0430722189644556,0.303645771007532,0.0273698744096416
0.5,0.25,0.557177333177333,0.554279398957016,0.0263408358426781,0.610004462565594,0.0539869659630968,0.489229492943365,0.0468048809397133,0.292848342355926,0.0264095346161266
0.5,0.25,0.609965061965062,0.490037853997065,0.0232141029926333,0.535129374309832,0.0448958719159335,0.470305027952569,0.0406279677963264,0.311246758580664,0.0242552557209111
0.5,0.25,0.614705678705679,0.487902273989334,0.0212695282776759,0.481859277759285,0.0406358711352503,0.471662371705909,0.041220124534275,0.296463122300332,0.0232459735199316
0.5,0.25,0.586221502221502,0.466328942142722,0.0227458914978165,0.426429323719418,0.0350186034402861,0.484720786368794,0.0435000208814093,0.306661048599928,0.0225853209309258
0.5,0.25,0.576401904401904,0.488188457472824,0.0257911323999399,0.596485510421128,0.0692052772582003,0.47751782895036,0.0456977546521396,0.288050077101461,0.0257762497241172
0.5,0.25,0.602941190941191,0.529995095682054,0.0250023833861592,0.465832075775521,0.0459191212463153,0.530604533126898,0.0490631554693147,0.323830200436552,0.0277843072423343
0.5,0.25,0.579017523017523,0.514705985415758,0.0227986947009725,0.488408923582516,0.046457390619742,0.574647740707238,0.0664268952759283,0.278540831228676,0.0235418746363614
0.5,0.25,0.619523215523216,0.459364008251298,0.0210354471752068,0.495684012921106,0.0491893689700723,0.465181945071477,0.0396133096204448,0.295503850645069,0.0206120665560766
0.5,0.25,0.623775371775372,0.482188244980434,0.0225020358785618,0.534583708825618,0.0555090505624664,0.532983659370255,0.0497707524393564,0.311904653388951,0.0225971006076969
0.5,0.25,0.59021531021531,0.525008240826265,0.0232817777485825,0.575451512522161,0.0468989493046543,0.437942175851533,0.0418179552887042,0.288602234853567,0.0247711250941406
0.5,0.25,0.598153066153066,0.48158432647302,0.0221151067133349,0.47790454618018,0.0430499680994139,0.466916948072583,0.0450476422803483,0.280937854782464,0.0226503573882438
0.5,0.25,0.639317667317667,0.510029315061726,0.0259399149206121,0.506450978521124,0.0549657426037594,0.460337443875849,0.0391629862222211,0.311103436385762,0.0249559834715845
0.5,0.25,0.560598728598729,0.509750511340256,0.0250561585963339,0.56249235102436,0.0524169629561982,0.483238817240828,0.0458606438487362,0.285806504731084,0.0236637203235914
0.5,0.25,0.588800028800029,0.523669424332567,0.0276905330636434,0.581914415566189,0.0668579578811291,0.507220967462924,0.0520328103439057,0.30041175358304,0.0253338341942765
0.5,0.25,0.627741795741796,0.480851564265148,0.0216642125278232,0.423153142510693,0.0408013890645479,0.545623303448659,0.0518742288032192,0.311359108520101,0.023090329571518
0.5,0.25,0.60433726033726,0.497086358623032,0.0247080780382311,0.498129060345751,0.0484889365440338,0.622308988302402,0.0660995942893998,0.327410780546527,0.0239454580178696
0.5,0.25,0.57449185049185,0.484488131887773,0.0252380510787294,0.475599370490824,0.0449203156101045,0.480870476531145,0.0459045909485224,0.300841861801105,0.02278304849478
0.5,0.25,0.607760371760372,0.511428096408155,0.022836708252785,0.444341726771381,0.0347390004983699,0.534375235580333,0.0453231053449824,0.345160488863789,0.0244480977845587
0.5,0.25,0.621280437280437,0.535748769406314,0.0262248888363808,0.531852418831919,0.0481788263098179,0.528444158014892,0.0448574329387012,0.343790398433831,0.0262379431649782
0.5,0.25,0.577860661860662,0.516215233378862,0.0235504955625193,0.496503453721147,0.0515304208069712,0.438925269718282,0.0453544922044297,0.279921979738985,0.0253134983102266
0.5,0.25,0.617192441192441,0.490565977121239,0.0221507858082204,0.411481270305573,0.0375099231679937,0.503246694207412,0.0477744610428825,0.305732410417684,0.0228751743805656
0.5,0.25,0.610518526518527,0.510089799127018,0.0256097529946716,0.568740464057008,0.0477915181614766,0.505221160492156,0.0430108308429005,0.321568330102888,0.0251225783634419
0.5,0.25,0.586733062733063,0.511222056759104,0.0259029179380861,0.57887597868655,0.0518114770874157,0.509565209145727,0.0470451995800022,0.314228894592011,0.0256202678271469
0.5,0.25,0.602216474216474,0.471173247309495,0.0220249404383321,0.545968448570301,0.0480501079105562,0.48813058413025,0.0447712764496267,0.280258445911441,0.0244881890732389
0.5,0.25,0.583183579183579,0.517007288783237,0.0263377571631841,0.566115318712859,0.069119164379706,0.53198806393903,0.0523994976681453,0.312873740737058,0.0243166360351159
0.5,0.25,0.618296598296598,0.516996447678118,0.0230287034748492,0.44438461123846,0.0413179465588008,0.563202289763353,0.0549137329453736,0.312706825320834,0.0253322659754291
0.5,0.25,0.563546267546268,0.524558991824254,0.0265162477885229,0.502535222109008,0.0506574688329326,0.513511202209053,0.0538944421291752,0.287356137990786,0.0268205617514295
0.5,0.25,0.592199632199632,0.53020689810776,0.0255322130891931,0.540222578711167,0.0501370443965202,0.585274733121601,0.0609300976728265,0.314319623700478,0.0256460412177711
0.5,0.25,0.570985962985963,0.521761270832316,0.0230424257994322,0.54717693188283,0.0473815343986257,0.49094269248892,0.0474895507182661,0.299177122663038,0.0264957454522008
0.5,0.25,0.603311967311967,0.516009295767087,0.0231868303782311,0.542866594993233,0.0515487196004217,0.54249024998162,0.0527177994022424,0.318887734153383,0.0244020407165343
0.5,0.25,0.626550662550662,0.552043161915652,0.02612608492028,0.523834071673828,0.0439434777751027,0.612488871406529,0.0605176870284294,0.351234639821564,0.0289795877198058
0.5,0.25,0.580790272790273,0.470919060863488,0.0228644417467404,0.49289269334741,0.0545730281887461,0.480232962367569,0.0471035272333222,0.273270419083192,0.0211537845755049
0.5,0.25,0.570696762696763,0.487510091890173,0.0247226765381309,0.433817053468427,0.0428925080101595,0.491654379726384,0.0482524806116889,0.283072339028852,0.0239290123367182
0.5,0.25,0.602048138048138,0.480431609682558,0.0222933509245417,0.574917088874555,0.0445881484513036,0.484936750800015,0.0449044719785328,0.283851843354062,0.0247333674247129
0.5,0.25,0.582138942138942,0.486605891427216,0.0243020519912089,0.484566941914672,0.0529903451514991,0.496221613623236,0.0492497069316681,0.285823139990687,0.02311630929933
0.5,0.25,0.587114027114027,0.474090450191501,0.0241870299810509,0.526499468058749,0.0536510469889138,0.452720376820961,0.0417348047211448,0.285289756355786,0.023548530996789
0.5,0.25,0.596384168384168,0.481331568741657,0.0245711671861482,0.428610217585154,0.0389369636797906,0.566463988782477,0.0589122283636552,0.300997117841649,0.0234893421629763
0.5,0.25,0.567676635676636,0.511301965813931,0.0240194981004597,0.543548245262715,0.0526143041625224,0.481053786859242,0.0428805690300486,0.29861367887035,0.0261366337902256
0.5,0.25,0.599078363078363,0.532000059458956,0.0254612855821452,0.470361600279991,0.04496383404852,0.568926430971599,0.053053177008672,0.330518490281163,0.0264085064571543
0.5,0.25,0.565151437151437,0.519483384897379,0.0247334257897851,0.485844499056801,0.0406764703872037,0.558888305739713,0.0597116008037005,0.295819700920474,0.0264948260486378
0.5,0.25,0.598878226878227,0.477911186016804,0.0235458243612278,0.435521118737992,0.0468803995927388,0.483591507196211,0.0462607992030606,0.286876848350951,0.0220928637294557
0.5,0.25,0.600975192975193,0.500824566862757,0.0228184018125598,0.462849394611078,0.0435734922468003,0.502622558292977,0.0488696219927378,0.294508415461331,0.0234055061993419
0.5,0.25,0.605652113652114,0.551697695531417,0.0258594442847764,0.541840375553469,0.0496552903360791,0.558136127115458,0.048905335726981,0.361222904564315,0.0286007733410723
0.5,0.25,0.564036468036468,0.485606291587381,0.0235318281492567,0.524015358084968,0.0469549722613966,0.526261311408347,0.0572556704477427,0.286778469008061,0.0247556899416979
0.5,0.25,0.593951417951418,0.553250378860577,0.0265219115547999,0.588490015913098,0.0607465439807171,0.508353793107138,0.0467468218726815,0.325867511973008,0.0273937946144554
0.5,0.25,0.626797190797191,0.544825519777737,0.0281722999697441,0.554384773511789,0.0512013895125309,0.542822867572482,0.0524678608380471,0.331005367884783,0.0269472304002633
0.5,0.25,0.573052077052077,0.455723602717205,0.022389361127511,0.502328421265006,0.0569567103244163,0.444493402785659,0.0472223253504995,0.252022698576657,0.0218644236948029
0.5,0.25,0.623485715485716,0.502389713736879,0.0254877913785831,0.481582592051275,0.0420350078517146,0.476401341162848,0.0409870972294956,0.324377048825384,0.025420305893091
0.5,0.25,0.578856218856219,0.524710537242318,0.021936089405992,0.518091507302166,0.052852330757354,0.604246163008339,0.0624554445609659,0.306451135769034,0.0231010061511577
0.5,0.25,0.588481788481789,0.466719050326294,0.0230753866599602,0.460401633556385,0.0455625453144832,0.438034808462183,0.0449119112518963,0.250633475589296,0.023025881937623
0.5,0.25,0.591462771462771,0.498724564608582,0.0236440485832602,0.447062652901391,0.0428308700566069,0.497830047881686,0.0482230230717041,0.285448458862869,0.0247593473371439
0.5,0.25,0.578226182226182,0.467667834916422,0.0248725063290924,0.552590808773763,0.052638310472003,0.491415850749857,0.0488014506358001,0.283413222530583,0.0250180902443441
0.5,0.25,0.619385035385035,0.496567015506276,0.0246265508248119,0.456183119439832,0.0422408845568693,0.564331738463421,0.0613631065076159,0.307075061150505,0.0236684825298056
0.5,0.25,0.604549084549085,0.497398211204473,0.0238164794837201,0.427015619901605,0.0401889872440425,0.503394258234915,0.0491403432151514,0.313688812056461,0.0230116838098368
0.5,0.25,0.588857340857341,0.483850385081765,0.0241410795743528,0.543520414964295,0.0560831631083513,0.481667862202731,0.0453778360912377,0.296507870999774,0.0260737799042023
0.5,0.25,0.559072207072207,0.510549541639571,0.0237403990445349,0.555913398642215,0.061740485301041,0.560792855053845,0.0627949517960872,0.283359040289557,0.0238199899825048
0.5,0.25,0.631666327666328,0.51320930881697,0.0263832293859723,0.510468585434841,0.0538529305687655,0.544252098347376,0.0480800429870818,0.32759042192057,0.027156626236189
0.5,0.25,0.580763512763513,0.519749937861797,0.0239985407499934,0.490896523444734,0.0491186999076904,0.459692039964726,0.047057566095712,0.296921242874792,0.0260284550905131
0.5,0.25,0.623141723141723,0.505249541185386,0.024144109401031,0.447958043407526,0.0412000313685382,0.493263787107273,0.0488574571697551,0.291548828897794,0.0235168044735668
0.5,0.25,0.586419994419994,0.483585785407609,0.0198924760340388,0.601348900113205,0.0599176126506984,0.443457707828784,0.0369109069065031,0.306127845277157,0.0248520310283724
0.5,0.25,0.592970416970417,0.511716483310276,0.0269072646803138,0.529048416053755,0.0533914308289383,0.552472401717244,0.0514257634972781,0.314280323946976,0.0278400660066708
0.5,0.25,0.621908457908458,0.482583122186098,0.0224521175765732,0.477024736220032,0.0394431725108288,0.501318807200304,0.0419806673619785,0.326539013656394,0.0232769584244157
0.5,0.25,0.592884244884245,0.479975383959541,0.0229597614837339,0.517418024787031,0.067084035527457,0.513902130592256,0.0507470403826769,0.285131619677632,0.0229496247423232
0.5,0.25,0.622053574053574,0.454090101677252,0.0226140558586388,0.43874482302287,0.040899512354187,0.421879715860674,0.0377526554130253,0.272887631535685,0.0225294525477059
0.5,0.25,0.60835448035448,0.499044425868817,0.0242006147987423,0.439211543690517,0.037686722015992,0.488294812577003,0.0443103819822805,0.297051947574772,0.0245442804837682
0.5,0.25,0.596871368871369,0.46706853166392,0.022359218334107,0.509269026053901,0.0514135140330041,0.50447651380927,0.0468908524285164,0.297194729007934,0.0225988769526514
0.5,0.25,0.57989517989518,0.508440446355644,0.0247797159058379,0.464102935059801,0.0456598307635331,0.507123558638311,0.0474330773783768,0.308820137411398,0.0267278275167295
0.5,0.25,0.590971238971239,0.457336094248053,0.0238807127218314,0.472370427900786,0.03942689268873,0.484624549307696,0.0470340066622676,0.284475864696826,0.0234948119751066
0.5,0.25,0.60799207999208,0.480664768824226,0.0233045595900813,0.476436279511343,0.0494656962745123,0.477746365650863,0.0493137296003496,0.284900180074797,0.025955178041739
0.5,0.25,0.583663711663712,0.498745800863795,0.0242744596115895,0.466364861063664,0.0383243785184293,0.50200788058004,0.0474217912598153,0.301205982385333,0.0243896607343473
0.5,0.25,0.634054438054438,0.554184748965137,0.0268597156517516,0.685970174621548,0.0634406126652962,0.567055788709109,0.045114172834343,0.366139098804799,0.0277582289845438
0.5,0.25,0.629787005787006,0.492866075597453,0.0263181124155552,0.45370231506628,0.0441677737618339,0.516774073703894,0.0433146689814952,0.331517407259675,0.0240967840464207
0.5,0.25,0.582127422127422,0.479667662386471,0.0233086754195561,0.541844206256428,0.0490735294256414,0.468100235994349,0.0440407907904747,0.29228343357141,0.0237291660681177
0.5,0.25,0.566206058206058,0.46662022557856,0.0250864124041115,0.444535140827518,0.0420866374245285,0.461587497080033,0.0529344893157959,0.247900800792065,0.0235916938837136
0.5,0.25,0.596121968121968,0.537429520445797,0.0258715768910194,0.524162396927726,0.0447062617754967,0.5085329173437,0.0491110528020597,0.312257494919038,0.0257219165424615
0.5,0.25,0.59050853050853,0.505237228498013,0.0235385859481452,0.513104725571196,0.0420049282697235,0.453206542532787,0.0395632189308299,0.284472150781257,0.0256611183219759
0.5,0.25,0.590307866307866,0.510602700830852,0.0267829022753306,0.497810064614156,0.0557508343621799,0.526195841372676,0.048793928857623,0.316086480395435,0.0252657791088663
0.5,0.25,0.59948921948922,0.481538480277862,0.0229019382950551,0.531444679329181,0.0520836104616378,0.547222936199728,0.0477561726276996,0.316699347971408,0.0213540288993293
0.5,0.25,0.618343698343698,0.49560699309616,0.0241442191513937,0.567428207447405,0.0607168351960383,0.495214191156072,0.0452353882716938,0.313426782065045,0.0255435024083303
0.5,0.25,0.626699450699451,0.483619913601349,0.0246025229051629,0.473631159342097,0.0411779355505006,0.450296378831395,0.0403565791245085,0.297187287701385,0.0243369382164855
0.5,0.25,0.619708723708724,0.506037548915719,0.0233840765112783,0.586927570329196,0.0477993676730082,0.447046352597472,0.0398664574715331,0.285920109401686,0.0229378547587678
0.5,0.25,0.614797802797803,0.503323747884697,0.0229063205215412,0.499302832909895,0.0443718772204308,0.480975301295649,0.0417481699981468,0.30434598381665,0.0258415023167083
0.5,0.25,0.543500967500968,0.523183209650295,0.0259786007173581,0.646596361911295,0.0627474335522462,0.602928985710396,0.0607366298822889,0.320754448482428,0.0266082876642461
0.5,0.25,0.619673743673744,0.499450154571478,0.0247683794577763,0.470692596503854,0.0470302070722305,0.488113187001739,0.0436530745334521,0.306119891980688,0.0235234630787904
0.5,0.25,0.583141027141027,0.490002935637356,0.0232229222479278,0.481328360092751,0.0521417771605964,0.610008523187259,0.0703674408467571,0.311671523679247,0.0251948389873355
0.5,0.25,0.593437637437637,0.51808760200693,0.0249583979628117,0.441699747196643,0.0419971106711101,0.549552863063653,0.0547693598332811,0.327995292065356,0.0248377779991579
0.5,0.25,0.597302589302589,0.492342057110161,0.0242101606393533,0.548354133010468,0.0491601380733444,0.482610944255348,0.044863623624469,0.290355316399255,0.0236156618960433
0.5,0.25,0.5598583998584,0.472469016921138,0.0227620902068753,0.471034432793377,0.0570002888610972,0.551820658706631,0.0599021781475065,0.273561981568731,0.023105587279217
0.5,0.25,0.599605463605464,0.481827751811629,0.0223663754283008,0.424972943041004,0.0381997090897037,0.456813517546364,0.0402413282382476,0.29308730125972,0.0244958560228039
0.5,0.25,0.59781528981529,0.497836329028892,0.0240680463064274,0.46900830046242,0.0449578841585999,0.478757905911011,0.0453737103173937,0.296937727206381,0.0250354565678098
0.5,0.25,0.587541515541516,0.495724319243769,0.0223194787725358,0.539303550697248,0.0600002550481527,0.499752859360119,0.0454231552700573,0.299250471331611,0.0232854576434341
0.5,0.25,0.588845364845365,0.507280351401805,0.0257182224177773,0.525822839049705,0.0488506281286732,0.497389154155597,0.0473521506649847,0.300301345445858,0.0251081927835923
0.5,0.25,0.543733095733096,0.510542946762713,0.0238281036107292,0.510411947579144,0.0465115571419792,0.609183371385844,0.0675224751683818,0.297534546784735,0.0232374143605615
0.5,0.25,0.594359346359346,0.502666129461287,0.0230515521503241,0.513148467103088,0.0463553119589023,0.461976773639924,0.0425567413939106,0.28089259996207,0.0239863226795351
0.5,0.25,0.584123684123684,0.490625094143682,0.0212342647178928,0.502588052104945,0.0461086732552917,0.477942223710823,0.0460378943795473,0.286765856221429,0.023016780626525
0.5,0.25,0.582663414663415,0.484485611799797,0.0221122077669886,0.418032472410841,0.0387905669688282,0.468472538360681,0.0466733900905771,0.264664682264497,0.024467005001441
0.5,0.25,0.581515277515278,0.491278263106645,0.0217142628299052,0.488408874254856,0.0407338571708451,0.496001505012275,0.0538091951557143,0.268327713309458,0.023168455681571
0.5,0.25,0.575241671241671,0.51587247992555,0.025007443954734,0.510670919360118,0.0469308011802408,0.521382456321562,0.0517478574138181,0.296804171773153,0.0263650747518835
0.5,0.25,0.56427948027948,0.491597322919733,0.0212011691215558,0.408066585204209,0.0394199618282509,0.625291296244346,0.073107230855481,0.280921572829164,0.0245740015582177
0.5,0.25,0.597805977805978,0.538393740355899,0.0252269976543135,0.590576962603431,0.0589260644595069,0.558752187809462,0.0545088362551906,0.32824519150828,0.0263240516174704
0.5,0.25,0.59625248025248,0.519993210102546,0.0254328207304737,0.451140959268569,0.0589700791327366,0.44690521921363,0.0460645431410776,0.276705534297721,0.025372577833492
0.5,0.25,0.588014136014136,0.482517151497237,0.024052191856935,0.460094541557674,0.0463538051338892,0.546407848854013,0.0550009865648827,0.294918806497895,0.0230539410011908
0.5,0.25,0.593768537768538,0.511735632024994,0.0238940766810722,0.481129223903372,0.0439007727199898,0.455736310615163,0.0402554602982881,0.313479251461324,0.0250313971295339
0.5,0.25,0.58994926994927,0.479450205795322,0.0238747741449732,0.498249266840394,0.0582569356353064,0.428358310330852,0.0456341663152032,0.249463150890173,0.0231019717106948
0.5,0.25,0.551240123240123,0.542576771226426,0.0250652486326085,0.581442922948595,0.05969700442067,0.572101919642004,0.0596906007187709,0.318816041393729,0.025542481941198
0.5,0.25,0.610585702585703,0.523871077809097,0.0235836403543898,0.480698271708866,0.0529922265352308,0.479863729630012,0.045969124780296,0.310942501634966,0.0271063829853782
0.5,0.25,0.553134985134985,0.488106143130396,0.0253268006108489,0.440354897009751,0.0428549793645562,0.466799298439071,0.049231864616504,0.271796772728215,0.0234972627717488
0.5,0.25,0.627293679293679,0.530383299317488,0.0225973897469678,0.5903825119056,0.0406479018289429,0.507333884007446,0.0428331426084018,0.329227269947172,0.0240887249979869
0.5,0.25,0.588608712608713,0.503294238592078,0.0232528923994246,0.473935455354077,0.053076537438623,0.457425489171862,0.0398181339275406,0.303630057734431,0.0230114781078274
0.5,0.25,0.611367515367515,0.477865496242838,0.0235313022835483,0.525612429554887,0.0477297037319703,0.446826980374735,0.0393176543681839,0.290344619478781,0.0244124649558639
0.5,0.25,0.541478905478905,0.453471380957036,0.0201875118485798,0.540422768691139,0.0514951511415763,0.452717472986395,0.0497018359756457,0.23538083352738,0.0212718632227385
0.5,0.25,0.602803574803575,0.456102119736637,0.0214523104279634,0.473033673755805,0.0449941975213889,0.45396648219079,0.0374911797391917,0.300894437858095,0.0205652039248116
0.5,0.25,0.625431541431541,0.490908413103803,0.0257078320865827,0.543756956413461,0.0564333501248881,0.508151694391215,0.0431973060695471,0.325466858486109,0.0262346588428757
0.5,0.25,0.605008829008829,0.550522870817292,0.0253466912472868,0.49357900108896,0.0465693883969038,0.59663701282498,0.0573271666882402,0.342941356760548,0.0252994586329802
0.5,0.25,0.61426949026949,0.475866584891201,0.0229872869507526,0.450896264180206,0.0457064922028589,0.485835877470664,0.0435742157218211,0.304693018152895,0.0217428245018693
0.5,0.25,0.542669414669415,0.511448550982651,0.0237236805281379,0.460956098454782,0.0433966871631343,0.485538717159113,0.0502732691627036,0.264405271213715,0.0235965326793405
0.5,0.25,0.582954402954403,0.488116290733756,0.0237472656406971,0.59913270862915,0.0549185121580408,0.469058041088717,0.0485801723452162,0.276485730858507,0.0250323529816475
0.5,0.25,0.596211848211848,0.475881071744675,0.0249485505245332,0.41122904222971,0.0597821952104905,0.494885641921619,0.055296850496221,0.278967937134642,0.0251600460194982
0.5,0.25,0.604575952575953,0.455600416834595,0.0215886217664143,0.460233902246207,0.0451087359103052,0.410003908700525,0.0386290712650625,0.266775870881259,0.0221588503891433
0.5,0.25,0.582192222192222,0.521337371340043,0.0235111649281453,0.424077366257919,0.0406656523545414,0.499330020508538,0.0479426917725646,0.305558305725091,0.023827422593915
0.5,0.25,0.54962106962107,0.50924256276986,0.0239024907446439,0.541134662519948,0.0464485635258122,0.527282279028115,0.0577963556015184,0.280926667026219,0.0239263540417569
0.5,0.25,0.622149274149274,0.51598346164201,0.0293024699938779,0.567026657295148,0.0517181067984193,0.523947502539148,0.0475943889304335,0.327551148198844,0.0293164876232319
0.5,0.25,0.633514665514666,0.508288176697823,0.0261153654923205,0.487958195513178,0.0479101596896872,0.437636274429912,0.0431569064171869,0.275477420437436,0.0259473862702542
0.5,0.25,0.554168246168246,0.496382486771768,0.0250955004540428,0.576273596378908,0.0632628606990225,0.471227619726521,0.0507477486513609,0.272660653081595,0.0243077277680436
0.5,0.25,0.584164172164172,0.509308607655762,0.0220832900029245,0.509173388178558,0.0539031975610724,0.524510065319875,0.0540120111338169,0.294211298253163,0.0250727044522737
0.5,0.25,0.594678630678631,0.534977438028724,0.0244807457825859,0.571365617370389,0.0519464395232802,0.572074236861767,0.0557973938396891,0.329723241500433,0.025328294187658
0.5,0.25,0.598676638676639,0.477458341620016,0.0214650681065229,0.430869561088006,0.0331480651272851,0.499332159909624,0.044147104154807,0.305809699309052,0.0227785328468098
0.5,0.25,0.59634062034062,0.487810821011443,0.0240048535800613,0.504577012723053,0.0508272505258105,0.437191196299705,0.0412313810393152,0.281931596713879,0.0239906227038084
0.5,0.25,0.613689433689434,0.527028181007045,0.0259969693519208,0.446389396220862,0.0395138070477246,0.512918020019191,0.0453470079722762,0.329965257298846,0.0250582770691001
0.5,0.25,0.581685413685414,0.519500522449822,0.0244279521450938,0.498763982172661,0.044898976531843,0.470858238745916,0.0449930233424399,0.2972351068027,0.0242773797567566
0.5,0.25,0.586156966156966,0.475324118014229,0.0228945474958792,0.437464820900922,0.0453817078424459,0.448648642493382,0.0441417625099798,0.275875543720911,0.0245727824201249
0.5,0.25,0.633891837891838,0.491924540727248,0.0231978321920674,0.416268878289605,0.0384791260581537,0.506958753816029,0.0424478416836191,0.315653182354006,0.0238356514901006
0.5,0.25,0.597100089100089,0.462235125608289,0.0231536701005781,0.497702479735249,0.0460542532163488,0.557988575275448,0.0670525797223884,0.27456938115938,0.0228801306974831
0.5,0.25,0.57618888018888,0.477433938237144,0.0203713447593056,0.407364853891279,0.0362640192606326,0.463620613753481,0.0409163630938039,0.281041657309069,0.0215137875639285
0.5,0.25,0.602843822843823,0.49317116026416,0.021874204292937,0.530875041307277,0.0487296441092544,0.445520087870461,0.0410071643846764,0.263411984841762,0.0221334764139364
0.5,0.25,0.543839595839596,0.53319763266471,0.0241022936590617,0.52452431686076,0.0566431138593251,0.541486619687225,0.0519009047753596,0.31429604896775,0.0246396889071674
0.5,0.25,0.611342735342735,0.517834478232442,0.023244345850481,0.496278444352535,0.0450211003903967,0.53264787337142,0.0466353590052159,0.33455388333196,0.0243785108168803
0.5,0.25,0.618840162840163,0.511734182577203,0.0231548202489234,0.510814522541403,0.0499236347868326,0.445970665575095,0.0388772326682725,0.293363941573426,0.0245567689241846
0.5,0.25,0.589026997026997,0.486380312453895,0.0258554653132006,0.460907114894608,0.0429224931099876,0.452125383689471,0.0411570039110392,0.287474122852301,0.0232321697784716
0.5,0.25,0.593101913101913,0.506737111346175,0.0227132669903651,0.526957925682206,0.0420184338609866,0.44748323197911,0.0403254462612013,0.285211966722361,0.0238964357913474
0.5,0.25,0.600966228966229,0.518364908337018,0.0254751093686833,0.56372697721842,0.0533518630910035,0.584718963701524,0.065741306113239,0.296424721784857,0.0280623672453016
0.5,0.25,0.540970152970153,0.514183752905503,0.0248514172030101,0.612404062803592,0.0708994444076344,0.499657793789272,0.0496515365970479,0.286485618109442,0.0241414784045642
0.5,0.25,0.584240192240192,0.458719082400526,0.0223726851127953,0.441126651750427,0.0436012764441649,0.433202231888187,0.0417427561002111,0.262720686870297,0.0234749058558695
0.5,0.25,0.549375237375237,0.546986818784231,0.0233207232495971,0.490138724958616,0.0485954074828011,0.559795988824368,0.054724299947504,0.315091791321394,0.025777660131765
0.5,0.25,0.603281451281451,0.494362733565792,0.0243740909115912,0.413585211460971,0.0433273567986317,0.487535705419785,0.0412799621215951,0.310861682825686,0.0253103424573947
0.5,0.25,0.56195946995947,0.510428678869549,0.0248947054590366,0.451541470001054,0.0433305860929978,0.508142939058882,0.0487353032006348,0.299068646607949,0.0250448158834674
0.5,0.25,0.561045777045777,0.529161691485915,0.0259773724418687,0.47553609769554,0.052060263545688,0.476776986817271,0.0472977569376296,0.281242788732896,0.0248981897345829
0.5,0.25,0.602134994134994,0.513480923646255,0.024266279515535,0.492711913725247,0.0464662319209972,0.460049052475909,0.0416507030596678,0.296539065447684,0.0250087787005078
0.5,0.25,0.582458346458346,0.498032953225129,0.0224680651578644,0.492218300581504,0.0380272681863283,0.476601760201343,0.0480080208078053,0.263962162567314,0.0218196835505746
0.5,0.25,0.585692553692554,0.476311105156116,0.0225245623627466,0.504964298412058,0.0395089081276364,0.502823365278432,0.0486001686410227,0.283860313124874,0.0219635965001489
0.5,0.25,0.603016899016899,0.508355502276879,0.0224360435487564,0.510481053135495,0.0467504141595964,0.506794111162084,0.0511817507712812,0.289731685264737,0.0263403267602069
0.5,0.25,0.631409095409095,0.526725774675645,0.0245002413240608,0.489320463877964,0.0556009395229354,0.54771527843716,0.0513740939195608,0.338568916967594,0.0260405720440895
0.5,0.25,0.572143928143928,0.552584260914561,0.0265327549598145,0.519006569220694,0.0450773306014665,0.593758175653399,0.0642734786001337,0.308269081244037,0.0244352329938783
0.5,0.25,0.573473577473577,0.506403255167804,0.0261730307943021,0.568966548266572,0.0517782167255843,0.515778323220457,0.0472510444801233,0.311914253174132,0.0259798871834645
0.5,0.25,0.584815916815917,0.514180914558704,0.0252606068318545,0.492073998374042,0.0533350030395481,0.479806075598872,0.0464150214201668,0.302623926191901,0.0242393910896449
0.5,0.25,0.553525273525273,0.466425756861419,0.0230818371415339,0.490612542890357,0.0479558956135433,0.455890929118995,0.045417095003375,0.254289355213537,0.0238424267660566
0.5,0.25,0.580622440622441,0.458645892634829,0.0211222932060455,0.394359731812018,0.0360861379543183,0.460629233366655,0.0507827413532574,0.254414611143923,0.0213610585096738
0.5,0.25,0.581082089082089,0.492092612905494,0.0248698208537779,0.485903877862887,0.0545227941652557,0.481039920124754,0.0475794485471686,0.294667886182673,0.0255058875631381
0.5,0.25,0.585812181812182,0.465589296938385,0.0220155337845296,0.436919988131154,0.0495665523872978,0.476234548067265,0.0495880223123469,0.263764375964061,0.024768583215965
0.5,0.25,0.595036867036867,0.483391865645855,0.0219125864755468,0.477265476530141,0.049401740893063,0.486671506178565,0.0458216070853368,0.29456812254739,0.02361749985223
0.5,0.25,0.578246954246954,0.474038504087362,0.0237436353652028,0.462995885129476,0.040257636802126,0.495724449265848,0.0479920850498154,0.292119986831682,0.0239317058584128
0.5,0.25,0.571973635973636,0.503701806561644,0.0242696743727127,0.466241214336058,0.050717729207619,0.536877859375922,0.0597764273439675,0.276400358640812,0.023286276493168
0.5,0.25,0.555185619185619,0.521268474109914,0.02560694982944,0.56881112372728,0.0560992439882169,0.528530901967014,0.0544334259464139,0.304603496978462,0.0260184891979462
0.5,0.25,0.589393369393369,0.53541660954921,0.0276912429781545,0.587021247835959,0.0705508715627923,0.579109026213721,0.0599560077311326,0.321152367532809,0.0260146307180249
0.5,0.25,0.568956712956713,0.516643580694729,0.024264493920427,0.57558412817674,0.0524621846398223,0.533976608920052,0.0497195877418414,0.312889319486243,0.0240155078926249
0.5,0.25,0.58805664005664,0.501239598666741,0.024207557235008,0.507869979732642,0.0441529918580952,0.524534522269328,0.0523658052940298,0.284461729839939,0.0244690534266082
0.5,0.25,0.632327276327276,0.522495341794367,0.0245926766319223,0.548899860368698,0.0534556549274996,0.549056314832494,0.0462212643894308,0.337294797560028,0.0238492071198552
0.5,0.25,0.573101757101757,0.488567173738916,0.023287227544664,0.413258198548306,0.0385647635374196,0.465378303572234,0.0477626621995565,0.267912863633792,0.0231696385653283
0.5,0.25,0.581871977871978,0.519807259260377,0.0252143258626097,0.583883373411406,0.0550321951130693,0.519983847660589,0.0473290142328077,0.318431501941571,0.0248872495214767
0.5,0.25,0.590674298674299,0.5129945953496,0.0265445666550416,0.554236850521415,0.0468192112327667,0.537675919235071,0.0492036674909386,0.317834316064174,0.0250310371238485
0.5,0.25,0.587005811005811,0.512975300030336,0.026861492691323,0.47981282592913,0.0551111878904721,0.569142496270639,0.0605628780957751,0.31180772139261,0.0264655816346582
0.5,0.25,0.618813870813871,0.490976806182447,0.0262286234222065,0.619502688438726,0.0583125052009026,0.493241983902095,0.0457679114025611,0.311002390709842,0.0272223781881534
0.5,0.25,0.590175518175518,0.470514993207912,0.0234547906882303,0.494124666019194,0.0534425679465909,0.464259272615765,0.0432408658337929,0.28628610186374,0.0230350648882369
0.5,0.25,0.619094683094683,0.485758206016242,0.0241601463359192,0.494755298542428,0.0488007090259144,0.456213365501822,0.0431766127980199,0.273611343493143,0.0238444057470854
0.5,0.25,0.564966048966049,0.492883898808071,0.0238901294506607,0.548497261108858,0.0534270105314057,0.5142011416698,0.0489579339742088,0.303964355148167,0.0239490224467674
0.5,0.25,0.599299943299943,0.483250789665189,0.021596494161947,0.472948892175553,0.0495860412643421,0.458383121504051,0.0444027076616428,0.279790826939625,0.0216109381417319
0.5,0.25,0.630283698283698,0.464576753831519,0.0221918347905514,0.482577125242907,0.0485943100942373,0.403595735214678,0.0342375692438337,0.286847947859582,0.0224527861108387
0.5,0.25,0.595798315798316,0.504611853739915,0.0246199043919931,0.511412296712688,0.0543562047544194,0.497334685227741,0.0502453346991596,0.275007483446961,0.027157132536399
0.5,0.25,0.614711186711187,0.523430910551631,0.0273316409245296,0.52695535812598,0.0493110539853086,0.54325372000305,0.054585697872817,0.307251143124276,0.0272122029827917
0.5,0.25,0.623319599319599,0.483456571618946,0.023636800416811,0.434173162991497,0.0502834331899876,0.458759600702708,0.0427387610992017,0.304234999973567,0.0246943243607673
0.5,0.25,0.578237462237462,0.498897365716501,0.0246674345630415,0.490267898966478,0.050917182672955,0.476799659103526,0.0459699766821343,0.291786361932448,0.0252548409691095
0.5,0.25,0.596433176433177,0.474023202556617,0.0213218110848603,0.476521153595087,0.0459811852542168,0.435748293449951,0.0381591360669504,0.282324165222935,0.0220735889119637
0.5,0.25,0.649038949038949,0.475712598010927,0.0247612239123881,0.511066681486363,0.0406741607472263,0.473598864945787,0.0388264066593295,0.318444231871371,0.0237475977060416
0.5,0.25,0.578927162927163,0.500830118172855,0.0244788094393011,0.496924392021537,0.0472013666465351,0.501750475781153,0.051213056098438,0.281844514083252,0.0246674529198102
0.5,0.25,0.62438988038988,0.47605265792425,0.0242800985328023,0.430569344398158,0.0510013545169096,0.48519263344905,0.0427956220585223,0.309959783574173,0.0250802490545748
0.5,0.25,0.55408241008241,0.487725096215832,0.0223348657108664,0.388962958580559,0.0444995727547763,0.601931584245277,0.073698205609049,0.280116461868721,0.024795123834022
0.5,0.25,0.577957021957022,0.502744639805672,0.021964180436754,0.451459525624177,0.0474375874091248,0.631121375872108,0.0634081489825616,0.327297197473608,0.0225103507054602
0.5,0.25,0.624716484716485,0.454001177369526,0.0226593151196175,0.422855995467455,0.0439551801272319,0.427423605642941,0.0407795361882122,0.282669336140807,0.0223972518584966
0.5,0.25,0.570484626484627,0.530418795004447,0.0248540547212374,0.539444224775983,0.0539660870937314,0.491457079802303,0.0496146217238658,0.295175313065007,0.0263010691077546
0.5,0.25,0.592727968727969,0.544440210654379,0.0253012533378947,0.660522688804397,0.0727024309475417,0.486872008966726,0.0460247853383251,0.324084410638335,0.027559027190757
0.5,0.25,0.584500028500029,0.495986121678908,0.0241563882511948,0.455716615099358,0.0482209005897711,0.459972521628025,0.0425649458837265,0.284251592840301,0.0234096318958663
0.5,0.25,0.595598035598036,0.517763236588862,0.0222973263757399,0.54023726559201,0.0457301957012078,0.473602672928154,0.0450971075531866,0.29384265951967,0.022322746672598
0.5,0.25,0.57775966975967,0.475823533288699,0.0250579506337805,0.500010581894987,0.0432702899369445,0.537729902920477,0.0493321115940272,0.296576658564024,0.0253030010018705
0.5,0.25,0.576987816987817,0.574034567849273,0.023779127097892,0.607052613609263,0.0521679478704884,0.688306831639225,0.0814354393163248,0.317457805669687,0.0266668313730637
0.5,0.25,0.590531138531139,0.474570855272854,0.0208757714413754,0.546804178244554,0.0451047279675154,0.450200162095591,0.0459576692811532,0.262387009895605,0.0231278091435095
0.5,0.25,0.60383667983668,0.49633859109818,0.0214143614088715,0.500093929907396,0.0434585282140091,0.479952737711434,0.042937038452117,0.295325034730872,0.0238841849107659
0.5,0.25,0.59198847998848,0.508784712988479,0.0286630661067315,0.548235289927469,0.0657880396899342,0.515419081518052,0.0483915624889387,0.300095903939557,0.0270327213258854
0.5,0.25,0.578052722052722,0.529043533839623,0.0229460273204039,0.50509697677667,0.0495578831077685,0.447774118523902,0.042788765172564,0.269109057033182,0.0252432481654638
0.5,0.25,0.618477726477726,0.515534204411705,0.0225092600476703,0.551012508860128,0.0523566438112113,0.496411962541065,0.0411495760902681,0.332613721642583,0.024293617347696
0.5,0.25,0.591976551976552,0.48295729766987,0.0212043458268502,0.475697268136454,0.0408756306390038,0.518060228504903,0.0477738016594761,0.288262109316715,0.0209345299875922
0.5,0.25,0.581184713184713,0.508294181651557,0.0208192518791153,0.545864923135739,0.0459758606280651,0.503836426738247,0.0529807780756963,0.278519526889723,0.0220937673735764
0.5,0.25,0.606987906987907,0.509888724278706,0.0253337219340127,0.4768238451164,0.0490527202780731,0.587616657520693,0.058895574963272,0.330379296868201,0.0250993669323528
0.5,0.25,0.577098277098277,0.486241868110517,0.022440238459333,0.483588422388562,0.038507258998555,0.47091394848533,0.0454476121446707,0.282817670860861,0.0217228623422986
0.5,0.25,0.592223416223416,0.53690425795424,0.0247108126688061,0.539319503258161,0.0514134437572751,0.588241175438472,0.0543958426708439,0.352326149227494,0.0261074895855437
0.5,0.25,0.605373893373893,0.516594696615927,0.0249687107111739,0.616750818526902,0.0640078511091953,0.505128991287838,0.0491496495584244,0.297960351370481,0.02612616974173
0.5,0.25,0.63621174021174,0.477790299884101,0.0247240629413621,0.525271643439154,0.037155646186804,0.492870057534713,0.0449542894630644,0.306784384981893,0.0247163416535762
0.5,0.25,0.587210243210243,0.488252485007025,0.0227339511324007,0.552380639221844,0.0551627267059975,0.566312923098813,0.0543353878410816,0.304726666073418,0.0238379025614048
0.5,0.25,0.583395883395883,0.540866159631088,0.0263813833628109,0.529972627368739,0.0528931417256206,0.585355408771525,0.0595970563888721,0.329520258193667,0.025807477283763
0.5,0.25,0.56618459018459,0.487502380255079,0.0206488168496273,0.462116969749494,0.041953149846872,0.47956663682483,0.0471398979424968,0.276954801796789,0.0230712005440821
0.5,0.25,0.610690210690211,0.502824915404543,0.0250420731355339,0.460344821480164,0.0552919260950393,0.514527263259609,0.0497628056073475,0.312476981471615,0.0251556303726964
0.5,0.25,0.608823428823429,0.527342266644197,0.0242617491259859,0.593402949160825,0.0636142804595767,0.468615722552133,0.0437086719926137,0.305460229307153,0.0249661894476965
0.5,0.25,0.624079668079668,0.46869649444568,0.0228619916462787,0.490750881107662,0.048204972275434,0.52991773330369,0.0499724404273003,0.302397551960584,0.0248084453289875
0.5,0.25,0.581191661191661,0.512995274258316,0.0244175192657902,0.485460412676986,0.0435693302033028,0.544041960676641,0.0520071773108175,0.318338630541274,0.0261942508313107
0.5,0.25,0.569901041901042,0.498086062594537,0.0227463878039563,0.447563321855047,0.0514753244851249,0.541668112303569,0.0587693220081744,0.292886283399808,0.0238330500382683
0.5,0.25,0.642676146676147,0.493694366709516,0.0212794119947075,0.487065660993705,0.0409349172301186,0.464053561293071,0.037354937220541,0.319162875576597,0.0218258293149673
0.5,0.25,0.597938625938626,0.492348481156206,0.0212268259607176,0.404132755606276,0.0350537084910736,0.466387819315378,0.0460333740198813,0.277774116287882,0.0229660191587901
0.5,0.25,0.600065112065112,0.550507270656653,0.0235165222520128,0.484241058472937,0.0433975378050161,0.529264150774943,0.0519701602390197,0.302535878612354,0.026317950696321
0.5,0.25,0.57001695001695,0.510603481160528,0.0256156799694352,0.522188672064043,0.058847628913117,0.546375042075801,0.0626980209527243,0.275130396590015,0.0243272189334516
0.5,0.25,0.618493554493554,0.492326830850679,0.0211403783980731,0.530697159508296,0.047311826143881,0.45131786859086,0.0415998172901856,0.288710125447735,0.0236301679123453
0.5,0.25,0.592680088680089,0.551968518618641,0.0259174426433713,0.460109047718139,0.0507929853807274,0.543372710653887,0.0492725396332612,0.328105462822584,0.0267913941884512
0.5,0.25,0.586458382458382,0.506671379826458,0.0258832114047022,0.485715427668919,0.0495868369582879,0.514204462768815,0.051332542460881,0.306464347480476,0.0273567861160862
0.5,0.25,0.596175728175728,0.522824232559882,0.0256491413432302,0.584680316050916,0.0497627742159255,0.43881499706266,0.0414099385786754,0.29622967339791,0.0264556289427346
0.5,0.25,0.60623529023529,0.498010441324044,0.0276788932100782,0.448245971601165,0.0513518104055528,0.467262777848924,0.0458803523921253,0.300691002448477,0.0271986006578805
0.5,0.25,0.591231963231963,0.523421844898865,0.0243570285331122,0.504626831052499,0.0477465597242765,0.524732128138468,0.0495710213659258,0.309754840826492,0.0241717591682712
0.5,0.25,0.607294339294339,0.499697055004964,0.0239597655717139,0.493238365219436,0.0505155182699928,0.447992954694018,0.0422469457687526,0.279651316270127,0.0236356900600415
0.5,0.25,0.62019902019902,0.503804221430542,0.0246002151509219,0.461222448052554,0.0415352546353874,0.439699343434882,0.037633549791498,0.300935256027708,0.0258732040432168
0.5,0.25,0.61789562989563,0.513274561931692,0.025396419624498,0.670072639325583,0.0670613170107066,0.50427528366884,0.0426863482277496,0.311619901460988,0.0245859291769971
0.5,0.25,0.623032523032523,0.518098749672428,0.0236385732733179,0.524665519373663,0.0514504374997754,0.545056758569517,0.0522604734517264,0.335247858389776,0.025317489263751
0.5,0.25,0.604168456168456,0.502963348219078,0.0250861263403622,0.485816164688519,0.0606615668289607,0.476597500254997,0.046758968070481,0.291622514275631,0.0232382256375879
0.5,0.25,0.594228726228726,0.473546217109635,0.022074531847834,0.45395953893825,0.0437464607881062,0.467373983452302,0.0431109570599223,0.291567838205507,0.0232592287444085
0.5,0.25,0.629095277095277,0.519732258298156,0.0288738564946461,0.432791818345278,0.0474217554042488,0.495072017881336,0.0463391953781178,0.309789366678665,0.0279234701780599
0.5,0.25,0.580626196626197,0.49832283260763,0.0220218230862095,0.473765567118548,0.0366166526805044,0.487318114164521,0.0459338384136143,0.297701784119363,0.0242665190848003
0.5,0.25,0.565862341862342,0.523654486907406,0.0260631038614045,0.553122291012048,0.0491730768360485,0.552924104975304,0.0539809071872038,0.318923388964039,0.0264165095665594
0.5,0.25,0.553112245112245,0.49843264766715,0.0220510099698103,0.462077956516346,0.0409102202333789,0.439938909881917,0.0446516020500742,0.260597328808092,0.0238890421662002
0.5,0.25,0.57571817971818,0.507872552077714,0.0241568860077187,0.482425827878421,0.0571570970543958,0.533588887534682,0.0554209263205975,0.301389240041575,0.0249921068950001
0.5,0.25,0.617177513177513,0.509486992499306,0.0249656194842733,0.48523371243463,0.0518770480882331,0.517973412857395,0.0468777538336404,0.30642756464898,0.0254580381736831
0.5,0.25,0.606743082743083,0.517177451997788,0.0256148428780421,0.600689994960132,0.0527571002668834,0.488303987329212,0.0468857257955785,0.296220809283879,0.0247266052050581
0.5,0.25,0.59414805014805,0.518680150331882,0.0248236123395091,0.559931271929718,0.052052361205993,0.544590400521074,0.0500235153267299,0.325204568616858,0.024853174134384
0.5,0.25,0.622370458370458,0.49044522869564,0.0226010550274206,0.522882438634078,0.0398665024372956,0.509359179512625,0.0423144490810732,0.315329185560708,0.0238219333448264
0.5,0.25,0.601524853524854,0.499177957363696,0.0258006013784947,0.499196919122644,0.0454147270061673,0.508525933185213,0.0477183962504422,0.303783254865854,0.0243554161377173
0.5,0.25,0.586635094635095,0.488585161297056,0.0245070949878891,0.556809332406268,0.0526093070571484,0.431740521571536,0.0410466667178118,0.273401066836106,0.0240359537808638
0.5,0.25,0.584611496611497,0.511187030020686,0.026020768634986,0.510074102311413,0.0462360276699867,0.5448795629701,0.0511002432437716,0.320065464340146,0.0246504686180621
0.5,0.25,0.609720561720562,0.513204319709005,0.0218694237586349,0.531213811821649,0.0554718490585685,0.519743951920179,0.0521388052163725,0.301554153128083,0.0238022607194718
0.5,0.25,0.588851424851425,0.478371867490338,0.0251502341476176,0.527298769899183,0.0553498478394045,0.453253575213351,0.0449735258147944,0.264843842471276,0.0257985243480794
0.5,0.25,0.608732516732517,0.509094318227264,0.0215264254794974,0.440905126766553,0.0392885711552941,0.4953134709272,0.0443466699151903,0.305778904229272,0.0239421315168956
0.5,0.25,0.599397275397275,0.486501022689872,0.0220121293970241,0.459127071969503,0.0449669234098695,0.481747465025644,0.0407048532536992,0.310785457505209,0.0217383850373425
0.5,0.25,0.608807384807385,0.508277268230255,0.0231410833294592,0.439304537039332,0.0415447647738839,0.531443892485366,0.0473644220295525,0.331331255907406,0.0241579852845012
0.5,0.25,0.63606978006978,0.492317838835433,0.0253444788924243,0.467885251253289,0.0479741777659141,0.509676240561615,0.0450587504624366,0.335355173891188,0.0259019640389725
0.5,0.25,0.606800478800479,0.48720820492375,0.0256222265686366,0.384548793262615,0.0361082593599702,0.484746579047889,0.0477275724734219,0.292554821951074,0.0233815513815556
0.5,0.25,0.609125409125409,0.490135264142367,0.0243869352992321,0.521352727935174,0.0484905312194934,0.491336271135522,0.0466073541898774,0.30220991647955,0.0263243520108922
0.5,0.25,0.591823971823972,0.520071828588889,0.0257576795209724,0.588565367305476,0.0533043068556186,0.531786045344425,0.0453027593242884,0.331199583838024,0.0240864619611328
0.5,0.25,0.580993324993325,0.48712262510946,0.0244720669366185,0.483872368114952,0.0534750789738701,0.441436734226914,0.044911293453417,0.268621813783091,0.0252648343311215
0.5,0.25,0.634626958626959,0.511872903248717,0.024529907065469,0.602542270340589,0.0586683663625868,0.450042057246542,0.0382439148036118,0.311090536247876,0.0249644401149666
0.5,0.25,0.560618252618253,0.483008902918116,0.0247185618093277,0.426466190836893,0.0460418406753782,0.466365599288242,0.0529099030095472,0.25445249365155,0.022081072363863
0.5,0.25,0.590970278970279,0.525673635909053,0.0226216006304462,0.474815243700218,0.0420210599867541,0.50084676915006,0.0471825603553223,0.316727431446619,0.0265228628613129
0.5,0.25,0.581693033693034,0.469408076877215,0.0209548902761506,0.466472046231371,0.0532523465874337,0.45324911185401,0.0419751684592289,0.273282318957449,0.0233922459376102
0.5,0.25,0.583190515190515,0.474386164850219,0.0214948177778074,0.459974595342889,0.0352069709179745,0.421086575066277,0.0383705935416337,0.282257344426639,0.0229651950569121
0.5,0.25,0.603769443769444,0.523711129556501,0.024531628613131,0.512602475521727,0.0495202007051843,0.540105734088592,0.0518773782002771,0.319790292729085,0.0244272251509772
0.5,0.25,0.583182067182067,0.500126395791625,0.0241593964253561,0.520551707653438,0.0453949435332764,0.444562041654655,0.0423749740575232,0.283227727710423,0.0241095193929447
0.5,0.25,0.631343431343431,0.528579287854666,0.0296848196702081,0.448620846482087,0.0439890843389735,0.563933644619189,0.0498217014135964,0.341068942659696,0.025547827155019
0.5,0.25,0.60240617040617,0.524924968392313,0.0272709939095509,0.631181207340715,0.075897701210027,0.58111673324883,0.0546674596590451,0.341084400632641,0.0291887609807984
0.5,0.25,0.613769137769138,0.493569394738442,0.0214383294020411,0.453823025803056,0.0386604883893258,0.580484517395212,0.0576903050521434,0.332298247653102,0.02278855268189
0.5,0.25,0.559667971667972,0.460298690393976,0.0228002835589094,0.428734249669555,0.0404811222598996,0.441653417788962,0.0437862747900015,0.263326456632378,0.0222774910815573
0.5,0.25,0.571702327702328,0.528973795955258,0.0244224210551741,0.571417710901991,0.0584851359063542,0.491692220767348,0.0472886615410237,0.298871688443732,0.0234988305285988
0.5,0.25,0.629620985620986,0.535115640125373,0.0237998950318458,0.590428590869945,0.0523870966101558,0.542639508952367,0.048495987916185,0.332479096542576,0.0236429410389054
0.5,0.25,0.58568124968125,0.479973979113858,0.024009366042954,0.649659345618802,0.0741210384351699,0.475563321436728,0.0462100982404385,0.28019670273342,0.0225147349381937
0.5,0.25,0.558901314901315,0.513448532436223,0.0243678261750585,0.452260050478299,0.0440043294550718,0.58523239925682,0.0616024427594206,0.306180040764807,0.0243024219063753
0.5,0.25,0.608507888507889,0.513696215010196,0.0215717481575565,0.487686111793498,0.0436303401658212,0.579419101760649,0.0622786405364898,0.30794982565914,0.0229085378546367
0.5,0.25,0.627803163803164,0.480822496148184,0.0197786838069768,0.508961336242631,0.0393308956322326,0.464332032688585,0.0393321742497879,0.300635208970394,0.0209845916005038
0.5,0.25,0.595369135369135,0.519244864730157,0.0246552109482739,0.562990484450044,0.0532822307154806,0.503226768261971,0.051906973567257,0.299652920376016,0.0260705957773281
0.5,0.25,0.576047772047772,0.487513396008746,0.0236447749589921,0.490808649277705,0.0519894106433944,0.49411795683472,0.0475837690330512,0.290672997555734,0.0245129422473986
0.5,0.25,0.575711411711412,0.519510822922667,0.0239653295407775,0.649773129344552,0.0664832895196439,0.608989502588618,0.068734962885604,0.31164795016675,0.024281628378884
0.5,0.25,0.592508380508381,0.534846136598024,0.0246089375170627,0.482323452537998,0.0454364451705948,0.530561242631115,0.0455347588908156,0.326655971570844,0.0261796334517181
0.5,0.25,0.569033273033273,0.478042091768279,0.0231903204043526,0.483295154554976,0.0445335638219405,0.503311052941402,0.0532959882417252,0.268172769299651,0.0256479214865313
0.5,0.25,0.611019119019119,0.504693756094268,0.0246943992556146,0.452950439376345,0.0445737535939044,0.470682222141667,0.0424233600519284,0.31216421214312,0.0224722897219247
0.5,0.25,0.582736566736567,0.474247874828193,0.0240423140774168,0.564236739225249,0.0578336489586001,0.506599361758534,0.0470812931588238,0.29255649085421,0.0241821077855766
0.5,0.25,0.566112842112842,0.524539394100016,0.0229609950799877,0.495602424130694,0.0517928587592672,0.491713970803902,0.0539042202440852,0.274103692877803,0.0254102668621013
0.5,0.25,0.586999570999571,0.469902169716629,0.0232625611787393,0.393492286263995,0.0426962066784141,0.53219221855655,0.0588568975730876,0.279797137323792,0.0224206272535909
0.5,0.25,0.58588608988609,0.478708362936273,0.0217891372040483,0.515705939810789,0.0535943320282794,0.511145124608921,0.0487264718750351,0.291660992447284,0.0238045558477845
0.5,0.25,0.585001449001449,0.533037821846488,0.0251844587043565,0.589851341442637,0.0467148217657582,0.504476797448836,0.0472752373041661,0.317534052962548,0.0255194635263888
0.5,0.25,0.598468534468534,0.506329763374565,0.0236225788809967,0.506048602305962,0.0598436806916059,0.58948304125299,0.0602853731340299,0.325183274603994,0.0238402142144387
0.5,0.25,0.576686076686077,0.497345470655992,0.0231954367750834,0.52116407067718,0.0469928112322295,0.452546773329083,0.0413403261085019,0.278713501977332,0.0252645622059023
0.5,0.25,0.604080196080196,0.514512676901027,0.0270282514439625,0.471164960303686,0.0502990938172646,0.495148078130543,0.0504627125908647,0.286309134324161,0.0244948497350111
0.5,0.25,0.541319125319125,0.527416221146528,0.0286726857155938,0.521509375041517,0.0457876988541756,0.496006639714574,0.0562723836469096,0.276777594578085,0.0256910517209087
0.5,0.25,0.580242316242316,0.541315272245851,0.0233406220374507,0.545683482085764,0.0483044085536849,0.559203751169693,0.0521194487525703,0.328408435581458,0.0240787663980148
0.5,0.25,0.559459147459147,0.46617483067741,0.022424288142981,0.509113997337117,0.0471107890010404,0.45838461203993,0.0495076509241414,0.25071689315492,0.0232382207679634
0.5,0.25,0.60592724992725,0.467517777389631,0.022213684895752,0.419692522403631,0.0428212428856506,0.44218639345207,0.042328019410273,0.278043352265913,0.0232976758930096
0.5,0.25,0.628949524949525,0.50859164607696,0.026286907702811,0.51307321752781,0.0432252506180811,0.543321835306648,0.0468427210051854,0.341958548981108,0.0261263755174414
0.5,0.25,0.613194181194181,0.51855089554073,0.0255334484251455,0.462020187015588,0.0419370876407658,0.506586031034652,0.0461339647484982,0.330254908125844,0.0278652020018042
0.5,0.25,0.586234834234834,0.461173076776091,0.0219117983763593,0.451838884787469,0.0473255242163411,0.478989542712439,0.0515300559506875,0.258615789896896,0.0231261236251043
0.5,0.25,0.607433095433095,0.47989944124771,0.0242781777088588,0.460999419746091,0.0467023856671199,0.434823880934596,0.0392466331383489,0.285890136642797,0.0254401365258637
0.5,0.25,0.61601194001194,0.483580360037183,0.0235088375207324,0.517541845268248,0.051289601626892,0.47780967329862,0.045340680315904,0.289824497257599,0.0226515913121608
0.5,0.25,0.575544047544048,0.523610286221332,0.0251272276533571,0.507567099896022,0.0547342046255359,0.443621266262955,0.0441184425731135,0.273674254759232,0.0262167930675522
0.5,0.25,0.593635145635146,0.501486156883449,0.0229052320949803,0.497426142742621,0.0452385059464041,0.494298495207015,0.0462853348069548,0.287180914742037,0.0221957369901676
0.5,0.25,0.569202365202365,0.491877106564147,0.026560123597073,0.547716522624814,0.06470961511651,0.477257089440739,0.0497751826910983,0.278031013034428,0.0240384741169973
0.5,0.25,0.56550814950815,0.483185601989901,0.0243778374025552,0.485588850620489,0.0443594111839462,0.403656368558576,0.0410598209103367,0.249585102099314,0.0234376177356168
0.5,0.25,0.525646761646762,0.500113765356519,0.0241806529401063,0.469284361762316,0.0450878752617782,0.395071345699975,0.0453643116779824,0.22695356034129,0.0233422729845076
0.5,0.25,0.617920877920878,0.478723601300193,0.0241480202136834,0.486780280317783,0.0572988201505955,0.467769009798175,0.0456206908119401,0.292361920816402,0.0273172107754292
0.5,0.25,0.595094455094455,0.506625834187057,0.0256753997918629,0.521000402721589,0.0503005093846056,0.420276860101464,0.0405341044938288,0.282970559231987,0.0234660139386694
0.5,0.25,0.591112671112671,0.491339253164079,0.0240982823536712,0.558146778202867,0.0503078050268977,0.523802490162989,0.0504290165993378,0.300619830095122,0.0245952374896855
0.5,0.25,0.551664467664468,0.520993313088257,0.026456386931267,0.528194358467056,0.0503930556474615,0.459845535311313,0.0527344534938118,0.256957828032074,0.0270986980927713
0.5,0.25,0.644265344265344,0.529812349413608,0.0272828806710276,0.447189133673115,0.0512222285083238,0.553360439844376,0.0478947707464882,0.345552957551718,0.0248254288938319
0.5,0.25,0.636500832500832,0.48958914424684,0.0220683837827913,0.493233123994865,0.0405642919599982,0.486622166559158,0.0426464312822407,0.31529628440769,0.0222109525809634
0.5,0.25,0.561247713247713,0.552766449577089,0.0262567042414511,0.580720188676735,0.0459914420897499,0.575765171160591,0.0556623035467379,0.331954917684777,0.025623615255571
0.5,0.25,0.572110928110928,0.499805015767947,0.0247585138594687,0.561434966287004,0.042686024377795,0.506146437238849,0.0505315238375717,0.289939977326989,0.0238630733805216
0.5,0.25,0.545435969435969,0.467429328353303,0.0250083945762356,0.49107827755286,0.0513428864785187,0.440719547554191,0.0440239955634998,0.251952520793849,0.0228137921208843
0.5,0.25,0.567070875070875,0.515606110892041,0.0262177555886219,0.536615334835358,0.0537483774579608,0.498022608847828,0.0479812109770039,0.299175277039742,0.0270976015235157
0.5,0.25,0.57784780984781,0.522206904032894,0.0209456534890851,0.585793007725165,0.0521351200661943,0.511719394721819,0.0558331013019759,0.262107482441459,0.0230320457421559
0.5,0.25,0.609516453516453,0.532925314774846,0.0222196122716544,0.51524115518924,0.0448703879107017,0.560179323351799,0.0483268053485318,0.347054346450977,0.024417213676696
0.5,0.25,0.623690855690856,0.510502921445691,0.023611234785267,0.611276946643412,0.0640218668656404,0.531041922529203,0.0469464393815811,0.328891722543441,0.0236392075789017
0.5,0.25,0.605096069096069,0.531180906558388,0.0252371145890118,0.599308876745558,0.062826652872573,0.543644524467432,0.0529894192917687,0.317907449046143,0.0248749051525846
0.5,0.25,0.576405984405984,0.469425214784169,0.0244255647039953,0.42201792076133,0.0409459094608936,0.409565471884224,0.0408797543592601,0.265136309038255,0.0256382020910651
0.5,0.25,0.58632823032823,0.534973021186882,0.025478766538808,0.580838630398812,0.052198794437813,0.577555621888678,0.0518318586654215,0.330408042774117,0.0251114133937255
0.5,0.25,0.569229029229029,0.520106117435412,0.0218990522576814,0.484567935112258,0.0499247688477493,0.591982526521161,0.064429148029316,0.317776455995481,0.025322486905027
0.5,0.25,0.591836307836308,0.499789065090455,0.0255777016617521,0.535696374094288,0.0633746138834105,0.466205066249271,0.0496069848732136,0.272559065397801,0.0248462321502951
0.5,0.25,0.575265695265695,0.495184644011683,0.0243938239559319,0.481683279164639,0.0491160379821008,0.505139481905379,0.0489935371199426,0.291303979210262,0.0228896130704293
0.5,0.25,0.591100887100887,0.531937270245484,0.0263645853789731,0.617437067666716,0.0536959091260822,0.508110427633782,0.0469938662700828,0.301328917527043,0.0235129463571266
0.5,0.25,0.576860064860065,0.490471215568225,0.0245351254597715,0.509216532255717,0.0524284746382512,0.461248443296604,0.0467463161511085,0.276166466381093,0.0238901664347262
0.5,0.25,0.573645105645106,0.482780097853564,0.0253292087003532,0.487056518867354,0.0615052752695612,0.484062422082022,0.0507856231644265,0.281160977821957,0.0259414643800755
0.5,0.25,0.636325536325536,0.490470084486026,0.0221357438033473,0.430428672199933,0.0400958557509037,0.57620779544661,0.0539110851165229,0.324024410894118,0.0237590918371727
0.5,0.25,0.595965595965596,0.49729684216611,0.0264531612733855,0.520991305750874,0.0548826972819913,0.522697148641562,0.0560962298094614,0.283652698226662,0.0253145560295891
0.5,0.25,0.607460575460575,0.536825393849398,0.0268687426775132,0.543845083381999,0.0523609499243824,0.489943518985747,0.0443622133494483,0.319644920884043,0.0268344924919023
0.5,0.25,0.639596151596152,0.496249921190692,0.0233464441740814,0.64192606727532,0.0616120231748312,0.506152084655229,0.041079148545182,0.337299854880859,0.0251356390145633
0.5,0.25,0.610756354756355,0.530298786012623,0.0263064574776941,0.53207254934736,0.0561260255692833,0.538996683398876,0.0519891826006468,0.316486477496646,0.0277409692281616
0.5,0.25,0.573784497784498,0.494527837014033,0.022783886912353,0.543210717660161,0.0502529798603353,0.516253087442838,0.0492874327109254,0.298941063750453,0.0228807896055617
0.5,0.25,0.604276984276984,0.485085213532498,0.0239487892242576,0.506893969728146,0.0544649286712897,0.482260434224161,0.0477097060273722,0.288674775393435,0.0248187552669312
0.5,0.25,0.583141939141939,0.490866596757906,0.0253302718895876,0.530202886889916,0.0446760210452499,0.550947583014141,0.0575698752312377,0.294286176835479,0.0241426649870937
0.5,0.25,0.585285009285009,0.461793031424899,0.023068161121253,0.525672382377665,0.0462412986471423,0.458294020595071,0.0436011410912806,0.274633393878467,0.0225832035842827
0.5,0.25,0.587335403335403,0.510880283053025,0.0251098814318961,0.544237133633715,0.0458660507921632,0.524398739758176,0.0525522196869535,0.296095933383628,0.0258916568360169
0.5,0.25,0.588542748542748,0.498051746864074,0.0245996928099504,0.452631262191732,0.0459776867921615,0.499666847838742,0.0460441938068884,0.312620246928805,0.0221759393072769
0.5,0.1,0.608834108834109,0.496511453138108,0.0249459695945274,0.544428099305853,0.0781364044809191,0.497123501316078,0.0581566470740466,0.317601053047317,0.0228031960431927
0.5,0.1,0.598836838836839,0.497391293034417,0.0248799872742814,0.491161428647472,0.0521118601823282,0.558404533513798,0.0833711297691127,0.2933774763762,0.0247983798687158
0.5,0.1,0.566240846240846,0.532313734470065,0.0253973111256627,0.442981740500099,0.0888411441761067,0.534999094160788,0.0674087071221641,0.314611306346581,0.0253125177580074
0.5,0.1,0.611194619194619,0.519963836904852,0.0237450903342074,0.497179948490153,0.0727167284605783,0.459447507769393,0.0508245766529236,0.314194597292552,0.0250314647274284
0.5,0.1,0.62828614028614,0.506332906577411,0.0229255409341574,0.469046233610245,0.0734240608057398,0.592862928858655,0.0757859048071431,0.323195511387384,0.0269713608177397
0.5,0.1,0.594935886935887,0.492987304373841,0.0241038160463781,0.467173796929403,0.0656324908154197,0.556196071956284,0.0879960044592723,0.300545981957376,0.0250566009434531
0.5,0.1,0.6202868002868,0.510871189234208,0.0259577119092961,0.48742284492993,0.0663219104880112,0.563027227423692,0.0747295214370309,0.323092262509825,0.0242763497356185
0.5,0.1,0.58001446001446,0.557845602148199,0.0244450232968518,0.672282234614106,0.109870534481236,0.533647392950404,0.0604172264723027,0.332324188099888,0.024792203448334
0.5,0.1,0.601245985245985,0.491533243794845,0.0229642533523639,0.502266635230548,0.0876921962817685,0.47568193386942,0.0496055168713226,0.297666242449389,0.0232288385307678
0.5,0.1,0.605758985758986,0.485718628860142,0.0253911876231691,0.423591799039174,0.0645170249386122,0.54792142145666,0.0678220296198777,0.313857698387458,0.0253323203401863
0.5,0.1,0.633380697380697,0.5614592319984,0.0296238546493123,0.536596485168989,0.111332067875563,0.604256395601463,0.072748172389439,0.360969825571282,0.0285942310153612
0.5,0.1,0.619058695058695,0.492618751313272,0.0249841665369637,0.439248250978324,0.06065367300035,0.382230544626726,0.0411146576120201,0.275554384764274,0.024607202666172
0.5,0.1,0.607308943308943,0.483571666344442,0.0232661497382924,0.63023210967454,0.0884800007958644,0.527032031021721,0.0657905723688094,0.305315621015826,0.025738104308258
0.5,0.1,0.580992076992077,0.494646434160096,0.0235385458837275,0.346325676748976,0.0537714026477972,0.487799201057166,0.0650910784136548,0.281014769386763,0.0226983198276147
0.5,0.1,0.581096633096633,0.473372763388611,0.0260452151424972,0.361202145098532,0.0614316955311425,0.434221652292914,0.0583408819204689,0.263932932098817,0.0227179373218905
0.5,0.1,0.615515523515524,0.496131417504664,0.0243197082347696,0.607139244871716,0.0878603921579322,0.46361192737994,0.0526186003764783,0.295932358772482,0.0240477609019848
0.5,0.1,0.570552138552139,0.528935870149603,0.0249044749097916,0.66353074444271,0.101474025269296,0.489187721804502,0.0603871947029338,0.289188976102197,0.025558439985514
0.5,0.1,0.623547119547119,0.520635327962727,0.0249167957963343,0.452121263768689,0.0699672848059175,0.445722874209234,0.0553615149648659,0.277726146558306,0.0250028241934768
0.5,0.1,0.589617313617314,0.508600563101262,0.0222866235374476,0.348714637714127,0.0382421338164814,0.577569991945475,0.0884341102310016,0.30047919083379,0.0251121095269794
0.5,0.1,0.586648642648643,0.510577554901221,0.0239399856050675,0.572897982599081,0.0964445962099685,0.44600520408112,0.0488081984714146,0.299613443163672,0.02577622488182
0.5,0.1,0.548349392349392,0.502033485073612,0.0256055373362021,0.665681355266184,0.12291792529761,0.645865333961726,0.134473380511293,0.261433602995894,0.0233020915430701
0.5,0.1,0.619505287505287,0.51550068140617,0.0250647843142992,0.499439636230855,0.08098825704043,0.463358415155374,0.0531126304030042,0.320309308059578,0.0260234801071233
0.5,0.1,0.608668196668197,0.479851350081235,0.0231783399319152,0.506811038386633,0.0775379866151539,0.457186086925807,0.059623216530108,0.28589067868983,0.0236216633039715
0.5,0.1,0.593824397824398,0.522566138627829,0.0259654984243679,0.635308474057095,0.0671669688099096,0.505555484568747,0.0562077000724593,0.313033279297659,0.0260396472734451
0.5,0.1,0.620041388041388,0.495855487761873,0.0245467829720992,0.538265628121909,0.0766081815320066,0.529680728797334,0.0641962276508325,0.326585847822644,0.0261247943889028
0.5,0.1,0.58643023043023,0.451645942561121,0.0230850033785322,0.647519847358151,0.0967063626028397,0.411515589063968,0.0471514087229755,0.268506398084621,0.0220306179505999
0.5,0.1,0.598339714339714,0.489114816929028,0.0221749014950086,0.27790988340132,0.0549012440353514,0.538208875292931,0.0907067688635309,0.271120622443466,0.0226454653455789
0.5,0.1,0.5604878004878,0.479762231622402,0.0221265929919365,0.580826033478225,0.0746319652829972,0.638341070622573,0.121739090838141,0.270788396704259,0.0229863886742962
0.5,0.1,0.660706992706993,0.490916658614006,0.0250736586627051,0.431889212086134,0.0564226916875011,0.506421299243274,0.0502973758534614,0.338565589054131,0.0240303587058086
0.5,0.1,0.618732162732163,0.49255662226483,0.0256765510907082,0.463309842911866,0.0823747020052874,0.471239204303891,0.0473328592135618,0.318382665812513,0.0266620789350443
0.5,0.1,0.606879618879619,0.513091300101964,0.0251914056159242,0.46738344999305,0.0520676685302149,0.515791202817613,0.0621648223100396,0.309772761890188,0.0247135057108273
0.5,0.1,0.590081318081318,0.502903112164022,0.0236547102286394,0.571945724788425,0.0850806603310229,0.470683537382935,0.0549424938830554,0.306425308274937,0.0242957335555628
0.5,0.1,0.60811688011688,0.499183037682047,0.0230593015924154,0.555949179694208,0.0852804782834191,0.526212400749078,0.0825078553841109,0.278926625466876,0.0225906338608396
0.5,0.1,0.601714453714454,0.534837126941599,0.0255555342550519,0.625502447418702,0.0985854035087986,0.512647876626483,0.0615808747156315,0.322637568424921,0.0255926982741109
0.5,0.1,0.596267612267612,0.50057940841224,0.0233326721345446,0.495593085745724,0.0964765685998717,0.692162990771374,0.133696728281632,0.298151695858693,0.0254857854011258
0.5,0.1,0.605101253101253,0.529990625667594,0.0255016139326383,0.520353115696269,0.0720271633056485,0.483564079871111,0.0575015380535911,0.312460182916259,0.0258677734638052
0.5,0.1,0.589480609480609,0.499814984943665,0.0210791815326529,0.54158382950603,0.0918009556379446,0.583081282434571,0.103812058570496,0.286617136379109,0.0219816098591503
0.5,0.1,0.589325953325953,0.513664991910318,0.023592818544701,0.64990863103105,0.0994453431781586,0.509671333056357,0.0566009164928319,0.313797241284686,0.0237021161094326
0.5,0.1,0.603122175122175,0.49214716431015,0.022410965108146,0.504605999468962,0.0714298502910914,0.560958376832411,0.0706087009674945,0.31250517976777,0.025456522211022
0.5,0.1,0.592368496368496,0.455732346337022,0.0224043573719966,0.471045372945425,0.0699706398907655,0.408993702068477,0.0451853529521664,0.275516573936487,0.0227927292599585
0.5,0.1,0.584039156039156,0.486025036138337,0.0234851225909721,0.488896048312903,0.0755497222372349,0.415199894773612,0.0465624618413565,0.286597537227115,0.0245190882962451
0.5,0.1,0.615026235026235,0.504076963095078,0.0237356740586789,0.462401907052668,0.0735809050225856,0.587831189027515,0.0788724882394386,0.310669229216542,0.0238392885721197
0.5,0.1,0.582508494508495,0.53223154342842,0.026620914755539,0.405055837342369,0.0445678107209272,0.555941673719599,0.0805676659584208,0.313153698615223,0.0263133295751561
0.5,0.1,0.600563928563929,0.429920691205688,0.0220057243865998,0.321099723467453,0.0474403766163371,0.399635612423315,0.0455011695846206,0.254929426033186,0.0226008384877623
0.5,0.1,0.639261231261231,0.532711746039453,0.0235969875473453,0.422768905540938,0.0535373399569078,0.623726912124158,0.0883694964552949,0.35967237772008,0.0264146691740562
0.5,0.1,0.602574434574435,0.510115644787507,0.0253707849731124,0.587795907156373,0.114565907282608,0.457494819853287,0.0546463374096213,0.29802703963677,0.0231892857287323
0.5,0.1,0.597093549093549,0.483487028308388,0.0223140820881258,0.621764114280369,0.0867285409075029,0.461844674143305,0.0688903978546355,0.260768302378009,0.0239805342318666
0.5,0.1,0.612027264027264,0.478193101767032,0.0245664030065824,0.491157584362976,0.0817757832179339,0.417374931723793,0.0527666752466563,0.282908532400186,0.0260829316340391
0.5,0.1,0.623714903714904,0.497405535405392,0.0263799330200579,0.480290926643146,0.0815630125848214,0.504571116028692,0.0589266115759677,0.331593854573802,0.0254638475815518
0.5,0.1,0.618216354216354,0.478419185175403,0.0210835629334671,0.54734988944753,0.0989357205809919,0.51201847127934,0.0694281827008644,0.3095517228221,0.0232670104297168
0.5,0.1,0.606716334716335,0.565898636508543,0.0267361157616388,0.643934411875168,0.10459799703098,0.582901158457002,0.0704771202554961,0.336644354639945,0.0291669274303677
0.5,0.1,0.55356802956803,0.515706677395014,0.0253482858197323,0.743550152569437,0.0971741198131041,0.516032028237059,0.0622778088114356,0.295583284446349,0.0252747353515344
0.5,0.1,0.590557706557707,0.495076731856037,0.0253530277629636,0.495775449000311,0.0688349547343501,0.442738674966066,0.0550745213411604,0.261340698589087,0.0232067898337862
0.5,0.1,0.609106281106281,0.534388760790593,0.0281114302420518,0.477173599398314,0.0704308236742896,0.591109523537229,0.0848062155385426,0.318607599556446,0.0257607574809398
0.5,0.1,0.591513471513471,0.530268840305147,0.0251772238330063,0.662174122674108,0.101187173459709,0.517152289537379,0.0637657727309677,0.314818639481497,0.0245097639609306
0.5,0.1,0.598170586170586,0.506522278223084,0.0238824774565096,0.401354589603163,0.0812753542614309,0.587358785470657,0.0736232043455009,0.326725264820263,0.0225457724615552
0.5,0.1,0.626910254910255,0.503821928427446,0.0220926231483863,0.433690074619375,0.0650515534249876,0.544605545051034,0.0536347708638723,0.34969045139594,0.0224359726271227
0.5,0.1,0.604280896280896,0.477635015590382,0.0241546034974925,0.492614234720584,0.0622393680273625,0.482113499849383,0.0597993049218049,0.277936396982988,0.0242691134137798
0.5,0.1,0.595370803370803,0.504214511620687,0.0236633817623954,0.481117422626611,0.0583918261584282,0.46002845703008,0.0539205216566327,0.296264424682732,0.0261641947583468
0.5,0.1,0.592783348783349,0.512533839677224,0.024289895350387,0.470414217106913,0.0817529620936148,0.509001917801457,0.0617133434159431,0.314652238952714,0.0238510419299592
0.5,0.1,0.56843578043578,0.512467202690275,0.0260294144667632,0.719517662393262,0.103603190748556,0.575036237628983,0.0890813116768673,0.293695637898586,0.0251852931668593
0.5,0.1,0.56193030993031,0.54391508250287,0.027920392741136,0.590693146156781,0.119685518020528,0.618292328737096,0.118224899982134,0.314217513083574,0.0272909272148368
0.5,0.1,0.589623073623074,0.549761808031262,0.025141779295487,0.47214978973068,0.06425235933311,0.494766117341477,0.0569111078366051,0.325279595601438,0.025977387054378
0.5,0.1,0.597166101166101,0.524449462848261,0.0253557549471964,0.51940442317103,0.053486509401788,0.628829189756039,0.101184073779691,0.326161935424553,0.0271519342748355
0.5,0.1,0.598449586449586,0.517447770141112,0.0233016267054946,0.610566117742268,0.071196013374456,0.503243561408375,0.0609880408697498,0.31494862148133,0.0229605758020626
0.5,0.1,0.580025068025068,0.512741581423048,0.0216336972551754,0.477888417655347,0.0484805189825315,0.559377681576201,0.0762937385723522,0.321922543464187,0.0237210858242762
0.5,0.1,0.556383916383916,0.504573103398313,0.0246277373840233,0.490584566255954,0.0637020043740028,0.550512997591162,0.0969103671138594,0.277882916533989,0.0250047805759448
0.5,0.1,0.578568494568495,0.506023415444117,0.0248361941514933,0.442060449601829,0.0783352213826765,0.562311667081231,0.0820061665979963,0.287580223633377,0.02259176574031
0.5,0.1,0.596211608211608,0.49464565055501,0.0224575872681808,0.355575249971531,0.058572269591864,0.419966923659731,0.0478814747494113,0.28207231200807,0.023883441079945
0.5,0.1,0.601447573447573,0.525214616196469,0.0225977277289607,0.469032129662064,0.058465245843602,0.582094761019915,0.0876453878672017,0.308134580508943,0.0234504307269918
0.5,0.1,0.624919764919765,0.482700168731442,0.0210776416538357,0.443973883030497,0.0715252440424457,0.489621332698561,0.0561805540983522,0.299169444424845,0.0236270143841479
0.5,0.1,0.576496044496045,0.474837114943751,0.0216585398867454,0.440319659525734,0.0769938045704384,0.470955620066562,0.0664108334312408,0.259602147211737,0.0214475018784304
0.5,0.1,0.6081554001554,0.5020616600834,0.0254219874419043,0.446975561391526,0.0289697424659494,0.479176778857011,0.0529198468076135,0.317158729637054,0.0229398766863901
0.5,0.1,0.598579510579511,0.452122946616075,0.0219338118630083,0.633303150562029,0.0624374127407064,0.573635045054277,0.0993758475088772,0.276567196960671,0.0221008437835889
0.5,0.1,0.597791697791698,0.495362579450071,0.0239295146110811,0.642469297554041,0.0783810221832297,0.456056222421973,0.0610736417424715,0.282808966767274,0.0237849719299595
0.5,0.1,0.590158598158598,0.497205249901964,0.0239794641859509,0.377942402451996,0.0506768323026014,0.509980254853824,0.077901807134413,0.271710443802419,0.0258494621697498
0.5,0.1,0.594059718059718,0.509565212579754,0.0247691222237693,0.514820260927122,0.0750778802746876,0.52002264490067,0.0634706035532775,0.299040670644035,0.0256729282080166
0.5,0.1,0.59008163008163,0.5122012161698,0.0247621330997693,0.723188411463096,0.164225979201893,0.554517084261792,0.0839727726151572,0.293057607677673,0.0241709806695139
0.5,0.1,0.620678132678133,0.471609455714137,0.0223950975132109,0.486271699362434,0.074172731000206,0.447676515536027,0.0505953381598866,0.280325591778008,0.0218290620332712
0.5,0.1,0.605931341931342,0.516115898943621,0.0236956474068989,0.492409520570215,0.09443756404286,0.517689569644789,0.0681420523529501,0.30401722802977,0.0248217167757598
0.5,0.1,0.583857415857416,0.495881559503875,0.0245314573708175,0.623497612843369,0.10488797454864,0.478375254814436,0.0659635988722337,0.285976298889153,0.0246949560420636
0.5,0.1,0.606623430623431,0.488067430010004,0.0258155647419473,0.459850901324715,0.0561402875289914,0.454755834108741,0.057505334838391,0.289322746771039,0.0234884471210917
0.5,0.1,0.586341538341538,0.528523677870074,0.0263942007625543,0.422067111029628,0.0461078988578072,0.501279792832083,0.0603832777099558,0.325751993747441,0.0266488426527585
0.5,0.1,0.592257136257136,0.508310768410141,0.0233363781814142,0.415039167415724,0.0501998392238579,0.534102466656258,0.0659173907239569,0.300084124542977,0.0253774117516989
0.5,0.1,0.584449964449964,0.53592737333758,0.0276318274618051,0.452039642442798,0.0906108056720253,0.683997265386221,0.145752835169375,0.29781991579022,0.0261005947830078
0.5,0.1,0.636966072966073,0.466173967331439,0.0225451131028538,0.481180202694214,0.0741965011581136,0.385382360795568,0.0420433083539898,0.27754994312466,0.0213363387787275
0.5,0.1,0.64208805008805,0.509864869320994,0.0246734314206597,0.472619636061002,0.056721736469824,0.487446195095961,0.0586259735850115,0.299150611914972,0.023701862647881
0.5,0.1,0.598154194154194,0.473300785607169,0.024862556896701,0.454395308098386,0.0688664087169202,0.383399038175531,0.0433418378489553,0.257335920975116,0.0251150682706341
0.5,0.1,0.599021327021327,0.485946277598821,0.0247478745993053,0.435950346369768,0.060012231161512,0.436788003827913,0.0476875036091945,0.297710603673144,0.0254975078444905
0.5,0.1,0.596108672108672,0.533408574270924,0.0272993521039615,0.574901751554623,0.0759803637123788,0.517956120414628,0.0572755773792442,0.325360459368662,0.0280565895920791
0.5,0.1,0.57824087024087,0.485374528812797,0.022997121017904,0.326886080824345,0.0514847514338734,0.412194719831304,0.0530705609714038,0.251412851683693,0.0270002369440131
0.5,0.1,0.577719985719986,0.492344196039464,0.0252694974630784,0.452185309098892,0.0740274111899739,0.456099729492738,0.0611385076578308,0.26890605813847,0.0253951191001895
0.5,0.1,0.564177888177888,0.475420377322755,0.0250344481078706,0.589791437983514,0.109493582126379,0.576543562366621,0.0914363008504461,0.267286081395674,0.0246148104714317
0.5,0.1,0.591947631947632,0.513342505812849,0.024587200942537,0.369792995703771,0.0445536664360048,0.524313165078447,0.0834167521691636,0.295668718060017,0.0230943766482654
0.5,0.1,0.614599010599011,0.504775246028593,0.023492508580433,0.400957902374836,0.0403397152821618,0.506849730378947,0.0639010011510849,0.305769184855352,0.024725291869599
0.5,0.1,0.60830564030564,0.50323550272917,0.0280062500118715,0.530573316038393,0.109674763413621,0.483376112804341,0.0589626374531597,0.314961626661826,0.0286534649277022
0.5,0.1,0.557113097113097,0.465880375879831,0.0224813351358555,0.38880606031591,0.0513715703826635,0.479420854498255,0.0642578122540616,0.286991682719711,0.0218583161162249
0.5,0.1,0.611220191220191,0.493225078376675,0.0238673076358647,0.491561750006541,0.085557926595449,0.442233364870251,0.0475883854788838,0.297248912790266,0.0243274219464353
0.5,0.1,0.60596636996637,0.513467109341708,0.0207515757462075,0.617703924200202,0.111407867896371,0.481833687830524,0.0566229794752925,0.297901927278132,0.0227741893978196
0.5,0.1,0.557277497277497,0.551260484287069,0.0233341167706663,0.557514411173651,0.0743358417610146,0.553324649662429,0.0821672675502068,0.276472534429301,0.023961926762549
0.5,0.1,0.608179652179652,0.516459740592015,0.0244325518446435,0.610273537432661,0.0742138781631517,0.540629846964876,0.0608804890947221,0.327808066947061,0.0245440299334638
0.5,0.1,0.56033138033138,0.483645737792336,0.0234823126050035,0.458336817973658,0.0608131025522372,0.451591074880355,0.0573942261871901,0.263759902912647,0.0235250976670118
0.5,0.1,0.616294648294648,0.489252361338167,0.022236341819799,0.413478938330636,0.057176140750448,0.528778846905417,0.0732108035049879,0.312423317723126,0.0268871631914828
0.5,0.1,0.594450558450558,0.482434246734177,0.0243343187458239,0.43638097162045,0.0577770070806708,0.4277697286016,0.0457683625708838,0.28385924605523,0.0233726927339424
0.5,0.1,0.586174858174858,0.530281232013209,0.023898807358878,0.537272493310867,0.0815557260122036,0.503191437198116,0.0652662694175906,0.300901469448836,0.0245577057508587
0.5,0.1,0.568328992328992,0.485084530964641,0.0237990374515203,0.637273446882433,0.0849922248504938,0.492064504302417,0.0748866289064238,0.262777567307958,0.0244496192432668
0.5,0.1,0.584439824439824,0.521529980246759,0.0256001452687009,0.591803290302601,0.103563848084796,0.557058648675143,0.0789715469645728,0.288693046748005,0.0243830317084607
0.5,0.1,0.568217596217596,0.499686231725057,0.025959928757342,0.533582869806933,0.09335291007887,0.58668854415085,0.100255786509937,0.279893209778819,0.0253291498921478
0.5,0.1,0.565148449148449,0.499170491146991,0.0265847788557025,0.591925189761733,0.0620557155540374,0.61877423930474,0.132021627360255,0.25983827036583,0.0246452754269555
0.5,0.1,0.564164964164964,0.500764955940197,0.0239847853157323,0.807890857187886,0.123785255391935,0.555616294745255,0.0734562757461402,0.290354103771792,0.0266245891827965
0.5,0.1,0.554620754620755,0.495457631255266,0.0248698679192551,0.689755815495335,0.108984913496542,0.477742256418029,0.079884618744737,0.252776812844155,0.0235771648785404
0.5,0.1,0.59822695022695,0.464533726490245,0.022998763676878,0.449191167376095,0.0572348029448076,0.399794800960675,0.0573701931635589,0.248509780370469,0.0215868891307351
0.5,0.1,0.598445218445218,0.548667952808499,0.0254253335173295,0.612421467653511,0.075292635222971,0.553145338342986,0.0656717172308419,0.313834407959368,0.0258255377607972
0.5,0.1,0.582982578982579,0.477174819817778,0.0217885139125737,0.519224994101089,0.0607259776443201,0.440018236457144,0.0542196253780547,0.274894493035012,0.0234708876895431
0.5,0.1,0.647256311256311,0.4748273571843,0.0229624467393222,0.536404051826297,0.0665839528624762,0.438280563389508,0.0429882056282046,0.289522529244432,0.0213328633144202
0.5,0.1,0.554173322173322,0.559464810732413,0.0284789678916933,0.376601007015567,0.0566057528612399,0.573428957196618,0.094018544698793,0.287888862707647,0.0272451523490988
0.5,0.1,0.558033918033918,0.512215616457577,0.0246398200072486,0.639995016293028,0.0826354436518239,0.414829967662027,0.0399886011589802,0.307082544416912,0.0267886129275386
0.5,0.1,0.604562836562837,0.509598800962625,0.0259312704522656,0.401845654765007,0.0810372553967035,0.443768005901596,0.0443239776932561,0.313162786826918,0.0225878406618448
0.5,0.1,0.574241374241374,0.472068830227262,0.0231802938777409,0.41389089174859,0.0551972466469422,0.587871996771525,0.124930662984452,0.26968538053752,0.0219173150063691
0.5,0.1,0.601293877293877,0.533740358131673,0.0257674633726793,0.699625128351329,0.0854274211456584,0.505919816222219,0.0578683200710362,0.332292670862106,0.025450351878442
0.5,0.1,0.562658302658303,0.501124607789048,0.0262379927205496,0.588679342163291,0.106782545043347,0.413731856320503,0.0516408881449513,0.254944052071296,0.024350113276346
0.5,0.1,0.608635400635401,0.50827158363777,0.0246717944504764,0.499257306209215,0.0545308485378377,0.564462669259113,0.0867523696619883,0.320228868289188,0.0255377943936278
0.5,0.1,0.550342438342438,0.512705707554198,0.0262931447675226,0.465207539649303,0.0593181511323558,0.546044724896106,0.0629528733934432,0.326705641499038,0.0247296898492146
0.5,0.1,0.582798594798595,0.501128109984051,0.0221747778934184,0.521871295425281,0.0606828382678924,0.431551760868276,0.0523649879805589,0.278979348175048,0.0267453097425982
0.5,0.1,0.593863637863638,0.500641148924993,0.0251767306443553,0.363283448853243,0.0578054592512247,0.450422981514747,0.057391249598953,0.279805705485118,0.0253246749165148
0.5,0.1,0.60774355974356,0.507969058248994,0.0244457276214791,0.578460534248974,0.0860639413548405,0.475674782924301,0.0532570372653203,0.31692287170311,0.0255528038697257
0.5,0.1,0.574749298749299,0.478939724510703,0.024317296085709,0.476911352331155,0.0593221717327411,0.429563730645837,0.0465499575117075,0.281187506632586,0.0236994677790438
0.5,0.1,0.619564771564772,0.494643304496622,0.0223789378265325,0.539688809446459,0.0649425714676051,0.461756784708916,0.0518196719273005,0.299055984030673,0.0236036460938655
0.5,0.1,0.543011487011487,0.524424796347881,0.0263812462715878,0.571059789087939,0.0895830628216808,0.476375153537548,0.0649871191348461,0.285183508256785,0.0265925889608669
0.5,0.1,0.586818670818671,0.488105215756282,0.0221878599815429,0.515927610763495,0.107962740582188,0.479950261616542,0.0578196068466743,0.276053252481508,0.0235657524998659
0.5,0.1,0.607200391200391,0.495892482673091,0.0229627007567814,0.535851370999786,0.0637161165227774,0.382934099583392,0.0376766551379056,0.277143817645567,0.0238006530549073
0.5,0.1,0.583032391032391,0.492640420318523,0.0234905708323366,0.751701662098644,0.0952304549107993,0.505597286084496,0.0644220050016295,0.295763230532583,0.0249720238647391
0.5,0.1,0.614276774276774,0.511362968444226,0.0248691792590529,0.405033047548338,0.0872716718947475,0.493484003238327,0.058436943105652,0.313103736862451,0.02630181915516
0.5,0.1,0.601227565227565,0.562043785317807,0.0255238941260263,0.678077035265259,0.107708802156169,0.614973345654644,0.0868688715479785,0.334349532399874,0.0270611162373572
0.5,0.1,0.576746616746617,0.485476914604768,0.02390615545277,0.727815255234645,0.102403999516391,0.502897102584064,0.0518360423992247,0.311009248223539,0.0237889463401506
0.5,0.1,0.545337461337461,0.500778043751123,0.0282099168129745,0.474652098922085,0.072126618828056,0.430212299742989,0.064611881549003,0.247893653405499,0.0250133075613981
0.5,0.1,0.533617493617494,0.533883130901909,0.0268202162838881,0.517818277702707,0.0584901253914929,0.533510645369476,0.0936316860863059,0.265977257281239,0.0251759161460349
0.5,0.1,0.593237021237021,0.497323703033361,0.0232017858711774,0.475055975790803,0.055183281555383,0.506517225353382,0.0672653032332824,0.277146303972493,0.0226311064073563
0.5,0.1,0.604183384183384,0.496867613904198,0.0222689304795798,0.413105970819924,0.0723543988294102,0.419283479507163,0.0433931987515624,0.296140951194797,0.0236249236194623
0.5,0.1,0.567285951285951,0.512731336267581,0.0247946186418448,0.475549842084278,0.0679806637019051,0.446605410468467,0.0515531810468373,0.275943807797673,0.0245015257332734
0.5,0.1,0.559729651729652,0.521276534964992,0.0259121394253692,0.399430837630792,0.0547282204418689,0.584573650548764,0.0800718637679161,0.317493233998459,0.0263289474753088
0.5,0.1,0.617426381426381,0.46188336034225,0.0230458889607185,0.369605195501288,0.0676618595039836,0.4526396275982,0.0507680578296663,0.286498454077369,0.0234999269199892
0.5,0.1,0.572548088548089,0.520198529675366,0.0255992062357346,0.445480657563023,0.0824697804535349,0.874015475771698,0.205292578105637,0.336803419351737,0.0265703464661923
0.5,0.1,0.603400767400767,0.533225189926842,0.025092618557458,0.542888970098282,0.0792288550412115,0.430873784923495,0.0490425972911719,0.299033129868896,0.0257521232803992
0.5,0.1,0.570585918585919,0.492693676163976,0.024750253917908,0.44300044940495,0.0590647595035616,0.423854817984909,0.0542981902793883,0.271869856273222,0.0246591085780817
0.5,0.1,0.571009903009903,0.524375099866929,0.025461438735068,0.549009060605501,0.0657392618860498,0.480600401407687,0.0483120176953145,0.317651971755341,0.0281942277466858
0.5,0.1,0.552870828870829,0.504652309385496,0.0250664496168185,0.465344766286293,0.0628068724350743,0.628829569879112,0.107096176085548,0.291231906421924,0.02447212682204
0.5,0.1,0.579652971652972,0.535535959241205,0.0285568610109833,0.570410049172174,0.105554242460673,0.461622623294735,0.0546159498509456,0.302889933571018,0.0231800278651797
0.5,0.1,0.547072087072087,0.494105832820732,0.0240886116533225,0.568288335560781,0.077397154926781,0.508141216461726,0.0569734234914497,0.298673632717305,0.0253161353474191
0.5,0.1,0.557006117006117,0.514402080576464,0.0261222884638718,0.472770593940624,0.0612237659741392,0.406543467811302,0.0520745607764435,0.260284943022676,0.0235516612871806
0.5,0.1,0.61357096957097,0.495013897477606,0.0247730536103608,0.513938537921691,0.0981938380109619,0.461998670633392,0.0510171828333136,0.307080146513149,0.0258113901957712
0.5,0.1,0.614252222252222,0.464620354358577,0.0237284174745184,0.520534833106905,0.0918234482758733,0.45781776044798,0.0546788225863509,0.280901418558413,0.0237985908250146
0.5,0.1,0.608393804393804,0.502052530348585,0.0216636724632824,0.368375966623779,0.0517432457919153,0.51412385637577,0.059337738121734,0.311954331721784,0.0244343805836572
0.5,0.1,0.568940260940261,0.546816140334729,0.0254195025068547,0.589366283222599,0.0781073813528985,0.631842979374325,0.0946651202029483,0.319852405375123,0.0245818279199168
0.5,0.1,0.596506544506545,0.51630426705311,0.0259075881415521,0.482871751038621,0.0798052465366377,0.436057584486656,0.0479075806284518,0.273169834139298,0.0263744384990415
0.5,0.1,0.605450177450177,0.49666403480603,0.026236034922455,0.623200462210455,0.0958740199305806,0.489229704434387,0.0645726305202381,0.287347632292089,0.0225368046763185
0.5,0.1,0.616621552621553,0.489032752256464,0.0239613470820255,0.507972268301182,0.0588552600833168,0.507036308685525,0.0640011541337531,0.299199324232781,0.025061706426771
0.5,0.1,0.573673101673102,0.478863593551996,0.0244388801843184,0.364251987440645,0.0547569323685499,0.47557970354343,0.0622797971848139,0.262940293882911,0.0230832435056643
0.5,0.1,0.591740463740464,0.537987921410839,0.0245202084098772,0.569549700139639,0.066414236132156,0.642050511924401,0.112558516261063,0.319483114850732,0.0260851094803123
0.5,0.1,0.57023025023025,0.493626320994358,0.0242660628072434,0.499825471300177,0.0699436002447245,0.459411557636636,0.0571622171727282,0.267210557171009,0.0240850110327403
0.5,0.1,0.607317151317151,0.50475328671952,0.023999473949557,0.544489383104892,0.0718008495657169,0.594357411181639,0.100588074163413,0.321046710458763,0.0267900381424187
0.5,0.1,0.600476748476748,0.500062151669542,0.0231598259920018,0.58079586656221,0.0916783881799494,0.492364703737761,0.0645967820789893,0.282484924693048,0.0230343074788686
0.5,0.1,0.605386385386385,0.49597084025835,0.0225894499265577,0.451956488865446,0.0633866566832346,0.438019897862642,0.0483948925784748,0.2934911865623,0.0236305834363613
0.5,0.1,0.572665544665545,0.509333315039828,0.0223596823086665,0.581321153548374,0.0767483044817459,0.538739820388473,0.0792306711825942,0.291496737608508,0.0240880603512213
0.5,0.1,0.587775695775696,0.463693609785665,0.0212125207382204,0.409122119533407,0.066501026801112,0.554729490580187,0.106528651803078,0.282131351001458,0.0232785115318142
0.5,0.1,0.557503481503482,0.459803110515819,0.0206555486887313,0.473189348622301,0.0649152593124296,0.441595413467104,0.0497724702177317,0.271489978909963,0.0225599205232705
0.5,0.1,0.630725034725035,0.487564471831901,0.021337084720991,0.518241063130716,0.0603006759644226,0.447176386422491,0.0468427802463478,0.283987890777936,0.0232758398308967
0.5,0.1,0.624184524184524,0.483610176280188,0.0221253757111447,0.419512004105526,0.063783423353511,0.459410397495532,0.0483995473296759,0.297643050275184,0.0219075429365997
0.5,0.1,0.563383235383235,0.482361687674436,0.0229551617122647,0.516347277208431,0.089126420669852,0.434770951905313,0.0653880349711043,0.237843205694205,0.0247908763922689
0.5,0.1,0.600993504993505,0.522746868733968,0.0245539830700997,0.593403972760555,0.0843344055895776,0.580660132074826,0.0793023857178245,0.314620844152859,0.0244449094785226
0.5,0.1,0.596428664428664,0.457718031102692,0.0224443480709626,0.294793711167211,0.060524557965386,0.439432452071951,0.0544621490793266,0.272493832626576,0.0224817317467708
0.5,0.1,0.609509697509698,0.489728547199377,0.0225640783896713,0.511031468198837,0.108533251389648,0.482024637674832,0.056771299634274,0.293295050949736,0.0237873664466867
0.5,0.1,0.564016656016656,0.473373336634985,0.0214209682629241,0.445956298812554,0.0747530070532712,0.427342558475096,0.0547323692320154,0.265268769355359,0.0232056791166861
0.5,0.1,0.594871170871171,0.524604225068288,0.0238412717142034,0.601112434751007,0.0773326911419536,0.425999703870496,0.0492335782699449,0.307447374586546,0.0247022966476823
0.5,0.1,0.5723288003288,0.439802587839411,0.0202834132459518,0.47227962698521,0.0754040226465856,0.380359656654008,0.0450708648116957,0.258193708992141,0.0206621462253556
0.5,0.1,0.578733566733567,0.526442712036868,0.0239892703292233,0.698426856733073,0.0869384974281066,0.538866876974309,0.0775807619578472,0.30044705778679,0.0252439391155194
0.5,0.1,0.563108915108915,0.511442777697598,0.0233705441837134,0.525292856379688,0.0619992263914851,0.433711317803178,0.0428052168690413,0.280951262790975,0.02420536127077
0.5,0.1,0.573293109293109,0.514946897083784,0.0217806355628759,0.511722468956213,0.0448433592027199,0.477778929707123,0.0567196560558935,0.286845275279248,0.0248237644640489
0.5,0.1,0.593997497997498,0.50418027066318,0.0250801684674346,0.765309204085712,0.109023352259623,0.507059105164694,0.0650400541550874,0.306031474225238,0.0256274319546509
0.5,0.1,0.597896925896926,0.511973843416682,0.0242876157533688,0.719349988452609,0.116331266205561,0.482267260190299,0.062574792764481,0.306758794087356,0.0244349866512186
0.5,0.1,0.564726600726601,0.513343513356172,0.0221008804947305,0.448768732032291,0.0660212022251093,0.498756500373592,0.0711177695272406,0.277578090532386,0.0218440110919164
0.5,0.1,0.580415164415164,0.526784471162023,0.0232951107056564,0.531607734880224,0.107143825058636,0.575032050137944,0.0792802557793778,0.313196179688282,0.0243928666523671
0.5,0.1,0.605914505914506,0.47798430463407,0.0213451954015221,0.432158420888308,0.0763971799644148,0.434312627495547,0.0518698958217937,0.274264655933063,0.0231843789860272
0.5,0.1,0.59841013041013,0.466813836605049,0.0235547279551505,0.506579218991294,0.0830007267847036,0.448035065405978,0.0477994029399704,0.286302680595697,0.0217126887705414
0.5,0.1,0.551331803331803,0.487050691421283,0.0246399758056247,0.60607934860893,0.0728833491112768,0.492884378529143,0.0708710518287381,0.275730473585261,0.0243031856650568
0.5,0.1,0.617301845301845,0.532970720591203,0.0256070971265453,0.526021463334845,0.071610319795974,0.581866001040158,0.0749524492379665,0.329583317539065,0.0237596240025222
0.5,0.1,0.619798675798676,0.514375423442721,0.023458476479866,0.446378031237246,0.0569244000672659,0.496121907112985,0.0586856836941669,0.32733987889417,0.024734824646571
0.5,0.1,0.590313314313314,0.538131544051416,0.0268770399698926,0.538490517151632,0.0798418442606791,0.457512274196437,0.0594175855231299,0.282818834308149,0.0238246449654834
0.5,0.1,0.629518253518254,0.539656621222732,0.0269309743299454,0.520972613024636,0.0683097648841375,0.56534162286897,0.0746156263375533,0.321106042477624,0.0279826272029064
0.5,0.1,0.618577926577927,0.518630006994149,0.0232363243021219,0.476896999555011,0.0644738148892389,0.563033271991229,0.0824421683189216,0.314893918632896,0.0233200647979864
0.5,0.1,0.579856791856792,0.527167058815138,0.0231951999109425,0.59483296849131,0.0997201901625856,0.649220296358746,0.0983380518773806,0.329985393197183,0.0229715011585022
0.5,0.1,0.577256869256869,0.469891457895134,0.0221182408583442,0.462928877505507,0.0540771062853278,0.502131205279258,0.0728095192798385,0.271695180865745,0.0230595330738519
0.5,0.1,0.524712872712873,0.511086482761619,0.0230263381264783,0.492024132808211,0.0491491719717116,0.560981988673778,0.101638202766174,0.26078229830171,0.0242730920946169
0.5,0.1,0.617971061971062,0.486670896268934,0.0252180546072982,0.475453934111573,0.0806432579828394,0.511412200983552,0.0657919460307938,0.306744686782322,0.0247621655865679
0.5,0.1,0.632033132033132,0.442416141406836,0.0210033329121173,0.418921140505635,0.0744150178397761,0.504946047758146,0.0648676909791329,0.286839727098569,0.0208044899251852
0.5,0.1,0.616761508761509,0.497693254803931,0.0257739788100929,0.588167294994354,0.0933330253956181,0.520849303028841,0.0543121372358335,0.332520069493773,0.0253630827097744
0.5,0.1,0.59761038961039,0.512189939768246,0.023035317442021,0.567925719744711,0.0692915926239948,0.486995137894108,0.0547633287761767,0.306047168505216,0.0243602331066024
0.5,0.1,0.563023847023847,0.484294705943629,0.0241025963030516,0.58919620553386,0.0783020755562376,0.470013741170748,0.0564269645776559,0.285871278349638,0.0245076062812292
0.5,0.1,0.592491976491976,0.523662054617003,0.0256455549888125,0.531824235885054,0.0684501704112447,0.563969933058015,0.0835665296611774,0.308879031194747,0.0232484021487256
0.5,0.1,0.621142425142425,0.591944744647115,0.0270082477961482,0.587833521584002,0.0812281556989588,0.482664912927978,0.0531912231893336,0.358193939287566,0.0279297701297045
0.5,0.1,0.634508326508326,0.473554068993168,0.0244023279587065,0.308828355261959,0.0525235806360904,0.646443758615607,0.124950306791494,0.309339505833537,0.0250843457349206
0.5,0.1,0.602631458631459,0.514799952950849,0.0239349174338898,0.620196789714293,0.0752238745306694,0.512218378556466,0.071011367802598,0.29483381689961,0.025547051450613
0.5,0.1,0.618571050571051,0.506442128861521,0.0243024036144488,0.51626011393637,0.0735238233524896,0.439520596103056,0.0437833103943798,0.303301831268834,0.0244894271558518
0.5,0.1,0.564478044478045,0.536737121580917,0.0281122260219768,0.564726110854653,0.0790352018799867,0.542328466436819,0.0800867406345857,0.310290980282939,0.0297146909816856
0.5,0.1,0.591542043542044,0.470062170868708,0.0237446594912153,0.444916492892121,0.0677631765066468,0.630986810114168,0.0896378221063185,0.318754600271511,0.0211205767493201
0.5,0.1,0.583141279141279,0.519703641120002,0.0274775919325737,0.603802794115821,0.0950036379945905,0.553165741032802,0.0734597197619194,0.318671624565137,0.0245430673454318
0.5,0.1,0.607578535578536,0.489378505610155,0.0221339558976748,0.475240315236542,0.0549973878333054,0.486166035013112,0.0594038284132395,0.283625047270933,0.0230063451361648
0.5,0.1,0.530450594450594,0.515835679019186,0.0230276482934983,0.612416559283259,0.112266208863105,0.542130206958158,0.0926468345372135,0.262171544288547,0.0236136671230205
0.5,0.1,0.602569370569371,0.512063331322549,0.0243160804638367,0.448036844815478,0.0545153567388216,0.589276305921734,0.0767437563723586,0.305726677854866,0.0244228064228233
0.5,0.1,0.600108984108984,0.470306324043522,0.0221043130508849,0.464789067435956,0.0869035556291383,0.475974107127151,0.0554909400492614,0.300642270043941,0.0231964513653025
0.5,0.1,0.559640527640528,0.486410684790142,0.0239059919120735,0.361880680382651,0.0535367892449496,0.406056834654565,0.0472429282676873,0.260474226584348,0.0245280854161929
0.5,0.1,0.583861495861496,0.512735987002571,0.0237423570430777,0.42061945419466,0.0519425448715802,0.542696909851401,0.0736270061434385,0.29505600744104,0.0250031353310642
0.5,0.1,0.581000345000345,0.489833752389387,0.0238100462527788,0.394130936309957,0.066009997636048,0.426987460653913,0.0617173114146432,0.249238490796211,0.0253411708855555
0.5,0.1,0.582996594996595,0.519255189531052,0.0263964647763554,0.626935138789733,0.0979562701613354,0.505690741481633,0.0658447545726743,0.311805649224663,0.0278302977523975
0.5,0.1,0.613557361557362,0.491560875684679,0.0241209923175758,0.521929114512564,0.079872804377481,0.456353617752301,0.0489452159201057,0.301900717123245,0.025690386436877
0.5,0.1,0.576973608973609,0.476976538092399,0.0224403469048609,0.395922635807709,0.0552481863691279,0.417546671259608,0.0540930066148299,0.243750076972489,0.0237040585385111
0.5,0.1,0.610823434823435,0.532858525661775,0.0216747244293079,0.531894046944334,0.0525485068759471,0.564129877206422,0.0647829770603109,0.333253229901962,0.0245958420408202
0.5,0.1,0.554554586554587,0.518183880263053,0.0250150141022246,0.49400953545114,0.0828516675726691,0.593927146353661,0.0948540632736561,0.307355372553619,0.026108779836561
0.5,0.1,0.6084584004584,0.517173176846766,0.0238802594372389,0.569377715556189,0.0976724987525167,0.498276214899791,0.055122123830452,0.303805337078976,0.0257768449912808
0.5,0.1,0.612679176679177,0.484104271380126,0.0262380468688135,0.605080038905099,0.100129622889649,0.453497644957333,0.0506732266402646,0.286042410232346,0.0227015707984325
0.5,0.1,0.583234231234231,0.489859059309235,0.0222469590153711,0.523138088687273,0.0658220406123428,0.412887173742601,0.045274935860136,0.282219278811343,0.0238898023290774
0.5,0.1,0.559707235707236,0.512732050572446,0.0239700075247678,0.499338914649102,0.0681886156929997,0.452046138223899,0.0589871781982733,0.26330603105341,0.025546880437298
0.5,0.1,0.600153048153048,0.498688464999181,0.02308787931244,0.375819844338952,0.0554022955561104,0.561952752197279,0.078340423329321,0.307479882212671,0.0213653934585769
0.5,0.1,0.600687480687481,0.516503995365575,0.027893717389808,0.583969338229117,0.0674534210180787,0.569483144287622,0.0739889600543564,0.330953154484405,0.0270626088073577
0.5,0.1,0.549564045564045,0.493338518990684,0.0216846012791078,0.524952659636875,0.0662094817058655,0.478731643601693,0.0657872688768878,0.278091339629679,0.0243050185342482
0.5,0.1,0.561119889119889,0.487172456338792,0.0244306448088568,0.488401082768604,0.0581013024270862,0.457864093351647,0.0681514419487918,0.25114849137936,0.0245267561576962
0.5,0.1,0.580860220860221,0.440534998967262,0.0212381942421332,0.434617854418971,0.0723703588838489,0.464765130397604,0.0717838365426547,0.257215293705843,0.0218544674120846
0.5,0.1,0.617086421086421,0.506728189997634,0.023964744682168,0.464217849065122,0.0680782109955969,0.467049892284832,0.0457653709482998,0.310378368247914,0.0257239194317643
0.5,0.1,0.604019416019416,0.536502656740168,0.0229086982496385,0.699130718210856,0.0979896060655845,0.549373374451938,0.0621851992956363,0.316069965683366,0.0271457306061318
0.5,0.1,0.611174051174051,0.542926585036889,0.0279275356039209,0.625963682517775,0.136146788673,0.487118552331903,0.0608899629158468,0.324734750372863,0.0264950602295555
0.5,0.1,0.622184278184278,0.478317985083197,0.0223944749144709,0.397915116401253,0.0728201224092096,0.48799648140542,0.0506325558633403,0.325624178389683,0.0241157169777276
0.5,0.1,0.620052824052824,0.533396522017335,0.025908507024915,0.556071391740966,0.100555590797553,0.636633710936382,0.116205298462085,0.337831010050042,0.0263504288324273
0.5,0.1,0.581973701973702,0.541915336375708,0.0259946527196536,0.551277939052414,0.0987356324326886,0.530470075962998,0.0668765936327146,0.306159822720056,0.0268340207743486
0.5,0.1,0.601152889152889,0.471983666445871,0.022987718484671,0.382111425294016,0.0739437519823912,0.483048635862151,0.0622377431190372,0.291508958747161,0.0244509586044932
0.5,0.1,0.599993795993796,0.44882276043854,0.0228597792340228,0.431601569772108,0.0519135539753798,0.45492564655724,0.0554811521404493,0.281889326628877,0.0229176193539156
0.5,0.1,0.594951618951619,0.500777837476607,0.0219731868586305,0.607009476483699,0.120234619937573,0.487812781514938,0.0564728613430376,0.288005833919603,0.0225171534899751
0.5,0.1,0.579585291585292,0.500684230338144,0.0224539418140217,0.515927184226302,0.0911879696685853,0.517109723553027,0.0682123085021429,0.297487523000418,0.0240268066251192
0.5,0.1,0.565179613179613,0.5005553711803,0.0229936629167884,0.521298627374217,0.058731031054988,0.505277399624559,0.0704201904088378,0.281647933924062,0.0245888866398742
0.5,0.1,0.588610128610129,0.494750087688027,0.0221620588633609,0.585393360017575,0.0925295014236094,0.596799696952366,0.096505118232897,0.299794062695985,0.0237519666155259
0.5,0.1,0.620630180630181,0.498508961689281,0.0242761548154481,0.655741575828339,0.0697279028817391,0.431589754902842,0.0485951958176281,0.313288357112084,0.0226178525225646
0.5,0.1,0.579667347667348,0.511813673749382,0.0265150562986335,0.390835161542952,0.0648387383819347,0.572973093586625,0.0947901335345543,0.285423430311575,0.027392139133923
0.5,0.1,0.610676722676723,0.471946537267398,0.0223521880276168,0.344939047215868,0.0636965958064043,0.489893474895589,0.0591690231001123,0.302137183722822,0.0243190317572257
0.5,0.1,0.569310917310917,0.512550758125913,0.0261040601286064,0.597702934011257,0.0526563522390079,0.601393662128971,0.110709924355894,0.296621972735278,0.025532245365782
0.5,0.1,0.611106755106755,0.480330731410014,0.0251356956240899,0.467555236505878,0.0739052242112521,0.480440148484982,0.0527082138513009,0.315946680615552,0.0241488189452862
0.5,0.1,0.601598077598078,0.463615040056034,0.0237260772985788,0.446432170703753,0.0655021126359535,0.46865589748532,0.059782821161434,0.274800000708298,0.0236887387989191
0.5,0.1,0.56162622962623,0.532302376838999,0.0274851363211649,0.653775328060711,0.0822117594481158,0.532351948931299,0.0608267527302706,0.333447137590468,0.0270561032080611
0.5,0.1,0.589167961167961,0.539081544342021,0.0255983703816438,0.548631672543997,0.0788890470869024,0.466257315249924,0.0537448933073909,0.295940881188079,0.0251909576996156
0.5,0.1,0.625420249420249,0.52286485991892,0.024956221729861,0.377830545002342,0.0536482305608478,0.514871223724358,0.0640567415864458,0.330218113364662,0.0243310185976261
0.5,0.1,0.574214182214182,0.496526394152307,0.0239111806104281,0.430211466013657,0.0713783375482707,0.530997188500247,0.0658963453164204,0.316115275170489,0.0215377004316917
0.5,0.1,0.612141504141504,0.495461524208277,0.0277885762613948,0.533839551174524,0.106411193217741,0.500776122753278,0.0665165277191932,0.283675902758995,0.0256500957250349
0.5,0.1,0.590209214209214,0.51883728150729,0.0240183333348819,0.554707925804343,0.063981226501549,0.551680681423375,0.0784419377343112,0.309155365612233,0.026678033730102
0.5,0.1,0.576239688239688,0.492402401678382,0.025136874530755,0.526967853418224,0.0568615030910816,0.385797191740303,0.044771691116912,0.281509019737026,0.0237904773723386
0.5,0.1,0.57234332034332,0.481035354075428,0.0233710041095463,0.431251213687062,0.0645231019393335,0.505080608603712,0.0663298854417555,0.293562317917908,0.0239843506385577
0.5,0.1,0.580366852366852,0.520027004992635,0.0240127332130519,0.502460564487434,0.0868182329747527,0.584755341604853,0.0963247062082923,0.299368187644051,0.026283272925591
0.5,0.1,0.581288873288873,0.540072513571877,0.0236465643774196,0.591718379004019,0.0682475297471671,0.699642385221949,0.116350664527887,0.305042006651385,0.0251893387292383
0.5,0.1,0.567218979218979,0.474608830254523,0.0224547993466347,0.468168410166302,0.0826208774469145,0.464051472569546,0.0627497006002338,0.276556748530289,0.0224920062464454
0.5,0.1,0.625989937989938,0.487559319977458,0.0238142067207161,0.47908641794633,0.0608467779173461,0.424892297529693,0.0450927435525986,0.283868526261883,0.0236840172583026
0.5,0.1,0.603078975078975,0.519357547982943,0.0228084091899175,0.450700701892528,0.0687898426687749,0.569070115047859,0.0804618557549269,0.319285119647668,0.025581838528258
0.5,0.1,0.579324771324771,0.518045253716518,0.024120486705798,0.4252169155261,0.0788343260969312,0.444946033076584,0.0613242074150469,0.275812365352043,0.0255292974370032
0.5,0.1,0.58369363969364,0.479452210500038,0.0254133999995694,0.540622308651854,0.0710659837254421,0.611351561472122,0.0996533261220209,0.284682003889738,0.0239397858204395
0.5,0.1,0.6243546003546,0.478465924987794,0.0236860545869878,0.625034488326028,0.0980908574429776,0.528462377921018,0.0652036001043297,0.328548868922143,0.024011750914658
0.5,0.1,0.573148533148533,0.511126811069822,0.0278417865041448,0.433628306524638,0.0537240594642875,0.51601877659195,0.0732818438159228,0.291142480507929,0.027626647673157
0.5,0.1,0.585691857691858,0.528902236803662,0.0265563280272818,0.650170679532985,0.0945715436225866,0.614338214632239,0.0834650865265981,0.315194311649372,0.026016832532075
0.5,0.1,0.613401013401013,0.516792873902926,0.0237502490016593,0.387473333269714,0.0503935535416467,0.487122344312073,0.0485649257757363,0.324144358469191,0.0229967551956211
0.5,0.1,0.600645120645121,0.518953113855489,0.0269960825731891,0.524336074970964,0.0906469027629462,0.540277428571684,0.0722590767815666,0.312751150676169,0.0262094740163601
0.5,0.1,0.620423048423048,0.457027617085381,0.0214826205569136,0.431051400468027,0.0861911950928514,0.377533421178814,0.041119940328166,0.267810200603033,0.0239301383975852
0.5,0.1,0.622199746199746,0.481343847126359,0.0228982727876369,0.64438253442038,0.11554449228654,0.47320498301535,0.0550821188478894,0.274760625579459,0.0222296253162121
0.5,0.1,0.608735240735241,0.513346082349883,0.0232020167965265,0.530243694699417,0.0609265882857039,0.548978407299462,0.0780481687976361,0.302378656603386,0.0235638491291907
0.5,0.1,0.568156984156984,0.50843374461417,0.0257796261419521,0.501847070595887,0.066520125181434,0.577178866028303,0.077230210357003,0.309352775144681,0.024886360587414
0.5,0.1,0.595490911490911,0.500793458760922,0.0227704744063753,0.311413833515088,0.0301154790597188,0.42826542735804,0.042365594109388,0.28971797144941,0.0231478630615491
0.5,0.1,0.615980091980092,0.504799316071009,0.020719654060721,0.690221088562741,0.135015362352619,0.487560760617307,0.0601928716272433,0.324042946453885,0.024275421407884
0.5,0.1,0.565884205884206,0.453593187106642,0.0229741194317741,0.387269652077976,0.0654341855839941,0.471780843787328,0.0740208931197367,0.243067286896023,0.0233759333782261
0.5,0.1,0.608419904419904,0.485180173553618,0.0214355560972673,0.46951930486923,0.0687811024385465,0.486483210244163,0.0655625132134145,0.286621269660245,0.0236408259909412
0.5,0.1,0.604580752580753,0.467278274409432,0.0229773626814138,0.573274335196215,0.108528321602368,0.435175025369993,0.0517842915844906,0.271874386924463,0.0228345754623005
0.5,0.1,0.608402408402408,0.526150606876463,0.0238106840700727,0.648864453593347,0.10059092593314,0.58843841192864,0.0962987684900543,0.318694029527098,0.0261956713528012
0.5,0.1,0.584106452106452,0.505193284152115,0.0241390938333184,0.454666675359678,0.0478970379133652,0.49533344245372,0.0626127713081359,0.296032111374006,0.0232188891848253
0.5,0.1,0.593068193068193,0.502888175125773,0.0250382899641641,0.46335049759493,0.0480614599734481,0.438033261868521,0.048378091762707,0.283255096992267,0.0247335787193399
0.5,0.1,0.604741924741925,0.539141912923546,0.0262859475396778,0.618276803486465,0.0891900374792794,0.531954394943697,0.0730645840041369,0.313418184712809,0.0287996006133438
0.5,0.1,0.58237113037113,0.533175581730162,0.0249127270088065,0.672689197904302,0.117803340874167,0.462774869744425,0.0471925246612911,0.315614011947701,0.0258936807600775
0.5,0.1,0.573104337104337,0.496816617086761,0.0242231102444964,0.535671676126351,0.114038029417493,0.52459149929529,0.0675419322421806,0.293387697701289,0.0244026192231798
0.5,0.1,0.551059547059547,0.464897290535826,0.0217620881921762,0.468660692498029,0.0643471568430776,0.550430125389086,0.0983318372703007,0.253765819594507,0.0215667783520615
0.5,0.1,0.615867087867088,0.506943632350518,0.0251492593951744,0.417022114517946,0.0632573482099363,0.531028979911463,0.0671974399392269,0.299926432532094,0.0249296908438248
0.5,0.1,0.597614505614506,0.504514434901292,0.0224761740466027,0.566209435892788,0.0865692475212063,0.490703934678446,0.0512652695268032,0.32348951193312,0.0249727615584572
0.5,0.1,0.605367989367989,0.502166754175682,0.0240716890990204,0.567763195323661,0.0825691785431937,0.549127405046306,0.0669762265475508,0.317019007804542,0.0266240982619372
0.5,0.1,0.619793695793696,0.50818190187558,0.0253948511725533,0.898201176193284,0.128520872695473,0.476915599394028,0.0452423813405345,0.329612103561448,0.0263307304561943
0.5,0.1,0.607845163845164,0.558503620366886,0.0295192809230414,0.597540084941454,0.130137580223398,0.50112680591588,0.0547735545345257,0.327913437678383,0.0277704152207191
0.5,0.1,0.611423051423051,0.46527995044826,0.0256827821139369,0.604201950432873,0.0973064924466893,0.517153450037959,0.0670219821715156,0.298364080805185,0.023299367599887
0.5,0.1,0.620549216549217,0.50247362502135,0.0255545629606612,0.460658920687727,0.0703910528145571,0.612502270715222,0.0957073228256479,0.313863403233477,0.0266602393912421
0.5,0.1,0.616580032580033,0.476645280138276,0.0239809172713933,0.365100612717226,0.0769139805511674,0.639785565473081,0.0892159649887371,0.32079484198953,0.0243481421650599
0.5,0.1,0.560872436872437,0.500643409630573,0.0245721360962948,0.554617537564764,0.0542193193505714,0.416712057780782,0.0535549011909797,0.26876578937083,0.0252593467535845
0.5,0.1,0.581270417270417,0.490609138754433,0.0236081041390547,0.392106442553095,0.0641753161344616,0.436342700704018,0.0548560201810944,0.278199277925053,0.0260832287942738
0.5,0.1,0.577740517740518,0.475751059566275,0.0217323859028781,0.461864368744584,0.0574347096416689,0.572048021555036,0.090839791568765,0.273155718699266,0.0232991089846371
0.5,0.1,0.580405984405984,0.510434509365193,0.024333130666974,0.706035719204425,0.0955451474250091,0.791352784263165,0.203566876302029,0.281882232544518,0.018731570242895
0.5,0.1,0.544095316095316,0.48839048350519,0.0209810930221486,0.4078180051132,0.0691186068153431,0.443155862861216,0.060539369324376,0.252978494437167,0.0220387974943543
0.5,0.1,0.634014994014994,0.508301993264731,0.0223848642460251,0.60557597028658,0.0938801916017735,0.512651267869725,0.0518827359183387,0.334958004353848,0.0229908207762344
0.5,0.1,0.581944601944602,0.508108385086918,0.0234047205730846,0.393064206013726,0.055938460031317,0.589161147598745,0.0921817250446272,0.27633914291079,0.0251530679193401
0.5,0.1,0.584487392487393,0.511375092859565,0.0244092631602474,0.382514013944066,0.0593814383640545,0.465484554826665,0.0619457264299168,0.279158682754267,0.024633661242505
0.5,0.1,0.623217575217575,0.510445545870991,0.0236357162115566,0.520272096655357,0.0542039877901282,0.492741404996632,0.0545533971743118,0.31707454760995,0.0237851230749291
0.5,0.1,0.604395796395796,0.499077229031875,0.0257399733410797,0.674396242562923,0.0855839077794331,0.452745884086417,0.0462666918777841,0.29112370169148,0.0242323170399865
0.5,0.1,0.624760800760801,0.536926628940882,0.0248854865089035,0.50484046663047,0.0724181310170388,0.643411531012158,0.0999213334912305,0.347440246300918,0.0278096278923368
0.5,0.1,0.610074694074694,0.510133876595035,0.0205072113841786,0.606659175898102,0.100662579805337,0.641525049373535,0.114961149738208,0.297192253253838,0.0234632910171194
0.5,0.1,0.59451591051591,0.489774689058768,0.0226465747045865,0.66840119519112,0.0827023534109338,0.406857880173487,0.0379104251216415,0.287931368681647,0.0230642531028347
0.5,0.1,0.601830985830986,0.488471239659892,0.0261094842788551,0.39978074792859,0.0448414217280399,0.521373134705664,0.0689375513127362,0.294045223378346,0.0274575928511776
0.5,0.1,0.608413808413808,0.521429735487733,0.0223306725148749,0.621688480825701,0.0774300750872651,0.493582402157935,0.0656538582649319,0.289254672420401,0.0234963594057038
0.5,0.1,0.58553664953665,0.513908906321826,0.0239012186557925,0.547719148453632,0.0605260809919234,0.470423365134543,0.0601003039764076,0.290153578041087,0.0233942202995251
0.5,0.1,0.590647910647911,0.493502872390025,0.0253147903760883,0.413062181765824,0.0521561878179615,0.469395000350804,0.0648983943945991,0.292286543646669,0.0245299283270349
0.5,0.1,0.560128808128808,0.523763262498819,0.0280688903326322,0.534950463601044,0.0803143275217361,0.59421763394016,0.107660481742555,0.297034035679321,0.0272758157583354
0.5,0.1,0.600157824157824,0.50016460037064,0.0237207694761514,0.499459341269606,0.0776448357197999,0.600567831679022,0.0941649600422426,0.303959563808106,0.0245403036492529
0.5,0.1,0.593759417759418,0.50660508556269,0.0260906704236142,0.513432589194345,0.0822568602615944,0.57566366750313,0.0785093596850371,0.312440372564711,0.0248519802823048
0.5,0.1,0.5724431004431,0.499019586405575,0.0243050118583406,0.535335511408265,0.0945048338747197,0.641606170334584,0.107147417387302,0.310924619677564,0.0255766727300052
0.5,0.1,0.559434487434487,0.483851523845719,0.0219699334297011,0.544181473839874,0.0730885932759456,0.534075164466801,0.0927036107000285,0.247723455868726,0.022896648001656
0.5,0.1,0.596669840669841,0.461325363650138,0.0215194546270787,0.475464560125608,0.0602406838919179,0.374133249994014,0.0418427722145143,0.276714037737662,0.0221914027270805
0.5,0.1,0.606788874788875,0.517973035473792,0.023381568801985,0.560922744952212,0.112591589093506,0.525461227849559,0.0678034366001148,0.298405413781894,0.0246204528930872
0.5,0.1,0.603309843309843,0.478639349233521,0.0218329040527573,0.527713904633968,0.089233625417683,0.447843355110591,0.0506719613390051,0.267120098153822,0.0251140779299804
0.5,0.1,0.544903588903589,0.479626422832656,0.0222008577878133,0.341123817284606,0.0600495649212616,0.700290947484647,0.175551080409811,0.247428175120046,0.0227755493336981
0.5,0.1,0.568249156249156,0.4709299972743,0.0225078685588122,0.581702811583708,0.0933618798503907,0.454781953350037,0.0621642407204806,0.250870493498423,0.0229154662795345
0.5,0.1,0.60046536046536,0.55191842032284,0.0241637841475175,0.574408296762631,0.0882066784529241,0.540271354625291,0.0774736979194245,0.298700930316694,0.0228639311169688
0.5,0.1,0.606818406818407,0.498931000651195,0.0207928351210159,0.508620058258888,0.0559860332529424,0.5659294983872,0.0844049528007369,0.293609261045656,0.0248570460548077
0.5,0.1,0.599562143562144,0.47760019743642,0.022636955405433,0.582705744350257,0.0667198529621539,0.499442893142549,0.0582511617098445,0.315229500669094,0.0242955739578301
0.5,0.1,0.584242472242472,0.48072323550145,0.0258563188857217,0.348805719184508,0.0545979571445232,0.587637828359334,0.0939444738671573,0.293866202630931,0.0246404915762636
0.5,0.1,0.576301956301956,0.492521289971534,0.0254614433258954,0.575366553271888,0.0979173253760951,0.492010697215842,0.0591037486912207,0.295510219516205,0.0258017436352083
0.5,0.1,0.594448806448806,0.483988874234782,0.0243163047674958,0.382583778099964,0.0894261190383319,0.564719682483566,0.070935416257607,0.312591279716392,0.0231993326697358
0.5,0.1,0.585407601407601,0.479882546091243,0.0210304231601414,0.676496857160505,0.10196580686895,0.449006030810594,0.0563962506863523,0.281372637548213,0.0253349810070541
0.5,0.1,0.588807024807025,0.496372305076826,0.0223347578075045,0.505539570915482,0.049555428372034,0.564701299406152,0.0711638693086749,0.299481181001936,0.0235299887692387
0.5,0.1,0.618386034386034,0.544393180639605,0.0258586803982301,0.553298932356074,0.0738116297066187,0.546212598589545,0.0677280590295289,0.32498801349246,0.025055490229181
0.5,0.1,0.626785298785299,0.486519941664174,0.0226679220789273,0.469057505867388,0.0581316925913352,0.533109267535156,0.0840079969066144,0.296340935046114,0.0216937686923896
0.5,0.1,0.606350538350538,0.509533471689367,0.0226472361278396,0.557578281999011,0.100723566367875,0.50268591416038,0.0634002216249353,0.296822875246322,0.0241969184664546
0.5,0.1,0.579596151596152,0.464588807901123,0.0250401118052386,0.328360981859788,0.0708918668108783,0.516496151009658,0.0799059222967657,0.294607256660749,0.0254154868351267
0.5,0.1,0.616827856827857,0.510745786795117,0.022031536718062,0.49836072536227,0.0961737173532524,0.464234124534677,0.0538175716457991,0.332751305307334,0.0226613970451263
0.5,0.1,0.599548451548452,0.513400587242217,0.0244096858910104,0.5782626338739,0.0831070452161774,0.538845394950531,0.0628520901344143,0.321799912962932,0.0259322826167965
0.5,0.1,0.585698313698314,0.494164741285023,0.0242536472067728,0.516697870950731,0.0769224622501144,0.454499910625462,0.0587317741839527,0.283994304440954,0.0249096003589936
0.5,0.1,0.58379455979456,0.488777251090492,0.0213656609901237,0.49727251170638,0.0752117860777064,0.500119244026781,0.0679195333227451,0.288681120672331,0.0228616737773874
0.5,0.1,0.598951906951907,0.512886272039316,0.0245406986682356,0.387812367372991,0.0483394611402748,0.426054193504317,0.0511916352792458,0.270968674660026,0.0241325769556249
0.5,0.1,0.606286326286326,0.522070567679763,0.0284942120036769,0.458214295332437,0.100939668918756,0.583291213406464,0.0812711413505405,0.341486868247457,0.0279856882497677
0.5,0.1,0.598784686784687,0.489708531442053,0.0257148165797916,0.581369131112765,0.0974309259269931,0.55045143455923,0.0835446651065936,0.287121400153713,0.0243135600967436
0.5,0.1,0.588045696045696,0.499930163744462,0.0238464399410809,0.520297273560738,0.0801429202050069,0.466450837328392,0.0525901337756567,0.302873337195825,0.0236752456055359
0.5,0.1,0.581442257442257,0.501150749986075,0.0253770236498018,0.41833261359322,0.0641387073393191,0.540762697865421,0.0876018450175443,0.278850344430658,0.0233751371434515
0.5,0.1,0.636488664488664,0.461547944513086,0.0241772772705042,0.403944429882693,0.0711116369718995,0.436926538261521,0.0472596535623976,0.293048049539901,0.0257143050305022
0.5,0.1,0.585258333258333,0.535116902793421,0.0269937699191005,0.65024295914365,0.113755116766331,0.530889050030776,0.0717711900233174,0.307975586991086,0.0260814608409593
0.5,0.1,0.563950871950872,0.517294497298766,0.0222255492924531,0.484641481600219,0.0732099529750616,0.625816349533541,0.110667778759287,0.278202709424756,0.021667414679027
0.5,0.1,0.631042963042963,0.491788474845316,0.0253681816034438,0.434352996292138,0.0702140791583194,0.462519487309239,0.0490205057260879,0.316158246567245,0.0255553151750251
0.5,0.1,0.573579213579213,0.498457248065251,0.0220668395224195,0.516985100828839,0.0658894418271935,0.679854592434346,0.106743425752566,0.329546537866344,0.0241049196808225
0.5,0.1,0.572603984603985,0.476243223113024,0.0230360660881426,0.495023435109825,0.0737574141650899,0.432172806118585,0.0462027712273011,0.285102845847117,0.0236286054984784
0.5,0.1,0.565229773229773,0.491122998231699,0.0232784623726917,0.519458070951418,0.0731029479932714,0.438361646246802,0.0536009682277162,0.257436197008998,0.0223912206347349
0.5,0.1,0.598369474369474,0.523306557158514,0.0251612451956602,0.547090296816706,0.0865215512391514,0.50058663634589,0.0717534080621133,0.307844439242734,0.0234134612553437
0.5,0.1,0.567160947160947,0.473974685802553,0.0242340884440938,0.352116181534214,0.0567562573914394,0.475829272115954,0.0611836346603343,0.269989340854031,0.0246082677722036
0.5,0.1,0.618637278637279,0.491568511297128,0.0235642623658296,0.589416798430176,0.0790963546582461,0.563016586479057,0.0724485806077791,0.314927613305311,0.0250411929737332
0.5,0.1,0.579003471003471,0.474846728621746,0.0235360200256606,0.46267614008168,0.0598105261346945,0.524194524457252,0.102577962436002,0.267418949618126,0.0248877613323594
0.5,0.1,0.592259836259836,0.49321766911735,0.026397475482875,0.455025110301126,0.0656314055193029,0.556962339434433,0.0828830604923049,0.298083397928161,0.0255733197179142
0.5,0.1,0.547357831357831,0.507438202870965,0.0231049391426537,0.409094710347096,0.0722056292459221,0.556591751802279,0.0850987112197326,0.289873790918541,0.0259719501480408
0.5,0.1,0.572746748746749,0.451291910543017,0.0229432366086376,0.384007901388466,0.0430102926908077,0.511498770977956,0.0841842475405316,0.256930961755116,0.0248611537387238
0.5,0.1,0.590347478347478,0.479778976684386,0.0231309239765868,0.552815247418681,0.096023046726135,0.453350389226829,0.0570710917964756,0.266633914014808,0.0232790726534831
0.5,0.1,0.626449202449202,0.506556628917444,0.024779772208222,0.506435048037173,0.0862600511627541,0.575113725089347,0.0784809194829552,0.325463041691371,0.0264895446616777
0.5,0.1,0.583864915864916,0.459706036335589,0.0237971121262067,0.499312979177718,0.0919074946166115,0.473709472943268,0.064007692107692,0.296775245753239,0.0262506564717398
0.5,0.1,0.57209444009444,0.50352521161753,0.0244923057007551,0.427991918658113,0.0631839417144703,0.475935144958219,0.0647022910482966,0.286351558452728,0.0252391078937306
0.5,0.1,0.62826076026076,0.514873353236071,0.0241560965367247,0.467535573385515,0.0514877243752945,0.451327379130159,0.0484265959562068,0.312311492866296,0.0249823257799215
0.5,0.1,0.562034266034266,0.511488219066703,0.0249038793903693,0.489219718124644,0.0789343674442759,0.512407498174298,0.0695110109016604,0.287894503593237,0.0265686308142157
0.5,0.1,0.59179053979054,0.497266244409102,0.022990846578432,0.488663904424882,0.0707812020926437,0.580931913305392,0.0979852258535987,0.280880572685146,0.0240053646513756
0.5,0.1,0.621029109029109,0.48562620305605,0.022887595613849,0.667022049499234,0.119654921936889,0.514894151966777,0.0667062512074154,0.296655613764286,0.0223201037719217
0.5,0.1,0.588010932010932,0.467133923465071,0.0226665300638211,0.393637870799784,0.053970665223471,0.431381658523473,0.0493903734684882,0.257179117157324,0.0256848175910489
0.5,0.1,0.593512973512973,0.473845918381978,0.0216801784473469,0.565627809424448,0.074265367026669,0.546255008293357,0.0792404786688659,0.279326537256933,0.0247087715431719
0.5,0.1,0.567348711348711,0.526773522714976,0.0271494148044011,0.480828698715359,0.100356920412596,0.52613461932902,0.0689593526476912,0.29739978469183,0.0231485975291847
0.5,0.1,0.656549684549685,0.517548938445488,0.0243050824896602,0.496733700610625,0.0744971230023893,0.632489255665599,0.0862015319788716,0.367952412497708,0.023309207265178
0.5,0.1,0.570993030993031,0.529465769525548,0.0236659530839761,0.536522316851754,0.0699331477270133,0.458632302815463,0.0552708360815265,0.295200941669345,0.0242201367852885
0.5,0.1,0.62010488010488,0.531374309690006,0.0248774882531748,0.508494779140374,0.0560584801171916,0.572507948202693,0.0623563386110007,0.347188485782716,0.0245553524369359
0.5,0.1,0.63030417030417,0.467825900187412,0.021532778683348,0.66829131326687,0.11876682993781,0.494063398663424,0.05733849332374,0.300453990954863,0.0225543097411305
0.5,0.1,0.642087954087954,0.508677221030449,0.0246310374107338,0.559812853657938,0.106959752831826,0.519667909031833,0.0621717707135349,0.337610932774744,0.0248170778865009
0.5,0.1,0.557678357678358,0.490903241238144,0.0226956189196665,0.482795670108183,0.0546017298351978,0.476023773561085,0.0629696548423931,0.289038927432556,0.0245802871324113
0.5,0.1,0.563293139293139,0.489141609814827,0.023947580216933,0.57321509111969,0.0774966275017304,0.573061304806744,0.0957859766532052,0.273343111138846,0.0248500713820104
0.5,0.1,0.567586311586312,0.47585663625916,0.0234421045653327,0.406338170537238,0.051932569459553,0.466982392107618,0.0695843187925904,0.264143728875427,0.0238047378540996
0.5,0.1,0.590843762843763,0.516043280996054,0.0284424576786925,0.584279056694466,0.105707454956291,0.529578849383557,0.0625957474753093,0.322140599105801,0.0286217207152677
0.5,0.1,0.605836553836554,0.487086579512299,0.0223567913039142,0.451202302266696,0.0630948070337417,0.674374148867288,0.119571806716503,0.315141630985666,0.0228255796510564
0.5,0.1,0.596601176601177,0.498933012543092,0.0233966680889552,0.516451080515032,0.0697261881336885,0.50525903235538,0.0612209727592329,0.298086643294063,0.0234609865801578
0.5,0.1,0.556342228342228,0.501163296567189,0.0249105607780264,0.48624943083298,0.0608296012523668,0.516887653234038,0.0857059710940805,0.285549386755013,0.0254797522527359
0.5,0.1,0.630496986496986,0.491029865437075,0.0234299186893117,0.455475423815429,0.0606814386033961,0.479683145243302,0.0493885111187832,0.303413262162365,0.0229855433736422
0.5,0.1,0.643389931389931,0.476060875363072,0.0238749079199227,0.528372938364777,0.0681152600648003,0.469031544823473,0.0535707786631897,0.299308191160604,0.0250922459034621
0.5,0.1,0.597798801798802,0.531199105686205,0.0202963999962328,0.633769674063114,0.0878579668374195,0.431956212115427,0.037064911736031,0.303842516609225,0.0225434295885735
0.5,0.1,0.572733080733081,0.508960772328541,0.0257608720712655,0.531788762992394,0.0792827230355797,0.469235015769163,0.0603741112589617,0.276779013714643,0.0259706715305958
0.5,0.1,0.596610428610429,0.49525364626899,0.024572091286818,0.717804695474034,0.0796804042681883,0.482081613411033,0.0525788448591233,0.293566149451585,0.0217483717984596
0.5,0.1,0.621004593004593,0.474583266664965,0.0221603988580006,0.74489466188858,0.09070434702129,0.461568408437771,0.0558634901373994,0.278714843629023,0.0233521853244874
0.5,0.1,0.593140733140733,0.482652852758005,0.0218786453485838,0.467455329900197,0.0635469635242777,0.475074137146943,0.055842743308348,0.279834651336326,0.0224361957113782
0.5,0.1,0.597901053901054,0.458451732278437,0.0227382520445999,0.456561147441273,0.0792985196179214,0.418509232154253,0.0468580503785734,0.284799999154605,0.0232933576919091
0.5,0.1,0.605036669036669,0.480110849667647,0.0209727589509953,0.457684407571126,0.0545150337222532,0.44824274497254,0.0445918419013314,0.297818132071264,0.0241911368411314
0.5,0.1,0.607861951861952,0.514731731699611,0.0241607689993802,0.480676000830435,0.0826218415938477,0.554794218346417,0.0698668483397777,0.317459529249659,0.0255365656625222
0.5,0.1,0.56580730980731,0.511612347296448,0.0239016268013257,0.4319284863118,0.0763377705077143,0.614523643429824,0.115102698360203,0.29059854980393,0.026076292059325
0.5,0.1,0.609512037512038,0.475056207052886,0.0234178257178189,0.423312284049033,0.0438405651723629,0.63018718965822,0.104228577774682,0.296416183963162,0.0245985597646492
0.5,0.1,0.629499533499533,0.490865788687845,0.0234905092734072,0.51663479951159,0.0615982323801167,0.492467544599898,0.0642984962157703,0.316003810706396,0.0240653378545185
0.5,0.1,0.569272505272505,0.510835249189991,0.0225916797170993,0.496557251887918,0.0657774945562696,0.428090234633679,0.0466722557687508,0.290427697549387,0.0241714931550037
0.5,0.1,0.598910038910039,0.483775070533637,0.0237557511097776,0.415243615687066,0.0562088410352753,0.573090696078175,0.0897886296617745,0.295523556620541,0.0248529216292228
0.5,0.1,0.610987486987487,0.552568587092328,0.0245358564791782,0.737520047358372,0.0940952316150207,0.507609126547589,0.0485198535086738,0.337701047414101,0.0263453975114832
0.5,0.1,0.610552426552427,0.552617900119633,0.0258118195552615,0.489199608257544,0.0637698927914911,0.561826492287195,0.0703680510208866,0.345219025889024,0.0266656693208444
0.5,0.1,0.645237297237297,0.466905832353969,0.0211290367291035,0.441211642249521,0.0584996983366633,0.448612683674686,0.0443621225595371,0.294780444063583,0.022313348580368
0.5,0.1,0.597749625749626,0.484315657116811,0.0228652077465636,0.542193537889556,0.0581811526157793,0.472327357969064,0.0560770327301712,0.278340234133373,0.0234734555137705
0.5,0.1,0.574863442863443,0.498907526169144,0.0230922391168496,0.479472272983141,0.0711306248143135,0.60529678017308,0.0941162510660511,0.300572520138682,0.0254988160073536
0.5,0.1,0.579616251616252,0.530390678463111,0.0240108129315469,0.548677038946494,0.0647446579408998,0.52596968883193,0.0741698302796162,0.284051381845467,0.0239217050235732
0.5,0.1,0.593216441216441,0.453010726135145,0.0222019227190527,0.466258274257632,0.0657516816521407,0.58224493342559,0.0921992173571479,0.280009706739495,0.0222277008428053
0.5,0.1,0.586022458022458,0.508258817748701,0.0228532818513102,0.47787444043735,0.0683140554513882,0.490776812322569,0.0610628511585017,0.287809635698263,0.0255494869937102
0.5,0.1,0.603439923439923,0.49420031096136,0.021880625524958,0.513603228442348,0.0699995319305202,0.550041675759574,0.0675404469602256,0.315584982033271,0.0219159083201612
0.5,0.1,0.599651291651292,0.531066916428256,0.0240900900938856,0.515443929262376,0.0589003359115769,0.484274213405838,0.0575476728254891,0.318882999386556,0.0244623380538692
0.5,0.1,0.582222714222714,0.512623329048457,0.024059089903736,0.547557825807725,0.0699787673533171,0.497703444798987,0.0709781892148218,0.287563530772992,0.0243776090882301
0.5,0.1,0.581493281493281,0.526976859285967,0.0255966402983532,0.602835890174795,0.0953260433574804,0.557187841997378,0.0862175903626118,0.293444945421083,0.0248857329063011
0.5,0.1,0.584472584472585,0.539003515277591,0.0251473027771229,0.403688246535783,0.05873756722177,0.684126914985315,0.110770461415758,0.331798028343702,0.0237388013480784
0.5,0.1,0.601409173409173,0.498623282290142,0.024246353002063,0.636180389058589,0.125821679688423,0.500910295403215,0.0636884082025443,0.299123426547615,0.0245723420407138
0.5,0.1,0.545148761148761,0.541845749070292,0.0225656347017594,0.496989112865159,0.06238315630602,0.633425121785053,0.118467556630385,0.293620168444423,0.0224499168683686
0.5,0.1,0.540988056988057,0.513446392572369,0.023067930798752,0.492154329001718,0.0672967585209108,0.497512445568277,0.0751874377321997,0.277608251051487,0.0252206938817096
0.5,0.1,0.609737025737026,0.511211679729025,0.0236252441705773,0.726833651542451,0.0997653339457625,0.584766869254982,0.0677769048753916,0.34285188866022,0.0263755945690131
0.5,0.1,0.626198834198834,0.506810346067168,0.0252955490565174,0.579403907601403,0.0942025379155355,0.455272848571497,0.0544558600129533,0.291203412855779,0.0256722559413271
0.5,0.1,0.575174495174495,0.464039870907166,0.027062498198586,0.344828088674168,0.067943947431118,0.395285403933029,0.0442132794729139,0.26522643040662,0.0229479321145474
0.5,0.1,0.571601335601336,0.475139596028524,0.0208037146016333,0.458737369361759,0.0700061298993798,0.445619022341433,0.0626587567418472,0.26198265837465,0.0228442527389415
0.5,0.1,0.613509517509517,0.503052738929524,0.0229832632335983,0.597474437352058,0.126616866928414,0.616659046466287,0.09844824402135,0.317124702126967,0.0245729574335719
0.5,0.1,0.591705915705916,0.515546545841123,0.0239008042539355,0.475576770821866,0.0567482097095904,0.47453267663457,0.0532357797804901,0.297085718127509,0.0235479170943828
0.5,0.1,0.6203846003846,0.519968778355026,0.0247502193621559,0.486961133882534,0.0715116274161713,0.542213692486648,0.0688708406161271,0.326606876522216,0.0257565692348924
0.5,0.1,0.59434587034587,0.454531753218581,0.0218188472910917,0.462033574215428,0.0874609670273061,0.425481333895806,0.0461921475270222,0.283282869088653,0.0231642146051849
0.5,0.1,0.591099207099207,0.506577145067567,0.0255791236225136,0.49006105632036,0.0838775368323919,0.464566044559452,0.0496543647962254,0.321364312526454,0.0259879148179729
0.5,0.1,0.559435147435147,0.481413566802373,0.0239308051582491,0.694525474715746,0.0903754125979513,0.449453949176276,0.0541865886929051,0.262541576120803,0.0241524804012905
0.5,0.1,0.57420487020487,0.498352827813436,0.0259644627613281,0.473176444941017,0.0701696960636425,0.49945317154092,0.0672839502983395,0.293742521955233,0.0270466949265251
0.5,0.1,0.653520677520678,0.506677048048729,0.0242480619902493,0.448275364070794,0.0431787515439003,0.585928360978392,0.0675951054202276,0.362549124956078,0.0252525868926992
0.5,0.1,0.576221832221832,0.471929228584927,0.0189847697519547,0.536403081371997,0.0745090654783748,0.508667554194617,0.0667005030251262,0.290064382993197,0.0214480302225403
0.5,0.1,0.618879258879259,0.501926603364321,0.0227942597467225,0.502709532657166,0.0984405319927066,0.448799176441728,0.0517895451859983,0.289647346608427,0.0250274752383627
0.5,0.1,0.581147885147885,0.46270931106776,0.021356927194223,0.570690282421575,0.0985480941943995,0.397514881079675,0.0418969174954136,0.274203494474408,0.0233460212140295
0.5,0.1,0.57002757002757,0.528958551925135,0.0263558635224368,0.515924179663127,0.0778944831740588,0.476895558085238,0.0608011132455874,0.27650054331812,0.0238538561842099
0.5,0.1,0.594835662835663,0.516330352055559,0.0237945962793647,0.431401287828171,0.0443284431169961,0.551935391699943,0.0692363853321829,0.32893564300291,0.0261196839935023
0.5,0.1,0.623963315963316,0.519618146167719,0.0241237809675969,0.50577419198958,0.0585218081868486,0.469095288816272,0.0536238952170392,0.311910463873051,0.0251386872037541
0.5,0.1,0.616933816933817,0.489908406385513,0.022142802528655,0.520130351437042,0.0890972102011487,0.469164559505576,0.049819501926459,0.298204830200812,0.0217961883803315
0.5,0.1,0.577250617250617,0.470083241671604,0.0214791018913946,0.409151502835544,0.0601550904522725,0.506249587650992,0.0805639307060592,0.265305304441694,0.0216885578561154
0.5,0.1,0.605158241158241,0.489696506319599,0.023052805255708,0.514625856038369,0.0713048539509222,0.462894235510356,0.0523280973495056,0.278910788968042,0.0219039079311098
0.5,0.1,0.627052167052167,0.486273571681707,0.0224201329921713,0.4431504183266,0.0580169594445448,0.517886388773804,0.0651504086328542,0.29965013967834,0.0223843287096298
0.5,0.1,0.568036636036636,0.527937753976445,0.0282481565159778,0.4733622872751,0.0712752707534398,0.530811175857433,0.0645652071220786,0.312991624907419,0.0269037624804243
0.5,0.1,0.579003339003339,0.481594003411218,0.0251529741409546,0.469109150868525,0.0665143786428874,0.468847853075045,0.0688108392449967,0.250230144229665,0.022726573957758
0.5,0.1,0.576294192294192,0.471002256586475,0.0236240217673988,0.55983679546687,0.0720034277319857,0.527096750750647,0.0727327796472783,0.287020314962668,0.0235299273216379
0.5,0.1,0.615788871788872,0.525543300248409,0.0234525115465398,0.588317945806236,0.0664756143656725,0.520438334994678,0.0548332582284078,0.328104479203544,0.0237994897903352
0.5,0.1,0.619851331851332,0.498086793969382,0.025066005002285,0.486993520116992,0.0593581761180308,0.469539295551912,0.0492013687307382,0.301256219292867,0.0225090339841553
0.5,0.1,0.594893406893407,0.444249004434351,0.0220639254052791,0.372853706876017,0.0677310726882651,0.426655539018491,0.0504663924320052,0.266361883827522,0.0225762315051185
0.5,0.1,0.593243093243093,0.506626076537421,0.0260825221486342,0.517477397540783,0.064175820509436,0.463863025993998,0.0438421364502986,0.310192108325534,0.0244697651542343
0.5,0.1,0.628973260973261,0.524176985962449,0.0257959838645142,0.512945042649202,0.0719921276687028,0.500156862693646,0.0567017462767373,0.320502448981051,0.0253650670071531
0.5,0.1,0.606289194289194,0.532094995674133,0.0250525293078514,0.639291683705876,0.0702627394946756,0.60488004913688,0.0998688756881412,0.305228022616848,0.0259733018789348
0.5,0.1,0.57368724968725,0.511850463476079,0.0245512365082731,0.4840158992457,0.0812422608219043,0.424029289533852,0.0408494764922265,0.309967054471152,0.022802110472311
0.5,0.1,0.630899586899587,0.537933229335138,0.0267571276879028,0.536412881134708,0.0610011918095627,0.59590756206519,0.0695893021486111,0.368911664906007,0.0276016382462921
0.5,0.1,0.588432468432468,0.489918571774476,0.0230561202573203,0.479914196939796,0.0720208635026202,0.613056040891592,0.0835116353195673,0.319267955094318,0.0245325825449963
0.5,0.1,0.574492918492919,0.476936974441425,0.0225309829052875,0.485204416472008,0.0679612714076925,0.451948049323713,0.055116451814524,0.287818822990935,0.0262368953010976
0.5,0.1,0.585102189102189,0.495225761965022,0.0244423410746666,0.534813520947044,0.0802478032921382,0.601108900375193,0.101359999281952,0.288465810308741,0.0248538811524019
0.5,0.1,0.562619710619711,0.511797733748282,0.0263092608087552,0.47600608439426,0.0524357463345205,0.549384958664587,0.0793705997184333,0.280365058610872,0.0251850498557603
0.5,0.1,0.596842196842197,0.481230539485912,0.0225812176248707,0.430368410249138,0.0754825005719009,0.564422697187666,0.0849639285338008,0.300343880294829,0.0213164394587897
0.5,0.1,0.579792771792772,0.476443615878416,0.0215230471528082,0.489310699495581,0.0650605935875225,0.419576308628769,0.0473983449831584,0.274950968441232,0.0231489245354543
0.5,0.1,0.58596348996349,0.537459892471492,0.0262811665123706,0.431869794577675,0.0740382224311028,0.473559116612585,0.0498290353055168,0.327018162499496,0.0264542122388709
0.5,0.1,0.569633225633226,0.469272121791495,0.0236320037646573,0.365522657116621,0.0649035114490401,0.413336938202364,0.045970387641082,0.273629305606414,0.0244536103443619
0.5,0.1,0.617313185313185,0.52757049636578,0.0229057678578038,0.620600794910774,0.0713661624074489,0.480004469939568,0.0481506369014472,0.315008744764686,0.0249096369501291
0.5,0.1,0.603484755484755,0.466079665066873,0.0211249995633426,0.519571045330146,0.0648112105125825,0.487129653003252,0.0540165658441403,0.292346562681019,0.0229188036611667
0.5,0.1,0.633098133098133,0.507468200814093,0.0235609199431555,0.577381284519508,0.082153231143925,0.481227221211246,0.0531406772861868,0.305513364495909,0.0253757654050337
0.5,0.1,0.624227052227052,0.509427586360668,0.0243434223453852,0.655582938420184,0.083903027413084,0.517617461346743,0.0611299305799886,0.313427233875201,0.025216991609858
0.5,0.1,0.553553533553534,0.502150192426027,0.0229839727335906,0.785213074810599,0.137066793400035,0.433852841441273,0.0464571906308204,0.280316678154527,0.0238220816114891
0.5,0.1,0.584550152550153,0.507076656390074,0.02459720306764,0.473599843470988,0.0656249979494542,0.563324223219983,0.0916190781953417,0.288732141631713,0.0253547424794299
0.5,0.1,0.591659031659032,0.4529552616294,0.0202483168716794,0.516730025053186,0.0712347112430766,0.415293870583903,0.047789661054585,0.262251013284295,0.0213815421403016
0.5,0.1,0.606509346509347,0.470609691214787,0.0201694315228662,0.480234187354916,0.0707702454380957,0.530717776721999,0.0696779355150963,0.304500756296251,0.023391753341059
0.5,0.1,0.60568124968125,0.505233272793602,0.0235269805413206,0.467476462774789,0.0583614295566197,0.48615515692572,0.0587639734963944,0.311905425976934,0.0243046863375162
0.5,0.1,0.603087219087219,0.510030162256789,0.023433325574675,0.416434128856998,0.0532649906816439,0.510711960748025,0.0691911190378718,0.285995497018898,0.0228627127646478
0.5,0.1,0.601718857718858,0.487364745829902,0.0240729225319795,0.529673313579875,0.0791433870139022,0.522710458109079,0.0617755619664062,0.299394076694959,0.0232999621218951
0.5,0.1,0.624779376779377,0.487607342313899,0.0226484501396213,0.429218721655066,0.0676874511874253,0.538006719537955,0.0656831278559768,0.30687846994012,0.0232428716180554
0.5,0.1,0.585707481707482,0.463010409842071,0.0233509222163082,0.613789719121275,0.0912782084038242,0.421164368245954,0.0454879619316718,0.272535571336947,0.023310579170234
0.5,0.1,0.6039237999238,0.541718585644839,0.0258635127547881,0.319504697151705,0.0783692763862253,0.512830966723819,0.0596198195906495,0.339466927989656,0.0251286078234342
0.5,0.1,0.593294453294453,0.488496260109612,0.0230708874205182,0.449282073215786,0.0671458936865887,0.5205585520286,0.0803603940578487,0.279669000699406,0.0227802151379367
0.5,0.1,0.595210807210807,0.513536479050002,0.0229586819241063,0.396647339581158,0.0515126787399222,0.498952867359751,0.0610302862022433,0.304695123518479,0.0270338641422397
0.5,0.1,0.583357675357675,0.499400766597233,0.0241401740188728,0.547511895140132,0.0663690765657443,0.495636649381706,0.0646599452329393,0.289770021121681,0.0256374896896414
0.5,0.1,0.591324699324699,0.512125333260961,0.0238656279158082,0.555752044914007,0.0692362474110329,0.571686172764617,0.0664921411503943,0.328375854628975,0.022463066358645
0.5,0.1,0.569252129252129,0.503050548978381,0.0225080062828821,0.332936626369554,0.0502594145135687,0.497239643882258,0.0687866510629081,0.291072828739599,0.0229796592781649
0.5,0.1,0.621308349308349,0.508488446139911,0.0229202471498239,0.488520256448105,0.0990761060002883,0.501669910087167,0.0560913015203558,0.316099105295592,0.0239544647596317
0.5,0.1,0.601656937656938,0.514772903993171,0.0254941981445743,0.560474495802713,0.0627926131047253,0.551316330737,0.0718059531000852,0.314001137885424,0.0263616327904576
0.5,0.1,0.584356892356892,0.495001094421532,0.0232059282251082,0.404655308861922,0.0675874739684476,0.484261440428699,0.0558327063023652,0.289530237970393,0.0236652107155355
0.5,0.1,0.544054396054396,0.459597318552351,0.0216909738302828,0.512490442114145,0.0580927216120005,0.623133324739506,0.130460230438204,0.286657404432831,0.0232545235287976
0.5,0.1,0.584513972513973,0.511692750256021,0.0241449935909815,0.465963571252581,0.077030531083482,0.539756646774938,0.079866115571507,0.310495204537981,0.0255744149662654
0.5,0.1,0.611139875139875,0.469525284670432,0.0242226797350951,0.42702854031422,0.0617966026886771,0.531027780273011,0.0770069997202619,0.305259201751393,0.0232463208955764
0.5,0.1,0.603561111561112,0.474915871074915,0.0260107395791621,0.723458381018414,0.1461921202634,0.485768404607179,0.0495745487596943,0.298947406210011,0.0250605703664468
0.5,0.1,0.609958497958498,0.459374900637679,0.0234959532119211,0.3554910942718,0.066379881972761,0.385667195631562,0.0414487437089285,0.274255344131878,0.0234807701299401
0.5,0.1,0.560212724212724,0.523762036916118,0.0238420696245755,0.480199378068922,0.0929485477349074,0.457084209659805,0.0590085053715638,0.292807622174249,0.0236737774324771
0.5,0.1,0.597322569322569,0.479249615339983,0.0207928697654335,0.435383068337417,0.0520831474705502,0.712368240127268,0.156330064697046,0.281226055688618,0.0246288878629468
0.5,0.1,0.592220284220284,0.48905128352493,0.0226432834911981,0.450911853658133,0.0677732035938669,0.458088068798215,0.0545037154746554,0.282057391985799,0.024582298812012
0.5,0.1,0.592958044958045,0.481121358185187,0.02462426596907,0.482634122584484,0.0936063274799581,0.518300838758687,0.0735630337017008,0.283292892096563,0.0237473024205061
0.5,0.1,0.56370413970414,0.506180873391757,0.0242365743970176,0.46127051096553,0.0562100708995754,0.562862191100472,0.0860462872049077,0.283842477753018,0.0256339284088282
0.5,0.1,0.607554463554464,0.486679315415226,0.0209995101572607,0.39480750848044,0.0550291409695186,0.487254278397989,0.0591078791163469,0.305157568819049,0.0230731654608666
0.5,0.1,0.592319356319356,0.502749976170688,0.0250432226998014,0.754552600340119,0.116967141125717,0.451837772342095,0.058466544771742,0.293587025059413,0.0259257816700787
0.5,0.1,0.58759151959152,0.513350009897523,0.0249689062258897,0.411038746055029,0.0886574198385661,0.501580931054801,0.0603329489537718,0.312940447218578,0.0228823612441713
0.5,0.1,0.633633897633898,0.487848405343897,0.0241748465909445,0.364135026403968,0.0464497382955219,0.579826975441204,0.0855684867282969,0.32346341288912,0.0258064831896395
0.5,0.1,0.580808320808321,0.484071420830869,0.0218433600666502,0.646545550879582,0.0618228561240136,0.447679110100746,0.0528945876237421,0.27575355320756,0.0233942812162629
0.5,0.1,0.591516315516315,0.525070204258237,0.025928083238049,0.516193069297037,0.0887614329700902,0.52660143321701,0.0639259431210557,0.300580683818831,0.0275433176574533
0.5,0.1,0.625555105555106,0.516930889531132,0.0238682807153475,0.525536122114745,0.0637290742448058,0.528278204970169,0.052201867016041,0.335653269466438,0.0255266213283379
0.5,0.1,0.581778053778054,0.460472853844268,0.0233344799228866,0.425952985018577,0.0768558769284525,0.637879147556529,0.143234062601204,0.271635647725709,0.0235706639597127
0.5,0.1,0.608859008859009,0.500331533497287,0.0230740387238428,0.658975811501143,0.0821571363860132,0.51721551190574,0.0692991364629087,0.297709043027839,0.0235293746402586
0.5,0.1,0.593809577809578,0.514751934962943,0.025915548935198,0.558933845833756,0.0615668903005037,0.503206011422094,0.0623035453477315,0.32120169445735,0.0256897417572986
0.5,0.1,0.596949944949945,0.459936056470663,0.0210131120176725,0.362531589731105,0.0510358664344245,0.473993512893606,0.0703181041600896,0.262873924373007,0.0233375279113575
0.5,0.1,0.578886590886591,0.505863693618906,0.0238848412667489,0.482294832042388,0.0662323827460114,0.468195304545482,0.0586753539115257,0.264818084453306,0.0257562808763492
0.5,0.1,0.633440253440253,0.528237448026971,0.0268938428772553,0.429062733030429,0.0676223706910689,0.539812983481611,0.0646701576573815,0.32282617340366,0.0260623325006244
0.5,0.1,0.6115904995905,0.47696969379563,0.0243253519787514,0.570428170463648,0.0994209405634719,0.38698849445196,0.0415328340432311,0.272349733615351,0.0255467275497061
0.5,0.1,0.594142626142626,0.501547704352128,0.0226520122170759,0.500092389143168,0.0885283347341916,0.528543575971871,0.0648813630094773,0.324178219189117,0.0248150759003901
0.5,0.1,0.610460842460843,0.509965895343218,0.0244956051989949,0.709898556839401,0.125326780236361,0.418814191221963,0.0434939814679083,0.30112434610288,0.0243775617606837
0.5,0.1,0.630738774738775,0.493242839801706,0.0265024198231818,0.435547650586561,0.0923090139270951,0.53341747721295,0.070930703125099,0.307448320580187,0.0231401296846657
0.5,0.1,0.589007173007173,0.503278494887441,0.0257916579518144,0.439008916641195,0.0780791048053787,0.492129176185196,0.0749829697011866,0.285098418401958,0.0239171996090333
0.5,0.1,0.616304128304128,0.528875955356882,0.0238556704951208,0.537599840156732,0.0940388323629072,0.462371184096407,0.0554237062094474,0.307845592300773,0.0247376469974075
0.5,0.1,0.623011787011787,0.535830625839636,0.0258721263485609,0.830605493219317,0.134216598978633,0.470465439630839,0.0467801819213207,0.338178152177211,0.0272897853737371
0.5,0.1,0.594346302346302,0.485429553615972,0.0245057548601605,0.418086366823579,0.0663277922958587,0.525172140354628,0.0679898428503119,0.298321565037639,0.0213784437936224
0.5,0.1,0.600771528771529,0.548787349002424,0.027593336915737,0.502894117275688,0.0666853868525779,0.546788778213102,0.0596666907745365,0.340383776974934,0.0247033822250083
0.5,0.1,0.558602586602587,0.516889816090644,0.0253028477162573,0.504689931297459,0.0635107530748829,0.519735602747087,0.0711566551806837,0.298961323745701,0.0278518529574074
0.5,0.1,0.605113493113493,0.512405322325654,0.0233166096301627,0.482411267511025,0.0586801757145907,0.529287325742174,0.0645324041031339,0.306854836653922,0.0233123629250889
0.5,0.1,0.595755091755092,0.52011599553807,0.0235211399048287,0.504662796572451,0.0896879258559125,0.518252356041028,0.0716822017942173,0.323550200443345,0.0246151608976422
0.5,0.1,0.612163908163908,0.46390234360355,0.0219421318511983,0.418121838696952,0.0704281352881104,0.465817554232144,0.0518143107027487,0.310824464738544,0.0228249426810204
0.5,0.1,0.629426369426369,0.525897137819694,0.0227861150795484,0.405676170604514,0.0537571088685454,0.441034554708385,0.0469538902780107,0.308720934317484,0.0245955172029995
0.5,0.1,0.568280632280632,0.534300493554537,0.0257830813648894,0.604277365523523,0.0985855946819619,0.573545003811341,0.0896144773654827,0.306577475120221,0.0272871923062001
0.5,0.1,0.603704187704188,0.541475940712863,0.0267220305475464,0.537149634687951,0.096388424733257,0.45835411305289,0.0488093983381786,0.311649656064265,0.0251416189333164
0.5,0.1,0.623839511839512,0.503458580211027,0.0232250866078263,0.398393422678058,0.0446983248884698,0.573868232802903,0.0845745035716048,0.317905597220769,0.0244892612016575
0.5,0.1,0.588534480534481,0.490383071268433,0.0256752073979544,0.538244677431819,0.118886605197263,0.440080471729306,0.047723323366676,0.297396337528621,0.0254762314847469
0.5,0.1,0.629782037782038,0.518145264423404,0.0261619040421846,0.708919830433882,0.0979224543737608,0.574601770767856,0.0681875199230264,0.336561305495182,0.0250935119346275
0.5,0.1,0.61768904968905,0.518604233629372,0.0232156631435942,0.496779962915656,0.0775009888379284,0.533339472361062,0.0550967878904342,0.336395511058237,0.0256446772493591
0.5,0.1,0.553797925797926,0.529113720254499,0.022617069879257,0.571131368224563,0.0794854437957835,0.553199267189202,0.0870732559730077,0.272886624171883,0.0248500524002352
0.5,0.1,0.556620448620449,0.490289708750583,0.0241091126713883,0.522492735132361,0.0771818126032527,0.612490531547259,0.114414234396439,0.273504355923408,0.0230973591372592
0.5,0.1,0.619437763437763,0.458235423816577,0.0217901904610795,0.372035286579829,0.0476345563094601,0.454396387491237,0.0584611675329757,0.281830753788377,0.0226661361604424
0.5,0.1,0.603883563883564,0.533806813968736,0.026685197593474,0.639375450191435,0.0789392970291085,0.446886109193074,0.0513858954023323,0.306701497948668,0.0278842100713194
0.5,0.1,0.586182562182562,0.504973741946427,0.0240556304287752,0.434932672271104,0.0450493074709072,0.528184869253581,0.0631172968715412,0.301954814123812,0.0267748611850419
0.5,0.1,0.581002121002121,0.508885469436011,0.0225522640672379,0.567816356105934,0.070996856708349,0.592727722934011,0.0913492485911622,0.299355021393433,0.0252141379664508
0.5,0.1,0.641920817920818,0.478472581503472,0.0236770739757578,0.534460750903788,0.0753050337027024,0.517414243029055,0.0630326006142865,0.293813723197369,0.0238581939445013
0.5,0.1,0.603040935040935,0.554020477093996,0.0266164739210877,0.766544275263508,0.153008924995181,0.563892723805639,0.079508175022911,0.325730996270854,0.0267861863805507
0.5,0.1,0.59957351957352,0.464484319698615,0.0231861400367575,0.545894926571458,0.104877301278871,0.412426689253088,0.0451704435593491,0.264082955617935,0.0223130477139915
0.5,0.1,0.588651144651145,0.520975124335026,0.0249133117224958,0.765794681188105,0.0995690535153499,0.562380529122525,0.0903403820044164,0.287355886477385,0.0251585232854206
0.5,0.1,0.563996531996532,0.511811984345314,0.0242511433947394,0.49972280565362,0.0822706270015211,0.503091866910282,0.0658448515262324,0.292944464660869,0.0249511152584748
0.5,0.1,0.585145929145929,0.535125906614695,0.0266777936458305,0.35613400082654,0.0593832706603774,0.547129663362109,0.0685313187005391,0.315120320261967,0.0271868048222225
0.5,0.1,0.556894732894733,0.474275356880475,0.0228050143211432,0.481187500590754,0.0673767159897697,0.420220256836132,0.0481128210613023,0.266524166085386,0.0245268817228968
0.5,0.1,0.590553074553075,0.476930027619998,0.0239735618152286,0.467584452341293,0.0678997326068339,0.443200397040984,0.0548525608593908,0.274765869827969,0.0206259680549462
0.5,0.1,0.538343626343626,0.497363564094324,0.0235850863212676,0.50714762694911,0.0578640362207216,0.469661273407053,0.0680668610007919,0.253703883491223,0.0226580270360481
0.5,0.1,0.566560550560551,0.508670541044657,0.0254928258632888,0.549518674736658,0.0816800810937301,0.449529563585675,0.0503038999820036,0.281970772251202,0.0238448379925642
0.5,0.1,0.608834120834121,0.498328856772519,0.0240961414680534,0.699882701047465,0.127023626483325,0.415331677089624,0.0464215455685061,0.287538599459624,0.0259553818706943
0.5,0.1,0.602399318399318,0.525096171723332,0.0257995163653434,0.361098684924259,0.0653684001656741,0.478520364573954,0.0550192703128053,0.307059953951207,0.0261393791206552
0.5,0.1,0.584182292182292,0.491292301352178,0.0214145480237246,0.53758473426774,0.0880777276951017,0.557307915094604,0.0860795543111056,0.281207395468923,0.0236345032845381
0.5,0.1,0.579525243525243,0.502163639831331,0.0267864580060797,0.352290577348931,0.0688072267809529,0.532094359534653,0.0809127265734725,0.275136556055093,0.0260490348545209
0.5,0.1,0.611187815187815,0.473170522369508,0.0234440065616318,0.505637185586233,0.0648763437996576,0.43133170343983,0.0522331029921597,0.276246492725198,0.0236985369465402
0.5,0.1,0.617276909276909,0.489912595580367,0.0260717583716413,0.418429100654897,0.0419255668858562,0.507148365471213,0.0660988868769129,0.320768713282948,0.0261564894603213
0.5,0.1,0.589032733032733,0.527722654904396,0.0256367052788069,0.558933976354817,0.102631536985225,0.50387430237711,0.0639359582660935,0.305212773302951,0.0262779192590138
0.5,0.1,0.610133482133482,0.511830897927157,0.0259101694457463,0.639058180482743,0.115811630967261,0.46416715382215,0.0513429106878589,0.295306727467514,0.0267850955859649
0.5,0.1,0.613467349467349,0.50140826710908,0.0251720018482112,0.543857497866544,0.08630012886244,0.583918451415203,0.0813217267169284,0.322298096529769,0.0249052492021563
0.5,0.1,0.622355374355374,0.503017790098491,0.0231999155763418,0.531242913282077,0.0862804680445158,0.405452474557325,0.0396549198960388,0.297925499140859,0.0236451557032213
0.5,0.1,0.625365217365217,0.499192533926676,0.0247254597952011,0.518665179471299,0.100056218441211,0.470005894528987,0.0535371070607536,0.296655546270528,0.0244297174231568
0.5,0.1,0.5882499002499,0.539626986857914,0.0272514081997573,0.540432712378236,0.0840741159897695,0.51142614328114,0.0583284727574989,0.319277349388017,0.0306093532729412
0.5,0.1,0.58167614967615,0.490933994913066,0.0250588305519141,0.562240312867561,0.0965670686883991,0.385424239629284,0.0498388763124417,0.254140826522102,0.024434619517376
0.5,0.1,0.58990126990127,0.547239631485538,0.0248798915520551,0.534816822022088,0.075176638224867,0.602327524875449,0.0883905801456232,0.317008928005673,0.0265969460513887
0.5,0.1,0.629341169341169,0.532407494079713,0.0253330771823469,0.441262700909662,0.0565903402483354,0.518696989690863,0.0677442324408721,0.323364818844538,0.0265666865336602
0.5,0.1,0.57404497004497,0.479933390574134,0.0230792808234215,0.428173575274352,0.0480932874434017,0.467510267009154,0.0623343104156538,0.274232559461793,0.0248915969920758
0.5,0.1,0.596694176694177,0.486205056345243,0.0232057447008905,0.480742315440218,0.0716023747727348,0.561946897888988,0.0685885177281895,0.318891055536083,0.0224270677412221
0.5,0.1,0.557890601890602,0.489180126588292,0.0245059972408364,0.667836551719629,0.0960913548841039,0.526676106939911,0.0734534262737888,0.274106402059447,0.0234752650055027
0.5,0.1,0.584973692973693,0.481987151546429,0.0233468211224866,0.370286139335665,0.0687647927976483,0.536014588667797,0.0720532292452865,0.305423288732433,0.0232614844548277
0.5,0.1,0.605912513912514,0.460721321325373,0.0207151854461792,0.405167461222807,0.0675874626364874,0.437566950663174,0.0551226437227447,0.277176283045756,0.0211997611503061
0.5,0.1,0.582489474489474,0.538875962538798,0.0298303756475589,0.598267129650459,0.0955702231065524,0.427878728461723,0.0413815128031028,0.3262605646389,0.0254579811526343
0.5,0.1,0.573449961449961,0.469582234089974,0.0219367145311758,0.4730189183119,0.0703754091118718,0.461425125718241,0.0652299787257766,0.259616159084846,0.0209190953718746
0.5,0.1,0.594614046614047,0.503082706301622,0.0242172798532192,0.494413382880843,0.0728843283268975,0.431585825216617,0.0509540722590401,0.284717884815187,0.0230173488367278
0.5,0.1,0.58823544023544,0.499270852826769,0.022310075341649,0.656289187185336,0.0784723256259162,0.498449701068786,0.0613950729704067,0.300200734290835,0.0225438597171556
0.5,0.1,0.579788307788308,0.51158640998203,0.0273027864063804,0.680157419343564,0.0780983315242439,0.480371254716597,0.056340405182314,0.312951239340083,0.0252375978286834
0.5,0.1,0.606613146613147,0.512240228806955,0.0247904285742213,0.369487174332757,0.0538515419962873,0.515772395749969,0.0761492334566137,0.290483360305408,0.0261343185361188
0.5,0.1,0.57423583023583,0.511873731950586,0.0226911362119996,0.574638147672989,0.0965959480834276,0.591222918612879,0.096524138496422,0.303516100347316,0.0246318821282675
0.5,0.1,0.59759244959245,0.457160048354277,0.0232160761076934,0.382657201388903,0.0447351253992905,0.462349724447235,0.0539887751715857,0.27238283482162,0.022718064039043
0.5,0.1,0.494406614406614,0.487496528769468,0.02109253343098,0.612553751146645,0.099005157136436,0.56257997005413,0.124519986949141,0.225672040259091,0.0225974595081667
0.5,0.1,0.594547206547206,0.539537661616082,0.0310805087345572,0.441431899157446,0.0672895261246677,0.595496663191882,0.0747898536096214,0.334495339048519,0.0295166850511135
0.5,0.1,0.601139773139773,0.483545946694714,0.0242252564515338,0.628090373641628,0.0971611202916459,0.404132538011285,0.0402804576237359,0.284626610072042,0.0249795759993142
0.5,0.1,0.558281502281502,0.478865211768838,0.0215567997273046,0.454814075029589,0.0597779918149596,0.453597634032917,0.0736129929705279,0.247634699326991,0.0223955686669205
0.5,0.1,0.585146145146145,0.525718813306888,0.023975577649295,0.598198665641901,0.0882345215239826,0.489727457036185,0.0507115186080646,0.302903809061556,0.0235510009671925
0.5,0.1,0.602576570576571,0.507479940207523,0.0238446750410974,0.692465052450837,0.0743762901981721,0.42884095437532,0.0424310955346729,0.29032490675134,0.0242849849196853
0.5,0.1,0.579785103785104,0.508347455795796,0.0237092441296412,0.506913551137462,0.0763709377863268,0.473113837906891,0.0581278489029296,0.302626827564464,0.0235918656737628
0.5,0.1,0.583597555597556,0.504950200057401,0.0249028693043993,0.613071091719749,0.10422298407636,0.48713603304265,0.0646874300529163,0.281751748936536,0.0262032274396814
0.5,0.1,0.611845535845536,0.516987020068892,0.0239948806234391,0.489461255321883,0.0413020201141598,0.595234231987255,0.0875032291683755,0.301059596963851,0.0252272341410135
0.5,0.1,0.560898776898777,0.50848515176905,0.0258428043833641,0.503485931590529,0.0675730617106596,0.548999979574914,0.0879392320751014,0.284954425267665,0.0239908624728343
0.5,0.1,0.581383325383325,0.476822179213816,0.0243968314918761,0.345603358871503,0.0503119423996898,0.476397628813387,0.0710032156898124,0.253848414868215,0.0217117102380034
0.5,0.1,0.563309615309615,0.444923638071876,0.0215149406981388,0.434675609188979,0.064286996072346,0.471520019868072,0.0650338199884286,0.255860227560563,0.021934859440325
0.5,0.1,0.572414084414084,0.489108752498177,0.0241861268181794,0.60345575618704,0.0860360104147055,0.514860527939187,0.0792157043127029,0.267003966994596,0.0239808056242554
0.5,0.1,0.534010122010122,0.484215561234728,0.0245464243289593,0.515102150193236,0.0632369025947488,0.501628931613225,0.0783566031048897,0.257387415859864,0.0248350374492034
0.5,0.1,0.596514284514284,0.504093028349314,0.0219736608834771,0.592894564676631,0.06029248871104,0.447645050341601,0.0499942153818755,0.286217852840441,0.0242850911540561
0.5,0.1,0.582193542193542,0.462791792127583,0.0240961024786067,0.338467351311878,0.0517101501748431,0.385999559042945,0.0402872730460006,0.275406459366691,0.0242071511833865
0.5,0.1,0.590484422484422,0.539722144453112,0.0282750830247587,0.424186084697828,0.0795923506207745,0.59748798179119,0.0865621754934085,0.32275530081463,0.0277570406352053
0.5,0.1,0.581680397680398,0.466837955618085,0.0233866023449601,0.478277906494246,0.0571954459896619,0.406084407061682,0.0515740733976668,0.230029238250889,0.0250734478263401
0.5,0.1,0.552159324159324,0.502014191219344,0.0254002785219277,0.484704518030626,0.0882357314207211,0.389665748196121,0.0435508583803101,0.26633090435715,0.024273349954948
0.5,0.1,0.583287151287151,0.517884466633282,0.0247171225186999,0.412016505141713,0.0667544374682799,0.475078665480512,0.0522732367881413,0.30423276008094,0.0264433304543916
0.5,0.1,0.587298635298635,0.494303518907893,0.0231088818796013,0.597390083614579,0.0928573835674382,0.460846240651733,0.0578928271526889,0.279579533180712,0.0235855554799249
0.5,0.1,0.581260517260517,0.495475733915902,0.0234544463943676,0.408636890673544,0.0655804761317017,0.465444036495279,0.0668637195976489,0.261852919936529,0.022707850330084
0.5,0.1,0.593506841506842,0.475912547442976,0.0237570326619591,0.436375828916887,0.0633638808796693,0.45609267222884,0.0519047846438189,0.277195579029527,0.0220016777570077
0.5,0.1,0.613837717837718,0.549888840191625,0.0242488136522578,0.487633669696034,0.0793222120079375,0.582749195489317,0.0785348416354572,0.317715411677826,0.027076827413554
0.5,0.1,0.545705933705934,0.484421633410364,0.0226540900926439,0.627635889650627,0.0888832188340112,0.408033304755925,0.045847581658791,0.263099912753524,0.0227412512297537
0.5,0.1,0.623995055995056,0.500331747237193,0.0242633538985216,0.521557641442484,0.108246110673436,0.545873417689837,0.0637611398704125,0.345292833550086,0.0215453176191731
0.5,0.1,0.614243966243966,0.489726594969475,0.0229104743045898,0.71229585912694,0.0880966674414018,0.502410056559119,0.0562194829697168,0.30612935210604,0.0209561551940937
0.5,0.1,0.595377031377031,0.525444701200308,0.0257829105375199,0.615173305788181,0.0786359437918284,0.590320320098619,0.0858741040676061,0.307087025561962,0.0237444811251489
0.5,0.1,0.584946992946993,0.487844737577294,0.0237996156948099,0.425434496262473,0.0711866629975314,0.514608570530046,0.0657067597331996,0.297941281908046,0.0249802032857949
0.5,0.1,0.564732432732433,0.518965107644717,0.025443058564978,0.644925790020297,0.119947973886926,0.598621809277918,0.102104994822398,0.295897300972574,0.0244719735826751
0.5,0.1,0.607293367293367,0.566579569736165,0.0253872198886232,0.519167183862862,0.0564541279796874,0.630896787964456,0.082013670133303,0.369660042780489,0.0241784215024822
0.5,0.1,0.573685521685522,0.487274579055994,0.0235088550568336,0.379262391493561,0.0607004674519439,0.454557999781288,0.0511454615313307,0.298847167499377,0.0222327499986836
0.5,0.1,0.622159438159438,0.499827708924847,0.0237619114386755,0.556224836288128,0.0734439107828194,0.430472341829969,0.0392979558984397,0.316506513493733,0.0222554661866624
0.5,0.1,0.591515667515668,0.504349451549566,0.0241671961538766,0.53244500094739,0.0605880352934332,0.479549848996858,0.0520926009401671,0.303209680281037,0.0248655511183116
0.5,0.1,0.629590181590182,0.523451725809316,0.0246603587946128,0.514431324084881,0.0484662826791225,0.510555391751782,0.0634174447573052,0.332904340694093,0.0267421294697366
0.5,0.1,0.561685725685726,0.487703008381994,0.0254546778682956,0.373369392223917,0.0587223385110372,0.452257471593715,0.0700067086816502,0.253507197651169,0.0251421436792598
0.5,0.1,0.610275346275346,0.510436378489488,0.0265712864359553,0.465557201056771,0.0670620838087643,0.576021038097844,0.0929969118196112,0.308623750775372,0.026528478477783
0.5,0.1,0.64624495024495,0.527098961072335,0.0255906507831463,0.513599756818758,0.0535468855582539,0.581108599195024,0.0672569828561932,0.339777339531384,0.0251909603163338
0.5,0.1,0.613467985467985,0.507186394852408,0.0266860913357645,0.754772227636353,0.140495253670928,0.575083026408307,0.0950590858164693,0.307348676258965,0.0265539706688921
0.5,0.1,0.585059169059169,0.485611422404574,0.022117465001089,0.616839729764069,0.091991693396667,0.422465312251544,0.0478262109982254,0.270189268223694,0.0220106685872179
0.5,0.1,0.599841407841408,0.516840447627556,0.0263973973670141,0.453981223189135,0.0764480060909391,0.550540404472382,0.0750562681586854,0.33526968692858,0.0258150632405792
0.5,0.1,0.565719853719854,0.529578805549702,0.0256135789301362,0.675884991154598,0.113991908971939,0.515378162526914,0.0713703959464491,0.305376351224165,0.0283917391886291
0.5,0.1,0.561871005871006,0.52783478163717,0.0244586853372753,0.45465635339871,0.069355273937272,0.521815070770057,0.100095206888428,0.257184580238737,0.028347522781404
0.5,0.1,0.612147216147216,0.530182891472717,0.0254969486273519,0.449050515008033,0.0731319427855134,0.445668700168767,0.0472693422408201,0.317552380455284,0.0249909635788635
0.5,0.1,0.61806957006957,0.483545800720725,0.022010277394935,0.440223446261083,0.0615484711632324,0.464896509572136,0.0573580128106403,0.283809087061648,0.0240455858913629
0.5,0.1,0.611256767256767,0.492050205616454,0.0232008029657857,0.527911139883428,0.0785892744832168,0.527335034984539,0.0688126649805591,0.312320901141585,0.0245544357425785
0.5,0.1,0.577244173244173,0.55329247704147,0.0264391915023103,0.65725520841896,0.12781844477575,0.519148108372006,0.0675312208236038,0.30959584280591,0.0246772444934615
0.5,0.1,0.600768468768469,0.521862414997936,0.024420070165917,0.551980946523023,0.0894763674897673,0.483342302929438,0.0440422212126236,0.32725945856442,0.0257152924073645
0.5,0.1,0.558994482994483,0.510650250837853,0.0265470928858985,0.573604066682872,0.0947402250387075,0.494972707147674,0.0622036122072745,0.280896908226884,0.0249530475520054
0.5,0.1,0.623878763878764,0.537374232184411,0.0279687516939434,0.54104730338959,0.086723561642081,0.489159060638768,0.0540363229141937,0.326323665632322,0.0268059115909596
0.5,0.1,0.601887445887446,0.502445492225123,0.0253724810866127,0.549246638045351,0.0718195702055283,0.416966338022513,0.0408240767937341,0.306520832833879,0.0260348126118028
0.5,0.1,0.573565881565882,0.493061987850674,0.0246642807429539,0.539438796380576,0.0470008219322167,0.431756015525295,0.0551014341537522,0.267837572381022,0.02531160201019
0.5,0.1,0.64834638034638,0.485134071665119,0.0239955301292942,0.507448113391236,0.0748646933744773,0.497785019805604,0.0493716427878549,0.33811800652349,0.0245994658303659
0.5,0.1,0.606436734436735,0.483747550354766,0.0260067190761488,0.495488477826527,0.0866959645108991,0.48732141083145,0.063911192454896,0.276767234244956,0.0249666777608512
0.5,0.1,0.569676305676306,0.529217399263751,0.0245581122765342,0.62606950102006,0.0647738402919408,0.466996138639425,0.0587843391542965,0.277095481538708,0.0258783457805414
0.5,0.1,0.57794788994789,0.502557212975145,0.0241771621651047,0.581275416054568,0.0860083887977652,0.655352275004638,0.140794132298895,0.250352316690278,0.0222047869787691
0.5,0.1,0.579917055917056,0.525525713001155,0.0270058892635728,0.542230114488899,0.0671182820420038,0.449807938986184,0.0463025889128205,0.294351391603928,0.0246167657483453
0.5,0.1,0.620341712341712,0.564421347638251,0.0286335291792983,0.58191246922513,0.11103762129483,0.575364639967497,0.068273342225467,0.359525690246689,0.0274969974606876
0.5,0.1,0.593094161094161,0.491688475496823,0.0233115076836778,0.527199880792499,0.0875872462033253,0.430429569487442,0.0492560198586121,0.288202584942311,0.0247825144367733
0.5,0.1,0.556738108738109,0.513686762695689,0.0257274290307958,0.416882918618376,0.0722963728856552,0.587116590742647,0.0933930302404328,0.287721290142308,0.0248757130920831
0.5,0.1,0.604560688560689,0.528112466183401,0.0246718085684779,0.445701495875126,0.0521561573481088,0.496801867034741,0.0550980789520864,0.309066088840018,0.0258611278895909
0.5,0.1,0.607089031089031,0.476219409980761,0.0223055382302149,0.491747763422973,0.0714966275766205,0.448425519942236,0.058328219790183,0.282076017530492,0.0226865765650319
0.5,0.1,0.627635403635404,0.547822059116081,0.0260078625113186,0.621693519022606,0.105623923124207,0.486156909680334,0.0512943233868016,0.331887997262288,0.0271792149807132
0.5,0.1,0.637724113724114,0.519863053690211,0.0258381827118167,0.475795645471843,0.0612982583105683,0.513224515668821,0.0563066191414866,0.328637895407667,0.0241273076785929
0.5,0.1,0.594182706182706,0.478674933254962,0.0213652309323341,0.487708683727395,0.0926983070540371,0.455441276672333,0.0555488991704024,0.271386809020644,0.0213632993499708
0.5,0.1,0.607449283449284,0.525749257693058,0.0258773240670166,0.559156764088315,0.0687498581846384,0.54941327825098,0.0724009226850558,0.338651268503477,0.0256359756499282
0.5,0.1,0.605720285720286,0.447534856038904,0.0233761201750259,0.376533927332547,0.0582537912219603,0.544780338274999,0.087919905824087,0.29057763308695,0.0233316042000766
0.5,0.1,0.624308388308388,0.527814535599245,0.0239307845507853,0.555617516046844,0.0820751553188526,0.470965692779609,0.046690243191308,0.331888313006761,0.0264748875129396
0.5,0.1,0.611139803139803,0.481578295296519,0.0222791764466528,0.473573418137309,0.0465296024997648,0.572250725024729,0.0852421638896005,0.303046412171796,0.0263139375849931
0.5,0.1,0.605270597270597,0.500521272342204,0.026933584847298,0.91385412345335,0.0833840798278971,0.478172487467032,0.0495701322812708,0.331098903796671,0.0260417834271015
0.5,0.1,0.610474498474498,0.551059879052215,0.0234301756789365,0.477535893821711,0.0709112577700849,0.595431666759039,0.0671381697985079,0.355822605461385,0.0251191344315582
0.5,0.1,0.592796236796237,0.527286000070976,0.0258350024628437,0.500956074128436,0.104994421282577,0.639250474095264,0.108957795885252,0.304524496197567,0.0257937974857485
0.5,0.1,0.574035538035538,0.495753212410852,0.0248072043080444,0.584272458327565,0.0724579334333695,0.613642771487029,0.0982030398663717,0.309847015609183,0.0259701968616969
0.5,0.1,0.604566652566653,0.489049226154365,0.0235703740675317,0.607389843365456,0.11686768025611,0.441039570486383,0.0514070764752416,0.315848655414831,0.0249044175465986
0.5,0.1,0.57182791982792,0.500838562126186,0.0227460246552663,0.51133537410798,0.0798821914982094,0.458220097291401,0.0584559657781121,0.27426709763021,0.0269822778079953
0.5,0.1,0.595968475968476,0.469120748762752,0.0216258099308262,0.458147438286541,0.0564994596997567,0.440533421014892,0.0446854788423156,0.299516093070627,0.0239836014380575
0.5,0.1,0.604548820548821,0.514640852689274,0.0235728945334179,0.465512313295088,0.0715778592725842,0.522588751456472,0.0689598420269933,0.306298265968135,0.0262730670787465
0.5,0.1,0.589754977754978,0.512964380310265,0.0247945016617722,0.385535778556333,0.0429332921510549,0.418529967332708,0.0434666086986686,0.293859336007824,0.0248865109376253
0.5,0.1,0.597619533619534,0.465052716924321,0.0252975824922171,0.498056680068171,0.0806878852629433,0.487161058048459,0.0623396530351461,0.292143119996012,0.0250053007711702
0.5,0.1,0.619152547152547,0.550349510421141,0.025746867601891,0.555484840663932,0.0702389701459676,0.525523173565162,0.0590895696597812,0.356912666817283,0.0255479162702337
0.5,0.1,0.55566567966568,0.493590015254335,0.0260741164423908,0.497093755655693,0.0561899108236902,0.402011650800155,0.0449454071912264,0.270292814557615,0.0224780746186039
0.5,0.1,0.559544335544336,0.520170987439875,0.0251028443548431,0.487085543016579,0.0694487651455476,0.389884680584174,0.0396903437815673,0.281767826746478,0.0252977308118906
0.5,0.1,0.587023931023931,0.499345522710004,0.0237052504482434,0.469217621312127,0.0587993451441562,0.460883288033271,0.0585085634043913,0.28191123899044,0.0243998199352864
0.5,0.1,0.596770112770113,0.519924413759913,0.0246172098273883,0.520315603076917,0.0603117806514996,0.455733700271341,0.0503827631206305,0.30429495066662,0.0250533632921186
0.5,0.1,0.571204579204579,0.53869412438601,0.0233332579071767,0.470066821816917,0.0574743756336318,0.555688834233617,0.0677344677589364,0.320817556825862,0.0264694555359934
0.5,0.1,0.575792843792844,0.483386974090331,0.0235344816592142,0.525836144960952,0.0575515014506825,0.48815018319717,0.0615033597207712,0.290172716861867,0.0246931672597344
0.5,0.1,0.637460737460737,0.499817329669776,0.0258320731292205,0.497887503027679,0.064179237909263,0.466525816278817,0.0459607859193037,0.322283824508066,0.0248748852638753
0.5,0.1,0.603926163926164,0.483939814455235,0.0215999707334484,0.516025820748282,0.0590051961355997,0.475879504635588,0.0528850959275746,0.294790604935153,0.0241829364741754
0.5,0.1,0.627671823671824,0.483911399797064,0.0241385516175221,0.548927767244768,0.0696852641113456,0.568702972012799,0.0768819573310334,0.306209680449547,0.0251039445717446
0.5,0.1,0.62239681039681,0.496428529179274,0.0250605543206629,0.367766293164485,0.053682582548831,0.399732450602265,0.0442282393168003,0.292129500917075,0.0236627965106062
0.5,0.1,0.567593187593188,0.517817728700418,0.0254472008166362,0.449881847885627,0.0793723194982859,0.487014027819538,0.0788829802905421,0.272595311499168,0.0248121058273353
0.5,0.1,0.600532212532213,0.513802208416126,0.0231756779724823,0.427795386113977,0.0555481729027321,0.506663441222614,0.0550825061162074,0.320991967048388,0.0249009589219533
0.5,0.1,0.604797544797545,0.477028533963369,0.022109942102871,0.435131025661591,0.0747081368001099,0.552480910159183,0.0708783929609414,0.310377235139964,0.0221880026127176
0.5,0.1,0.589116949116949,0.479754037281423,0.0250930197173405,0.614702523154382,0.0729409799805194,0.492273783259517,0.0613453422197631,0.297701216641641,0.0247454516955433
0.5,0.1,0.567616275616276,0.478259373841017,0.0227205790222556,0.505912430752762,0.0756015615804114,0.40398833187169,0.0451435735114474,0.268359698175487,0.0234060770134817
0.5,0.1,0.629759717759718,0.541303233121618,0.0272535814956535,0.536379067982426,0.0845393109208594,0.506376160918087,0.0601280574324217,0.329803529599352,0.028477265375943
0.5,0.1,0.583542955542956,0.502014684365147,0.023294024372905,0.490334935956855,0.0562103559350151,0.445305293609855,0.0539734739347325,0.28490188636985,0.0240268126745308
0.5,0.1,0.599902415902416,0.472269065613217,0.022628837697933,0.477164653519391,0.0790078623900854,0.550952842888303,0.0789202635176438,0.30152339285677,0.0230846310785518
0.5,0.1,0.611803343803344,0.522716583732659,0.0280363352421578,0.599348030698864,0.119243166720945,0.4837152698904,0.0504609026813271,0.315486373065595,0.0262579275170397
0.5,0.1,0.630085986085986,0.493463901479538,0.0231473160535052,0.68868083037928,0.109323078659618,0.484526300334931,0.0532749078718433,0.312217758809672,0.024065577003635
0.5,0.1,0.583568707568708,0.524197887820006,0.0248841780233848,0.541825457496885,0.105316998466664,0.502092364832531,0.0566420849918752,0.32043507873832,0.0246689967869228
0.5,0.1,0.616219852219852,0.557086261645775,0.0262322189828142,0.726222275578858,0.107033728477898,0.551617809346984,0.0676968933757623,0.353063487426513,0.0271682001570901
0.5,0.1,0.580406068406068,0.512186181255156,0.0232607585145337,0.498753310327428,0.0469628443259135,0.562872591206234,0.0814168338419059,0.304314710077392,0.0258097471897717
0.5,0.1,0.589184725184725,0.523465541865529,0.0253650302993062,0.581194895134629,0.0988413723167061,0.489443083152923,0.0590414475587416,0.303124911372278,0.0233584081403672
0.5,0.1,0.597059313059313,0.499982887083637,0.0245375298964128,0.49574561179492,0.070939569345279,0.525556501424186,0.0808985903991153,0.295131118622204,0.0264366292994645
0.5,0.1,0.549120945120945,0.551578628471142,0.0259902700425329,0.550948181533671,0.0659861120651458,0.470762651317392,0.053978667035277,0.290255626048557,0.0255741010763294
0.5,0.1,0.61628368028368,0.47924434727375,0.0229055656219718,0.625031208796349,0.114306670213324,0.655777375182017,0.110180007870925,0.310100022128783,0.024141340307143
0.5,0.1,0.576284088284088,0.514391949043275,0.022833956188118,0.456677013078184,0.0530232506270452,0.524456429586864,0.0688827330116665,0.293345139003862,0.0210442089800882
0.5,0.1,0.583770607770608,0.507306707684046,0.025867998275539,0.55258550048189,0.0791399438723549,0.517268413207022,0.0634402669984974,0.322405033286671,0.0259534974421575
0.5,0.1,0.595197955197955,0.505334069150781,0.0265116389528208,0.478643979094706,0.0768087755458564,0.511396652283721,0.0799137496803778,0.274298868697588,0.0259760441361952
0.5,0.1,0.618385626385626,0.472442418988477,0.0251048536264302,0.648336471530588,0.0913533003805814,0.433279375985731,0.0439896941292225,0.288418315607868,0.0251881981139887
0.5,0.1,0.606946854946855,0.505673175994208,0.0246604732996585,0.622969527637798,0.0955372733675234,0.42579419894838,0.0446858600807144,0.304590995914082,0.0253461505441091
0.5,0.1,0.624603216603217,0.540565022944083,0.0260908841497861,0.643717322783716,0.0864901120595863,0.513768320690736,0.0633878264377085,0.328714819946368,0.0272171416046845
0.5,0.1,0.571812391812392,0.483698383458489,0.0215860963779783,0.438127857843037,0.0754421336103056,0.458084246344464,0.0603784143700349,0.278923395441453,0.0220893370886993
0.5,0.1,0.618568698568699,0.494043740631982,0.0236376054183069,0.58529922265128,0.115917489475245,0.496316180676723,0.0583695787457732,0.299617158439486,0.0250419090683577
0.5,0.1,0.593435537435537,0.477991191368994,0.0220242052450507,0.604845998557366,0.0990921106799319,0.48186248666871,0.0623972552647281,0.276445212860338,0.021351644756911
0.5,0.1,0.575324375324375,0.470751432744436,0.0222324564279325,0.49368830660268,0.0603108815124268,0.527936687751907,0.081081434714445,0.277732864015601,0.0243298848097166
0.5,0.1,0.605507897507898,0.480494574998208,0.0253576912119771,0.444039885393831,0.0670483381540567,0.438124472064555,0.0511606818715108,0.275062341233545,0.0238524990237395
0.5,0.1,0.583206007206007,0.522194632649723,0.0272396679044187,0.508295958605911,0.0703184122217268,0.563199975707885,0.0864288789792423,0.302844310633412,0.0278055989310423
0.5,0.1,0.603901275901276,0.511075863123044,0.0255814209482733,0.682587894283028,0.0902486519296476,0.490234834823419,0.0503264718098924,0.340745314693495,0.0255765353698142
0.5,0.1,0.58362847962848,0.449619902386361,0.0219573089254152,0.480550976419425,0.0742019332114096,0.483211567661167,0.0772135716281556,0.256402400938896,0.0242597161992963
0.5,0.1,0.61794194994195,0.518729202777599,0.0235355774567236,0.694800286671795,0.111182990540332,0.566547834185375,0.0821093894779583,0.322008937885314,0.0245366437274748
0.5,0.1,0.608636324636325,0.523849363406216,0.0246124867189005,0.611021803664297,0.105027323176797,0.528416861821952,0.0711274792794025,0.315966053920465,0.0241345290460496
0.5,0.1,0.574672546672547,0.476759684230008,0.0259547533377703,0.476183977483787,0.100826402626778,0.387722845351034,0.0419462056293607,0.262047677614754,0.025788603205427
0.5,0.1,0.620946416946417,0.512996255532852,0.0237882907869272,0.540530881270749,0.0722828653003253,0.607709863837133,0.0816157662702316,0.339061554282771,0.0237003591450254
0.5,0.1,0.591851247851248,0.548756986919989,0.0250702247322898,0.536632932457132,0.0544427465609486,0.57639673627541,0.0868603127374434,0.324165383117456,0.0238222181781666
0.5,0.1,0.582792186792187,0.498478002301622,0.0224731429558908,0.534896638117106,0.0743323117588093,0.51015809156514,0.0609942275394378,0.295501578815865,0.0236231043519417
0.5,0.1,0.578568458568459,0.477727077953396,0.0210526991827526,0.490867495674587,0.0646864145247886,0.402682347191531,0.0444222780152101,0.268857413255961,0.0248109806071434
0.5,0.1,0.592800388800389,0.491510900741542,0.0231771749082376,0.501342910279593,0.0906032659228408,0.438482963565883,0.0643760147535661,0.277553509459941,0.0248878268376483
0.5,0.1,0.585010317010317,0.489761841508812,0.0223759491233792,0.574235480834707,0.0893222663355055,0.467407911716156,0.0657133925696466,0.284069501903109,0.0247255908827144
0.5,0.1,0.569090789090789,0.532137300866707,0.0246884885204881,0.71784568058417,0.110668435700986,0.523591047160878,0.0689924362497369,0.314962393036779,0.0252770672870834
0.5,0.1,0.593614421614422,0.48877929851441,0.0262490202636532,0.434454721997736,0.0596551084459685,0.491972894561961,0.0599249609549495,0.300800841053378,0.0240743427448353
0.5,0.1,0.597961665961666,0.495011368237776,0.0241971037727895,0.345932591426172,0.0504945408918218,0.455577202004349,0.0536762970527168,0.291741277015303,0.0247890212875628
0.5,0.1,0.615265143265143,0.523078090384728,0.0240883650381638,0.585206839914855,0.0800701984195506,0.499626521660463,0.0525020129040304,0.323152219100576,0.0251493785563751
0.5,0.1,0.591282591282591,0.484297477713998,0.02255567990129,0.584753712270141,0.0915086031893018,0.435371271712381,0.0526149797631492,0.277478603122491,0.0222174641178586
0.5,0.1,0.593771465771466,0.466956840928044,0.0235447279034669,0.54945028897917,0.093796798654133,0.474936019859779,0.0684638973056506,0.2645969584267,0.0241914156476379
0.5,0.1,0.579198771198771,0.487181994770747,0.0195799627039606,0.494366180873453,0.0831874135954254,0.502330800615222,0.0925806694213671,0.257365768197551,0.0226152819032689
0.5,0.1,0.575479955479955,0.495776762451112,0.0227814300487211,0.588630982850194,0.0780359897904551,0.45634193382444,0.0591570386712287,0.267832313643092,0.0233683445560877
0.5,0.1,0.583183039183039,0.507868771667952,0.025823433710878,0.507340988707543,0.0868417330806997,0.510670077480424,0.0635252527236808,0.302036204891071,0.0255072525837718
0.5,0.1,0.596998316998317,0.481279072387515,0.0219887897415163,0.51722166517504,0.0904635676835593,0.45862245780334,0.0609590028996306,0.282522662388998,0.0246498431257404
0.5,0.1,0.570521946521947,0.481178676288291,0.0233662448332373,0.420569590677364,0.0656406371536494,0.544298102539413,0.0792855773258242,0.286458201968171,0.0224689353000668
0.5,0.1,0.586630690630691,0.527469052369549,0.0252492542627759,0.776921934978741,0.104451123065879,0.509852793310323,0.0692607329366439,0.295644474860937,0.0267341873602113
0.5,0.1,0.564716004716005,0.515669970271275,0.0256364417759839,0.587961244103126,0.0904693315733031,0.433124676754625,0.0489373774476257,0.278936353846732,0.0240840585122772
0.5,0.1,0.585001521001521,0.54119408163691,0.0236337291475718,0.608226264440187,0.0938573838723015,0.447133845507767,0.0459667474229741,0.301369831954909,0.0256358135230539
0.5,0.1,0.588197196197196,0.487908977612538,0.0245068933996345,0.48391352162802,0.0906333476977888,0.500076416823506,0.0705816703560738,0.293016508997802,0.022217027741951
0.5,0.1,0.589057225057225,0.488797111034278,0.0251105693574408,0.544388960550831,0.0688895790821628,0.43782380020147,0.05268686734229,0.288775672028444,0.0260663889213594
0.5,0.1,0.603038127038127,0.479013505126007,0.0236022964954096,0.505737983608859,0.0863438257100549,0.500454813570281,0.0678056997885707,0.291353096664117,0.0237218484816484
0.5,0.1,0.603104439104439,0.506245355408193,0.0266612214059822,0.515556140435375,0.0864809169712179,0.47208402687988,0.060947760993603,0.292746876713978,0.0262197625974807
0.5,0.1,0.6318340998341,0.516200058321375,0.0251701024312308,0.675516469164429,0.118686718890273,0.524034909605757,0.0560457691154079,0.33883264648592,0.0258765618253648
0.5,0.1,0.593924621924622,0.518714509880868,0.0260502420618606,0.468074242965488,0.0894835060930124,0.548701786483988,0.0720135765504533,0.31733105150285,0.0253608912931118
0.5,0.1,0.577523869523869,0.462754765487122,0.0243480535059262,0.512976686559298,0.0819020017063629,0.413087090740157,0.0576567502398273,0.254041247194654,0.0241125354217271
0.5,0.1,0.570506862506862,0.495013617954315,0.0212821110634459,0.539129992645574,0.0501372206705215,0.479473548639883,0.0639362793259889,0.272908844435004,0.024235077344014
0.5,0.1,0.61807527007527,0.507831992734282,0.0234287538272664,0.469503389981461,0.0909956449754255,0.441072688247128,0.0491123801791225,0.298000247902179,0.024742231459139
0.5,0.1,0.628229812229812,0.524566370306285,0.0251770044530578,0.537443049336489,0.0654957870319867,0.574770280683932,0.0720158686876681,0.335955587443666,0.0261082335029504
0.5,0.1,0.537978813978814,0.482670814473154,0.0243527142224691,0.56454108056708,0.0856069305123265,0.534418888764783,0.0760433684265671,0.269749812347952,0.0229527882307779
0.5,0.1,0.563877191877192,0.500354167610153,0.0245696139653831,0.469014497544107,0.0862634091212396,0.483777242486888,0.0653621175044533,0.269546632668435,0.0258068646780058
0.5,0.1,0.565897417897418,0.486443972417065,0.0248786116748216,0.594208001281806,0.0781069963497299,0.49018362075546,0.0696509325456785,0.27947232020309,0.0218021076547957
0.5,0.1,0.583917691917692,0.512339782857744,0.0247868638840462,0.513135234413959,0.0912978045318257,0.488243029226864,0.054615827619972,0.307897768646403,0.0272312497643758
0.5,0.1,0.600341952341952,0.511761069851428,0.0246226415003448,0.603215959166087,0.0791060336688355,0.530925684077606,0.0697968685193954,0.301846143585568,0.0237624848736433
0.5,0.1,0.602700998700999,0.51439859790414,0.0262580090763291,0.436643909857758,0.0533922138915061,0.460577439159267,0.0559060302883531,0.292937130438468,0.0264521871432971
0.5,0.1,0.61230492030492,0.489692071483532,0.0214338246275798,0.465348430870862,0.048590302441158,0.503682076878483,0.0589199398178244,0.314727092517568,0.0230119741559278
0.5,0.1,0.583594027594028,0.508204057086863,0.0239390753255996,0.61442126040952,0.0917550146636809,0.573754837606916,0.089607857933055,0.292340021382415,0.0268087693649744
0.5,0.1,0.594184182184182,0.471630470347186,0.0273386967851114,0.522409115484278,0.111341917057763,0.384998856421986,0.0427330671312181,0.252333658613114,0.0235387100590226
0.5,0.1,0.566928686928687,0.508096644980209,0.0241788459388352,0.352730296643663,0.0537405151941067,0.530198075573963,0.0721520154536707,0.290381380855404,0.0249698327143701
0.5,0.1,0.6159228999229,0.518672644686041,0.0256862468909059,0.527300647548486,0.0829329685768604,0.438881822877878,0.0522787787152236,0.299861637369123,0.0270388452592856
0.5,0.1,0.614630870630871,0.495369608115391,0.0234706241720125,0.434505892623116,0.0484241501612857,0.583660936312434,0.0906998041550366,0.287376338643906,0.0219449446094017
0.5,0.1,0.589618201618202,0.509268685060749,0.0235371392924544,0.461040746992118,0.0650047665502192,0.480611150231786,0.0572319745272655,0.289198417922059,0.0233191088040831
0.5,0.1,0.581034305034305,0.514014280089559,0.0255090053564099,0.40221039983575,0.0647350322977321,0.48947321517191,0.0583342084099026,0.293055662168963,0.023835250546082
0.5,0.1,0.620783708783709,0.533270997630449,0.0237491330553014,0.587714023908043,0.0502016647592535,0.564623853145272,0.05545340308202,0.357359651768588,0.0256514921322888
0.5,0.1,0.620436764436764,0.48975641003211,0.0230139958359311,0.397599784260512,0.0441938776769647,0.486081739640877,0.0599598898521872,0.297272241647359,0.0234008218101439
0.5,0.1,0.625818625818626,0.462437172018733,0.0225822551862353,0.405200240097443,0.0476293805967443,0.431302661930576,0.0457635021732952,0.292819710145845,0.0232547712410873
0.5,0.1,0.617594513594514,0.497604744596652,0.0237038339877802,0.422502294221111,0.0583166504790807,0.407837530269895,0.0418101112744683,0.293940052241218,0.0250398029956744
0.5,0.1,0.598189066189066,0.48135274113108,0.023988793411478,0.421854076770617,0.069033688026733,0.507167059278176,0.0666836151144343,0.309154103766256,0.0242850394297894
0.5,0.1,0.609142113142113,0.502809244913308,0.0240887891925218,0.495935700047533,0.0737715133937122,0.489910468816395,0.0498045063545869,0.320132708707971,0.026415563387793
0.5,0.1,0.578828918828919,0.449020101158279,0.0237905486191157,0.359563071594514,0.0790944036059449,0.49949880292847,0.0797774225531628,0.272224896240529,0.0230892094943248
0.5,0.1,0.590514734514734,0.489619063840513,0.0236016197006921,0.32779858667863,0.0514720965522716,0.607314437772361,0.125632984728214,0.280285428305874,0.025762427300545
0.5,0.1,0.590135426135426,0.466637364509665,0.0245056955220051,0.529032477459907,0.114096285480702,0.468461274721489,0.0702418721304881,0.266933581813227,0.0248953138111706
0.5,0.1,0.559905523905524,0.536970198639439,0.023393163237697,0.616620120192855,0.0942444776088022,0.599018360731558,0.0950179777310017,0.294685114204033,0.0249939141238496
0.5,0.1,0.616755304755305,0.480583715147614,0.0245072920147102,0.677880044691224,0.101577050807924,0.485668882871088,0.0490551369063061,0.317022600051896,0.0244337641197731
0.5,0.1,0.581723861723862,0.470079420340671,0.0249142027127298,0.468411776012383,0.0742931550764584,0.44940972859545,0.0584616531706075,0.271336485121539,0.0220627101213028
0.5,0.1,0.571988083988084,0.476624123838454,0.021544414204675,0.483024601025549,0.0714205266704686,0.557959820320576,0.0885154882643067,0.272700075750413,0.0226610204260239
0.5,0.1,0.617850653850654,0.477782196854867,0.0222407756020832,0.444539325808347,0.0710348002628574,0.463139711118256,0.0560322230975289,0.289517015346518,0.0240421849202076
0.5,0.1,0.594847494847495,0.481795087566342,0.0237642702365592,0.416127504567707,0.0700390125479114,0.453945646311462,0.059498807728648,0.294844159791661,0.0248925878407757
0.5,0.1,0.629320721320721,0.531351639884897,0.0255768168693723,0.466523666443742,0.0747736207487222,0.508058185041269,0.0571515793091694,0.329095614792103,0.0258066341545639
0.5,0.1,0.610248238248238,0.543652571872573,0.0272387112546413,0.453813673601335,0.070377206986945,0.53545349849042,0.0687461821527292,0.310660253818679,0.0276664582838176
0.5,0.1,0.602385722385722,0.520549164295577,0.0239566283950887,0.546703259187652,0.0856857081384203,0.522581410862857,0.0686577340580824,0.313502347701526,0.0261320831491979
0.5,0.1,0.590314034314034,0.50933128783759,0.0270435661552523,0.415175742613172,0.0722395709048744,0.462317207576396,0.0621968021119426,0.268739982791978,0.0250313595351625
0.5,0.1,0.590100422100422,0.48782618893261,0.0246340652762911,0.444446005691974,0.0590888758680094,0.460783100490472,0.055698554108588,0.273335328840292,0.0257128074728209
0.5,0.1,0.592986004986005,0.527608112124466,0.0274775006357647,0.498294279307072,0.0754019859780245,0.607969503058015,0.0858590600006923,0.315795887203354,0.0261121249962948
0.5,0.1,0.649356793356793,0.488965718054912,0.0224491580917511,0.443190246346458,0.0652893913517495,0.478813444922326,0.0549423837096397,0.30439656079339,0.0226184836665974
0.5,0.1,0.600041244041244,0.591881625952995,0.0304897349399304,0.468382225503887,0.0646507855850036,0.616820741117057,0.0734051277674136,0.365166663300824,0.0309280337768777
0.5,0.1,0.622197262197262,0.529205545775116,0.0231664111505862,0.635016851774473,0.0821324672605178,0.467877773207255,0.0533985304320377,0.31131912488314,0.0245272220008079
0.5,0.1,0.56786781986782,0.474708720665859,0.0215678986473861,0.387378866818145,0.0746294582793933,0.677484904235206,0.144171699056444,0.281388521288801,0.0246306020458542
0.5,0.1,0.571826995826996,0.488011703389535,0.0231109267404971,0.590611855071478,0.073802903635416,0.473982684271832,0.0580442965328675,0.280168088362688,0.0252466281652143
0.5,0.1,0.599912555912556,0.476371998558133,0.0211418685257675,0.489572540453062,0.072807319122236,0.418453325484703,0.0489494879546743,0.265422966554895,0.0232483748354034
0.5,0.1,0.571504771504772,0.470809380958113,0.0227387899014417,0.399854046624359,0.0571371917209878,0.549183119545024,0.118484291988267,0.232978179402817,0.0219556319475599
0.5,0.1,0.607393207393207,0.534360147560613,0.0259598563484893,0.516840508080781,0.0711796424707892,0.471980738099763,0.0593448576127299,0.304616134177961,0.0283226692244707
0.5,0.1,0.610571218571219,0.514075728874412,0.0259094046465977,0.508285030583168,0.065752068767946,0.499118118955423,0.0623157828636958,0.311589892043324,0.0260430426107433
0.5,0.1,0.58052722052722,0.523868460615369,0.026177865105698,0.346712404039836,0.0381494037834515,0.489618432912847,0.0631904814989106,0.289863415073153,0.0247944757671439
0.5,0.1,0.617413961413961,0.475066786376266,0.0210823565704504,0.3893295398809,0.0619258378872015,0.401447815097316,0.0435572316684625,0.251387800591598,0.0232346343975501
0.5,0.1,0.593932973932974,0.523494442245332,0.02614620159603,0.654374724240751,0.111980192035171,0.535765855329193,0.0715921233711898,0.315511508323945,0.0265422071203636
0.5,0.1,0.606354642354642,0.477819714098089,0.0215472205046892,0.46441601553626,0.0580188028866995,0.463265360336224,0.057045351965689,0.29772930231573,0.0238151986615583
0.5,0.1,0.59393846993847,0.471908528356366,0.0229199566806448,0.433938789515725,0.0809360143495394,0.5658245696726,0.105053638256796,0.274771775655887,0.0236631222883981
0.5,0.1,0.584122412122412,0.493767838822629,0.0234162426713555,0.41884270268512,0.0751693122168232,0.452586822051663,0.0520316156896912,0.287150062339821,0.0244488654328904
0.5,0.1,0.570642030642031,0.487894047284847,0.0231842010249819,0.451387332586854,0.0577813915323565,0.514403762981213,0.0682880647145649,0.280779579140805,0.0254561584979649
0.5,0.1,0.623081039081039,0.483715523798516,0.0264434590699053,0.607679682401629,0.0979963584188773,0.481750845052248,0.0583420539483552,0.305447795616561,0.024716947070243
0.5,0.1,0.607237999237999,0.509291968897341,0.0257239060454543,0.528704632031355,0.0658387528056724,0.532920729831395,0.0837085495470273,0.321670423619129,0.0250430932381614
0.5,0.1,0.59230648030648,0.53690852717061,0.0251261612607243,0.673724240325334,0.0993629066763936,0.669346124841244,0.113586017264154,0.325502072577709,0.0262582296461913
0.5,0.1,0.617358941358941,0.523298449747424,0.0255277476330793,0.544458955448112,0.0680640215679131,0.420374238647396,0.0430450766264775,0.290315686451528,0.025333030611383
0.5,0.1,0.586646842646843,0.498532901138223,0.0241577942560829,0.349237868637298,0.0477335694749047,0.610693949307028,0.0978462478610939,0.303199324213039,0.0246328533523128
0.5,0.1,0.591541671541671,0.482054624875642,0.0227470110701344,0.348509266340661,0.0561565459746148,0.572689008699625,0.0969124683323639,0.276519412479904,0.0243356145734719
0.5,0.1,0.591228147228147,0.481413272025843,0.0251759510868681,0.638171141015921,0.118171044667754,0.40369928960283,0.046864783864848,0.267623653863865,0.0236256203456328
0.5,0.1,0.639345723345723,0.535925602378194,0.0245952368707618,0.463357553443435,0.0647967322074704,0.568352427955921,0.0719876238620275,0.345358649560859,0.0277752435937238
0.5,0.1,0.595784515784516,0.515696437758743,0.0240154913525849,0.538226137053999,0.0800822640461658,0.58247829065061,0.0845499689588021,0.298277502909062,0.0253799526292027
0.5,0.1,0.588501096501096,0.496386445056252,0.0246762776516737,0.441818553733927,0.0551852915898506,0.444306989437526,0.047245864545502,0.284799873637507,0.0233053952512252
0.5,0.1,0.579158499158499,0.470230454991791,0.0232708623840973,0.518792342061299,0.0789959869758461,0.508679553198358,0.0721798047328698,0.264471895680754,0.0227555982998184
0.5,0.1,0.602515274515275,0.535359346388226,0.0260417507022033,0.665881220955972,0.0760774759711359,0.489446554443712,0.0499881612847691,0.340394393482789,0.0261900596493112
0.5,0.1,0.580666216666217,0.517198373415729,0.0242747027625258,0.443738950825671,0.0497444600957551,0.441206479176475,0.0439532213180372,0.312561311100963,0.0284491724615619
0.5,0.1,0.578744882744883,0.510203891233169,0.0248575949739034,0.447481418574024,0.0569383415214918,0.589107833985492,0.123544545574956,0.276029516996164,0.0249811269743287
0.5,0.1,0.61833417033417,0.479873918501249,0.0229278078813298,0.378930015623234,0.0640480627662574,0.441502131639687,0.0455762490443981,0.288376671932239,0.0233337900395084
0.5,0.1,0.559692415692416,0.469423131271497,0.0214232351721607,0.546886163056758,0.0993501101752373,0.562922907161186,0.117530038471889,0.242660971265384,0.0214517468878303
0.5,0.1,0.57040161040161,0.518391900562116,0.0263142516285286,0.587722772913086,0.077357070443868,0.457177279676174,0.0516677209192839,0.308315859855326,0.0256490933999355
0.5,0.1,0.558842142842143,0.487717926229525,0.0240637091666019,0.441700888474377,0.0577705570685306,0.390837846465175,0.0469919378185831,0.261842871710168,0.0244246652558108
0.5,0.1,0.56766921966922,0.491065381991046,0.0234566514671939,0.447687081762661,0.0418368068490331,0.501101962779543,0.0631844052797839,0.299944878283715,0.0236935323338013
0.5,0.1,0.577798957798958,0.514243759159982,0.0279936232912629,0.448411838976428,0.0727656893785254,0.394998630164328,0.0439459044192016,0.267731355958616,0.0235206668764063
0.5,0.1,0.577807573807574,0.482069564705876,0.0239351475239631,0.53891600053573,0.0592412749736171,0.448173931466216,0.0618908587097189,0.269766552203181,0.0230392858897136
0.5,0.1,0.60379191979192,0.494184674703287,0.0247730359349309,0.514890372614837,0.0807376726455851,0.503475117763749,0.0588879798577749,0.310559233508368,0.0221582826229686
0.5,0.1,0.588314988314988,0.50710297385911,0.0237282569270974,0.540568926969744,0.0712473925075582,0.458817220333816,0.0584859423337497,0.288370301533946,0.0233001131619564
0.5,0.1,0.608129012129012,0.497343309334825,0.0234507716935518,0.387165459515174,0.0617614045034945,0.446918871572471,0.0490096562311893,0.302168391526708,0.0244146985230329
0.5,0.1,0.58977346977347,0.55807550135105,0.0252802760318341,0.573730649010911,0.0651727943994963,0.581133937585728,0.069344062792969,0.342107745275827,0.0247353445785636
0.5,0.1,0.605571833571834,0.508137474296625,0.0216707616865214,0.533724025849838,0.0737740214265304,0.569262916294263,0.083567207433229,0.312585655315863,0.023101358782229
0.5,0.1,0.638423582423582,0.501749771512053,0.0225288280040145,0.408465324713521,0.0568941472830352,0.491826445106087,0.0437430510970311,0.336308517585275,0.0232148470184557
0.5,0.1,0.593634833634834,0.509335735073867,0.0285995995566075,0.625648222548086,0.0963640248938834,0.428649458103171,0.0444292811107725,0.31569664605582,0.030122315988849
0.5,0.1,0.611113595113595,0.520604266022141,0.0259530799734879,0.424211272572647,0.0735423304056095,0.508100424032838,0.0684635605612541,0.319447907705406,0.0259148813396309
0.5,0.1,0.582652734652735,0.499223365127338,0.0242090204217197,0.536252494959427,0.0743438403842961,0.417320005065827,0.0415855774978334,0.290241538795502,0.0255600843864758
0.5,0.1,0.588674292674293,0.478202618026625,0.0213496158033272,0.435380761619363,0.0692429906477401,0.392855451747234,0.0388232375051953,0.283521813267177,0.024589856736328
0.5,0.1,0.610461682461682,0.478841975257438,0.0248526407726176,0.603474917025805,0.119781841995453,0.446077062058075,0.0581470119004853,0.277503883425443,0.0224449686247273
0.5,0.1,0.600641244641245,0.513313864875234,0.0237176187590485,0.337690332924775,0.0484921681694292,0.404253011289198,0.048090872574447,0.281652369953855,0.0225117913556305
0.5,0.1,0.574898350898351,0.507491755004976,0.0241705049961596,0.592760334001558,0.109867076168626,0.518366021926453,0.0666034006147777,0.292200072335178,0.0225082306329949
0.5,0.1,0.578467346467346,0.483917871306021,0.0232679047582774,0.479512949081857,0.0496998350432962,0.443817881411321,0.0519375445232187,0.27593778110484,0.0257306944765253
0.5,0.1,0.605279717279717,0.467492974547693,0.0212329509354823,0.620418984940828,0.0945779793192154,0.439738690854517,0.0592908943559867,0.2687583074612,0.0224199026747934
0.5,0.1,0.598029166029166,0.502152407795236,0.0213981180957047,0.515863976769386,0.0692262752095908,0.555382132264562,0.0911904704041465,0.294762370428565,0.0237792490502953
0.5,0.1,0.571955863955864,0.482668692469653,0.0210490765587582,0.665717266002119,0.087329072795678,0.49191326034728,0.0646903618705087,0.280200013608353,0.0220023835574692
0.5,0.1,0.588784896784897,0.533320244598739,0.0262282274510911,0.66071584173333,0.0946228360794231,0.609453255869556,0.0806266379312835,0.333068400533986,0.0263092521330169
0.5,0.1,0.571758475758476,0.521627054904582,0.0241807659843561,0.60403932822143,0.090383245127968,0.672327833449431,0.118974557160369,0.308898488977519,0.0260109369614678
0.5,0.1,0.610123486123486,0.518113565156316,0.0239490362165999,0.769344162501941,0.144487786581296,0.514300299725383,0.0554520145988944,0.334993983212528,0.0266272285748401
0.5,0.1,0.547256611256611,0.493675936368522,0.0241762848565835,0.490452720872213,0.0610882086505947,0.5445471072967,0.10484918636483,0.255754307010932,0.0243952100544495
0.5,0.1,0.610646002646003,0.509795770629642,0.0234350014471832,0.52124593837376,0.0753464893996676,0.453874821986475,0.0529508557642642,0.300641809613227,0.0258895182657403
0.5,0.1,0.5762268002268,0.533931768061867,0.0271043960966069,0.390068715694963,0.0564178527840303,0.421557557257832,0.0512269640612836,0.284940426112303,0.0254063614743152
0.5,0.1,0.574793938793939,0.450303505858294,0.021954405574839,0.424575258112041,0.0491662895860918,0.431535842654497,0.0401124596802373,0.278545656805888,0.0219504623273894
0.5,0.1,0.597175569175569,0.459709695523492,0.0210372489915218,0.555577116606298,0.0854416130651101,0.454437037935568,0.0505932137919732,0.278246331804202,0.0215507219064418
0.5,0.1,0.56580286980287,0.522162196027844,0.0260373987946161,0.614441319985533,0.11363907704564,0.426194181780579,0.0518560790083868,0.282370049666981,0.0267993061635988
0.5,0.1,0.616388824388824,0.516996079014214,0.0275685296940726,0.430077482719517,0.0614258274783209,0.489438504270105,0.0561211475747558,0.308822038294311,0.0261453997433208
0.5,0.1,0.632615888615889,0.45823002244956,0.0234785507400843,0.396055448198586,0.0767552708638131,0.496338275495157,0.0551911076701191,0.315660427772991,0.0236993967940708
0.5,0.1,0.589296709296709,0.514332201169004,0.0258567875659406,0.462318440414944,0.0657922591714196,0.556643577802979,0.0802241394469375,0.311030018473574,0.0246404052975071
0.5,0.1,0.60039414039414,0.485901878928075,0.0230796597626641,0.540627671658754,0.0623533005655204,0.500847118732761,0.0666554865806773,0.280724525797147,0.0226535470314521
0.5,0.1,0.582287178287178,0.493407022806641,0.0249914024124022,0.377506367568931,0.0837197471076063,0.526311009808538,0.0775743595608517,0.293368256549373,0.0248285781288082
0.5,0.1,0.585131733131733,0.524053647801962,0.0238231814886565,0.594600818138525,0.0870090141290478,0.451607838185591,0.0532263072728736,0.301973019194776,0.0254500468792882
0.5,0.1,0.644495576495577,0.523679042878933,0.0261304491907779,0.557440360987697,0.0437631364879574,0.516560174141291,0.0548220344636973,0.323640790583291,0.0252691910459194
0.5,0.1,0.574770082770083,0.519447101659936,0.0235514071011972,0.386567800810863,0.0408649030329794,0.597175647454696,0.0950666478455953,0.296053248768587,0.0237254947238019
0.5,0.1,0.581473289473289,0.503221489494259,0.0246256987710044,0.571943677963556,0.0954873394043786,0.459717380431811,0.0552530903429928,0.27521149911285,0.0255492275415993
0.5,0.1,0.594756894756895,0.503739979973309,0.0243809386981338,0.647259505813492,0.096087468172542,0.447000952322893,0.0534754222020639,0.289155521732041,0.0248287294569209
0.5,0.1,0.58625221025221,0.486938299437784,0.0227998860894959,0.477335361541616,0.0616971265058312,0.537776520352665,0.0698592883650898,0.286494520445697,0.021529124623761
0.5,0.1,0.573612105612106,0.463802849265991,0.0233103668779685,0.412276760074127,0.0584328273118701,0.456083574269104,0.058015489258502,0.263359461559395,0.0230473758533334
0.5,0.1,0.597729405729406,0.495973188776886,0.0250616911120863,0.504753058632143,0.0867271885579843,0.478085949263278,0.0638878400324097,0.27942302254723,0.0230297699443833
0.5,0.1,0.580053304053304,0.475682370713846,0.0257053751990154,0.364802999914329,0.0636081174451128,0.382769236030997,0.0518606534453316,0.232203632326318,0.024179319881978
0.5,0.1,0.589946401946402,0.450013811526239,0.0220396029583465,0.513855802925504,0.0780983063081056,0.451724097216104,0.0719483767660121,0.248272025100138,0.0217136525130747
0.5,0.1,0.605960633960634,0.477190480729556,0.0234352794428242,0.582715392634466,0.0645735019102755,0.464542183778792,0.0593327271362372,0.284732480969021,0.0248819343547226
0.5,0.1,0.616509184509184,0.487967971005678,0.0218548332339261,0.37431118618675,0.0595312395275619,0.445691597254022,0.0502477823718177,0.298583310168191,0.0243226724170643
0.5,0.1,0.638900102900103,0.498342681212966,0.0242607901072885,0.473963878499609,0.0614944095292716,0.489133947094092,0.054731653748061,0.317950457729747,0.0267517137756703
0.5,0.1,0.559028659028659,0.499624439624976,0.0252032168879661,0.664453732864883,0.0848661943571473,0.476377763342376,0.0754099357798359,0.278452740221559,0.0264057104967443
0.5,0.1,0.563506631506631,0.505610765443212,0.0257060450270135,0.425889849537301,0.0890881599297262,0.486970274681356,0.0592824975206156,0.302782326260337,0.0263030376719652
0.5,0.1,0.585045105045105,0.51202703134449,0.0264077850216571,0.533426522835405,0.0834456984719472,0.438578109461425,0.0481976843245213,0.296732055645161,0.0258316705434073
0.5,0.1,0.629684501684502,0.50819506008766,0.0246975729492624,0.554614419009217,0.0639047809117507,0.495798947352526,0.0552372285920508,0.330879650146145,0.025573001905795
0.5,0.1,0.573066081066081,0.503983044120397,0.0246698725203562,0.418752206878106,0.0784935028978688,0.597703618003716,0.105227029523918,0.30294855193527,0.0236827099111607
0.5,0.1,0.546191598191598,0.457095670704971,0.0241204567361402,0.508678276879968,0.0700699340329325,0.417003659886265,0.051246715567312,0.249360895397084,0.0253594578503552
0.5,0.1,0.622569238569239,0.527018793922647,0.0248864248242214,0.568294602574114,0.118854892377111,0.584616177317223,0.0679077816110082,0.34709647334158,0.0236902985049703
0.5,0.1,0.612128076128076,0.543990730058846,0.0265220395672513,0.505060131122064,0.0867934382108233,0.494065247643388,0.0568749311794336,0.333475177659981,0.0269893078063595
0.5,0.1,0.590506034506035,0.543164130763097,0.0270967928722387,0.461426450029315,0.0805167115837086,0.506301857983623,0.0563165112645998,0.336770444436504,0.0267181973523897
0.5,0.1,0.597126057126057,0.482702261958871,0.0231858599314985,0.655150601535799,0.0968998509775275,0.470640751834281,0.0561720884975528,0.284400920062411,0.0251193051453608
0.5,0.1,0.56749947949948,0.519769403482544,0.0222471380582672,0.466026358868833,0.0853052605670319,0.536516296747887,0.0822265415706627,0.283557985356977,0.0229538393631301
0.5,0.1,0.621934125934126,0.505724807262742,0.0255007476122575,0.497929357942278,0.050242805913645,0.485934438736068,0.0467224350394357,0.325626236435709,0.0247242571399435
0.5,0.1,0.607384315384315,0.535755065000692,0.0279859142435926,0.581299083466603,0.0814720795502198,0.466362480819618,0.0480205808154512,0.309600168302551,0.0247010202844898
0.5,0.1,0.58814754014754,0.463058274368723,0.0215589067738466,0.500291417339799,0.0415066058306369,0.534698711721573,0.0685761403876761,0.304460468398499,0.0235904762431028
0.5,0.1,0.623345507345507,0.455469000671994,0.0254311793394763,0.553709961419869,0.080849636487325,0.496927392937427,0.069412080363781,0.292099590780335,0.0242745338438431
0.5,0.1,0.580939180939181,0.520379945013395,0.0244045411955772,0.561508304994839,0.0687626762248243,0.564624021859837,0.0736769548127316,0.307421750842182,0.0245220505995839
0.5,0.1,0.57369546969547,0.504485745670865,0.025197683069278,0.61043934422723,0.0921118941959209,0.586442701913487,0.0942144690504366,0.292292663489309,0.0245395231001597
0.5,0.1,0.562984450984451,0.487868005231113,0.0232075753868902,0.518793779878799,0.0573719884718389,0.561125338048569,0.090300908446567,0.28457634515061,0.022704407869149
0.5,0.1,0.599413607413607,0.479313740732787,0.0235882254326692,0.46986232551983,0.0782574126027025,0.400980997554833,0.0424675282840319,0.271899821329144,0.0233552735641865
0.5,0.1,0.604116328116328,0.511442287163175,0.0237446348824751,0.727665346473144,0.110473994337058,0.488046406704077,0.0484041841540513,0.344592618820971,0.0257623321722632
0.5,0.1,0.585850713850714,0.460975167524764,0.0235150794148046,0.342615146599191,0.043429016475894,0.481752869971901,0.0708492862961623,0.261904834647154,0.0245962632770366
0.5,0.1,0.599344487344487,0.522227757818032,0.0234058057651595,0.593542566519046,0.0995478589891152,0.449069586726413,0.0561694025175271,0.297870524732838,0.023539162320047
0.5,0.1,0.621584181584182,0.496611023645514,0.0220646965887455,0.582788166689838,0.0900027277193306,0.523155205124612,0.0647403179939156,0.321948107545876,0.0241123069775765
0.5,0.1,0.630659790659791,0.477928769194214,0.0251080122140048,0.478875202513084,0.062032349721259,0.520635492257362,0.0751681874098635,0.292149686030161,0.02426578990809
0.5,0.1,0.611282795282795,0.474487241599843,0.0228643528779679,0.456363104660704,0.0708196361919743,0.40949353815355,0.0438403163914445,0.269053273657032,0.0232479231401594
0.5,0.1,0.554408906408906,0.47674175449605,0.0247056974392439,0.501242348435433,0.0597897062546904,0.453591764021131,0.0621152530568136,0.258063177068707,0.0247928501817794
0.5,0.1,0.579998235998236,0.524386618599404,0.0271158158694997,0.452237105982235,0.0705985256102221,0.517503450857272,0.0793056364060872,0.287431791479601,0.0273536272943862
0.5,0.1,0.616729660729661,0.485163339515371,0.0250030764517983,0.503161684276263,0.0970336036788122,0.4459349813084,0.0508704962032813,0.293251279710097,0.0246483057455071
0.5,0.1,0.600867468867469,0.545130313384929,0.0254569161689955,0.612478535710342,0.0712853404521266,0.66776298352356,0.113059826762091,0.345739795825501,0.0239198783564663
0.5,0.1,0.56631821031821,0.471639193877056,0.0212947224173956,0.465861728258255,0.0620335461946639,0.406075501780327,0.0435559770976644,0.261095422046737,0.0218133475752089
0.5,0.1,0.61024489024489,0.524065522679986,0.0249029744907159,0.412814199343349,0.0527035166233612,0.548424917334438,0.0758400356309169,0.307869220571015,0.0250205944283432
0.5,0.1,0.611019623019623,0.455015418849197,0.02316935700475,0.401473857897115,0.0730688336395243,0.496076263957864,0.0609947744548207,0.265284378195345,0.0234952944158948
0.5,0.1,0.596918636918637,0.569770266565443,0.0271888551613566,0.468242977199435,0.0607098823473183,0.699665197279114,0.122836508405574,0.356029380119282,0.0294527397225272
0.5,0.1,0.58217409017409,0.486381546554593,0.0251948569124194,0.428515818195467,0.0622567487903399,0.439631635718831,0.055315441929206,0.290282336886548,0.0248982584732661
0.5,0.1,0.573589893589894,0.540477547312643,0.0241981100191255,0.594020549826059,0.0632275290341115,0.465080423714335,0.0564670471084966,0.296028000055246,0.02598834655863
0.5,0.1,0.57216332016332,0.510329998343164,0.0240061217345979,0.408537029562833,0.0686331023997484,0.482049815137202,0.072161693658377,0.284449423760348,0.0236340157842717
0.5,0.1,0.602414414414414,0.50258396748238,0.0216731957682302,0.604803523398685,0.079506212309243,0.49218178015478,0.0611341257914382,0.28956035054445,0.0233555169998264
0.5,0.1,0.578922434922435,0.499615470129485,0.0273891888300213,0.515434915486348,0.0621010953085881,0.490175229783495,0.064839195735025,0.291071494513983,0.0259578172764696
0.5,0.1,0.621689025689026,0.46013150021829,0.0249583663521521,0.43026596322411,0.0665248716846179,0.450916030251264,0.0500093786235348,0.284882057756487,0.0250026473448291
0.5,0.1,0.624433392433392,0.525936189688581,0.0241658942379916,0.586824770606195,0.110982569730003,0.525568623764022,0.0595385432745817,0.33600006525337,0.0248641544197564
0.5,0.1,0.599644583644584,0.477759385013621,0.022792687544311,0.376609373297884,0.0752189410796384,0.433985629219049,0.0547544737766847,0.291472766703916,0.0211426009557211
0.5,0.1,0.597683085683086,0.50356238206465,0.0238954415288604,0.410623803148494,0.0836413896736393,0.518783344637303,0.0789325127843089,0.270783319723856,0.0231217867021589
0.5,0.1,0.63968745968746,0.486377690067464,0.0218275235950981,0.547631425997952,0.0910781317758384,0.527762630349308,0.0587949749143886,0.328551354289584,0.0225495337825488
0.5,0.1,0.576988416988417,0.468099280025248,0.0226296250302883,0.457385002348671,0.0658823669119957,0.545322322419716,0.114733520978696,0.244357016202122,0.0240640225866799
0.5,0.1,0.643144387144387,0.483796693048446,0.022895516715694,0.48816225854327,0.0672793056580641,0.44118164411275,0.0506037385279526,0.292140983536108,0.0248359057628985
0.5,0.1,0.570839574839575,0.509547268733278,0.0248147973409217,0.484126632056911,0.0781761903989553,0.493956922879616,0.0634376791955549,0.279453849488176,0.0232947757584755
0.5,0.1,0.58563510963511,0.488551551617961,0.021506263101847,0.39367401894973,0.0542860916511693,0.45706238047649,0.058454399252594,0.268484271649097,0.0217829300261387
0.5,0.1,0.593762897762898,0.486651422783493,0.0217497105519688,0.592932489233678,0.104106995748843,0.578929028083632,0.0858023192690482,0.297835090722107,0.02142136867797
0.5,0.1,0.602619278619279,0.519986377246438,0.0256665048475416,0.489970228762241,0.0485882684976333,0.563126048817679,0.0724134449221224,0.332268967694106,0.0257306295211159
0.5,0.1,0.53978321978322,0.503171168810061,0.0231509387246704,0.548086141181277,0.0732042454023084,0.421098300051954,0.0548697238554677,0.245344352311191,0.023331937048781
0.5,0.1,0.603633927633928,0.445781011159247,0.0212544102545365,0.378387070716737,0.0658911729639026,0.400017048544734,0.0444291457359264,0.267770546341542,0.0210799188394469
0.5,0.1,0.612763296763297,0.532169684322689,0.0253944767186892,0.665132022269398,0.102021830076696,0.499944480233123,0.0548608948565184,0.316269524573475,0.0266670149570223
0.5,0.1,0.616932916932917,0.468605954378452,0.0236065148574906,0.48084764147557,0.0622789971068299,0.462560552459268,0.0553850782025004,0.29257952027721,0.0246937233414695
0.5,0.1,0.604132084132084,0.509990428967338,0.0236312628367091,0.55702131565973,0.0716533517837835,0.526583624390888,0.0673326155248112,0.339972836742737,0.0240303349681699
0.5,0.1,0.622419394419394,0.528401270376405,0.0260426596942649,0.565602525159772,0.0651861288744713,0.459269538528204,0.043754261703015,0.324210205073327,0.0250498392271696
0.5,0.1,0.573867657867658,0.539128855434671,0.0271334093571992,0.635323709818614,0.0848545900478736,0.489141484690763,0.0657786879261238,0.298918783200378,0.0248236444624446
0.5,0.1,0.640683160683161,0.492088836662368,0.0245337103783652,0.367486338089418,0.0480243680214474,0.513579043533601,0.068478421134335,0.314985813900585,0.0248484101274403
0.5,0.1,0.603027063027063,0.458283648864993,0.0202814844593845,0.399823055398901,0.058334478475899,0.472843635327242,0.0646045832346227,0.278210613411983,0.0221625863007831
0.5,0.1,0.620835752835753,0.493539722652308,0.0242816300245705,0.449597291206105,0.0861729663975955,0.454390621186179,0.0523184427653171,0.309118778339848,0.024339877573501
0.5,0.1,0.609179301179301,0.535593029523728,0.0274545333554783,0.459279886910768,0.0566623828603249,0.475134567951738,0.0504901006171489,0.317006505674739,0.0257813474459499
0.5,0.1,0.60604023004023,0.499480402146943,0.0235895816824678,0.459055720743696,0.0453126583223286,0.50384678154848,0.0649868703442265,0.308961825854137,0.0238998990431152
0.5,0.1,0.578178614178614,0.509732870271676,0.0246283155755169,0.388868413119714,0.0639117868689111,0.4826556124779,0.0606632558846944,0.274335590123545,0.0206586576512196
0.5,0.1,0.600719004719005,0.483011530583846,0.0240280853575615,0.571134855767109,0.107144634863998,0.617294425514874,0.109857031390337,0.301232225993148,0.0234748710726453
0.5,0.1,0.587490659490659,0.445574546776333,0.0211327451219714,0.420306996486842,0.0796831386167968,0.471398933406759,0.0635835791991956,0.264923816244287,0.0204202742023019
0.5,0.1,0.59434497034497,0.506433875484432,0.0231827383400479,0.434777353881981,0.0655084997305683,0.493644311116464,0.0566340612139021,0.304849449841991,0.0237636152008824
0.5,0.1,0.560387000387,0.469274001671239,0.021153855088835,0.642153971658633,0.0606351212393524,0.459101591736562,0.0577242180863145,0.274725931023081,0.0224173608726426
0.5,0.1,0.613251217251217,0.490767599166368,0.0247823265343751,0.590755136900685,0.0846096126590921,0.595617556575548,0.0919639934982437,0.293240474896105,0.0248754203026825
0.5,0.1,0.581718797718798,0.530079301817911,0.0270883084436627,0.724512112156649,0.168023030083839,0.517586963217422,0.0630128617661255,0.301171973084402,0.0271607630336156
0.5,0.1,0.627217299217299,0.476467414102419,0.0261384965225658,0.540529332261759,0.0934724014050392,0.436944146575914,0.0541508773717842,0.28856070638277,0.028923770911239
0.5,0.1,0.615398115398115,0.518715906592634,0.0242985558569095,0.367593471331987,0.0477383682579837,0.483833169981073,0.0506761370486904,0.334049607672021,0.0245580248137843
0.5,0.1,0.592618204618205,0.498763503934744,0.0241140879395126,0.387613869139284,0.0666546888645852,0.542364568620883,0.07208343080887,0.290941035758937,0.0229184395117912
0.5,0.1,0.600483744483745,0.540662684535067,0.0244943984441502,0.334314895698717,0.0538299414355783,0.592165059587735,0.0874318116671361,0.314206004305948,0.0264938779780628
0.5,0.1,0.625421965421965,0.517692528462428,0.028889603528879,0.631632737006155,0.0833085448694215,0.451577095059203,0.0462195527691096,0.306897607491778,0.026890679366426
0.5,0.1,0.600988536988537,0.520407093015259,0.0262058451652195,0.393800345680304,0.0648361087559825,0.483242611213293,0.0660722690279778,0.284105571925242,0.0232126824781421
0.5,0.1,0.563381519381519,0.497224260950714,0.0243098185022972,0.487835708459178,0.0673945172725996,0.485069578280076,0.0585163896840761,0.301487983933491,0.0254079774750483
0.5,0.1,0.569064149064149,0.469481035606588,0.0207212444437136,0.565383792659737,0.0624267369888188,0.513160978482693,0.0700430600581029,0.277401797915033,0.0223565615478197
0.5,0.1,0.619572535572536,0.522877629408942,0.0218655142088664,0.36950246994919,0.0524221300776483,0.52052486414361,0.0675910090941339,0.31099286364829,0.0211255767571171
0.5,0.1,0.607553443553444,0.477730612291094,0.0235869897856589,0.542918078547168,0.0840532757642124,0.475953563981523,0.0559207931072822,0.290377802152296,0.0248067910767974
0.5,0.1,0.610540450540451,0.552661187274048,0.0262725390672101,0.482708884685199,0.0487888092855975,0.561729906965019,0.0628204006775233,0.352741120728227,0.0255668407453555
0.5,0.1,0.608737580737581,0.51740843534511,0.0256216485540784,0.479015179274877,0.0650750338328749,0.627220470181583,0.0901544454174367,0.348233902124888,0.0259586410180105
0.5,0.1,0.637927513927514,0.478486287274523,0.0218223505458103,0.436137118931028,0.0509029225849858,0.475658612483011,0.0486521339807326,0.307792975893068,0.0220559694410134
0.5,0.1,0.562893022893023,0.481355953677795,0.0216126687979851,0.445404284851862,0.0680325562767541,0.430173546596248,0.0524636677964011,0.2608967013367,0.0226053976990746
0.5,0.1,0.56815978015978,0.486258897175654,0.0238342308807654,0.444104322911675,0.0653049575949684,0.400072211512466,0.0469498983622081,0.252182949797914,0.0218702746781379
0.5,0.1,0.593613401613402,0.555831497614427,0.0255731237758373,0.575731758110432,0.0905182407654399,0.492297420812089,0.0521214701211473,0.341952836108226,0.0250813844655224
0.5,0.1,0.579172575172575,0.495556714983246,0.0225203418972101,0.506759671675332,0.0682540274418757,0.516595910937233,0.070660875177834,0.281685406742452,0.0226979280590762
0.5,0.1,0.61423571023571,0.508936995159037,0.0264016221583309,0.723784854263857,0.133442137033895,0.548113953837376,0.0699729044543063,0.323826195165438,0.0279322390414071
0.5,0.1,0.609743205743206,0.546652005382338,0.023874276640043,0.445850961800172,0.0657717156519815,0.673639066458506,0.112414475896139,0.34858073621023,0.024252587726458
0.5,0.1,0.583389463389463,0.52835367492627,0.0279066771760321,0.802372557730938,0.130115412521138,0.531911599900961,0.0669290563140618,0.308804620730106,0.0246996415690225
0.5,0.1,0.568148224148224,0.457999393496213,0.0224701753486676,0.369769021757109,0.0699189363735955,0.523724126393772,0.0811413144693471,0.269538639162321,0.0217737986002747
0.5,0.1,0.626633642633643,0.51258115497729,0.025681596102623,0.517507187994014,0.0560350106683565,0.477494599601787,0.0447542046683688,0.337010656387661,0.0262369209558376
0.5,0.1,0.601220665220665,0.504713841631578,0.0239462569584939,0.471191692256991,0.0534714603414573,0.497213031417977,0.0581564624496079,0.295417101854606,0.025815914432933
0.5,0.1,0.55361044961045,0.495522806071567,0.0245511233234509,0.349250810179635,0.0580513916666429,0.472813827554442,0.0765817350914673,0.253029492033166,0.0245336199297016
0.5,0.1,0.593627705627706,0.49416370511044,0.0235095729831886,0.458285073326932,0.0855738553764728,0.460084465284956,0.0550085339400693,0.290960160975359,0.0230489086207752
0.5,0.1,0.611478371478371,0.53154195496272,0.0259769339426549,0.571778271207419,0.0640160252360188,0.520584147030687,0.0639448580743611,0.303291551564413,0.025287043655363
0.5,0.1,0.599870747870748,0.501026937257849,0.0243133492367488,0.390363985873131,0.075000767044087,0.521027191429268,0.0773297985269409,0.288191389200231,0.0256522916224356
0.5,0.1,0.565041241041241,0.566205869333759,0.0281537333769019,0.60072864202714,0.111580182265452,0.532108894654802,0.0745537053289319,0.30240184246975,0.0273159802820069
0.5,0.1,0.561843885843886,0.502480919191564,0.0227975188273258,0.411967500576512,0.0521274908295249,0.608161941560343,0.109201877818817,0.279670887459427,0.0257709193585889
0.5,0.1,0.580949584949585,0.481073506956718,0.0251475863507394,0.419803763116174,0.0512879424260805,0.432935976443085,0.0556599315692351,0.281177155607096,0.0239320470800881
0.5,0.1,0.600107388107388,0.513475560516069,0.0249153245019681,0.459641153494202,0.0790113066886977,0.471415729751346,0.0617220953502049,0.281999432864718,0.024236201056853
0.5,0.1,0.59153397953398,0.496674316405929,0.0256727291494837,0.536580686509369,0.0828379577732272,0.481701411969434,0.0686541638147508,0.299625887350113,0.0230335778323565
0.5,0.1,0.545306429306429,0.505135606319381,0.0224803855477575,0.461494688484417,0.0798900443826464,0.652085497343855,0.127859235350219,0.293716491790913,0.0252207914278377
0.5,0.1,0.59636978036978,0.511076113398,0.026435489723994,0.426646113694078,0.0748395970736601,0.467577216520198,0.0497816794126591,0.308030186401132,0.0249483687441642
0.5,0.1,0.637103149103149,0.5310221687999,0.0294075099434093,0.529337771783543,0.0764257377166216,0.508590088176301,0.054352450958547,0.343883365967272,0.0251922492256581
0.5,0.1,0.597674373674374,0.528285393755351,0.0263786024411691,0.424899865339984,0.0746740649908373,0.548650912121262,0.0641307587224499,0.342087135429391,0.0270957866334667
0.5,0.1,0.601190557190557,0.499758009465321,0.0218909463656393,0.810863228567346,0.151162198802302,0.486452698560309,0.0473192616004088,0.321807449004468,0.0235112658499563
0.5,0.1,0.595036831036831,0.516956425046922,0.0250999705793439,0.572130390958914,0.0997902578830471,0.523812291144154,0.0785364453155302,0.286938677361531,0.0286170385308655
0.5,0.1,0.569913713913714,0.532013777872878,0.0249262276808075,0.572800860434364,0.0971007024837474,0.632117591218001,0.115232890107462,0.302032370411291,0.023798637401745
0.5,0.1,0.62988020988021,0.549305730136359,0.0241347576548744,0.453578565863867,0.0512051709790384,0.575504790530761,0.0761088592673216,0.346825787418456,0.0248724650103349
0.5,0.1,0.57763336963337,0.474444656448143,0.0243265537281396,0.433558394387235,0.0526423741626825,0.564360107396214,0.105702302107865,0.272393253456873,0.0226490739932227
0.5,0.1,0.598659262659263,0.506698218268646,0.024216503868606,0.453647757217684,0.0558418379637715,0.535619785694139,0.0610765244627919,0.315920456724805,0.0257655948971669
0.5,0.1,0.601419841419841,0.525520409636385,0.0236785696164127,0.600078813314081,0.0938159354189782,0.501219715390972,0.0624531186928999,0.309230852025561,0.0212664508218001
0.5,0.1,0.596128856128856,0.484580581542198,0.0206986295066036,0.494663599883195,0.0905292270658551,0.612360694451278,0.0848110820566163,0.310659310903455,0.021870428028748
0.5,0.1,0.581873501873502,0.576935450380558,0.02700531063714,0.540852499332193,0.0866436641694679,0.576024731614501,0.0744191752093111,0.32505349217078,0.0287327849583384
0.5,0.1,0.590302154302154,0.50050271177854,0.0242599155502617,0.430448522699824,0.0713543874414836,0.445886062740468,0.0501054328093908,0.289240060644088,0.0231040314936306
0.5,0.1,0.599614175614176,0.495812918675931,0.0240266260933007,0.611374958952986,0.0729422355430387,0.496694596202005,0.0517222071521806,0.315256469871561,0.0247734452348686
0.5,0.1,0.614124026124026,0.547365747536618,0.0251899535069743,0.545977600917733,0.0788687621945471,0.518463780404575,0.0531704184284576,0.334333411679808,0.0252285721335557
0.5,0.1,0.563899703899704,0.491992367698509,0.0245956507372018,0.506749497777693,0.057110685139356,0.537103308042296,0.083503464531379,0.278590131677606,0.0233097975755546
0.5,0.1,0.606333018333018,0.465835723847398,0.0255006434909332,0.429041596879716,0.0777974361819666,0.435389484831067,0.0480318561069537,0.291552653650616,0.0245034863868406
0.5,0.1,0.580223224223224,0.519297684265321,0.0240054850360443,0.624244607384829,0.1217795990658,0.502433959921564,0.0656887368795058,0.291135711707677,0.0265624251554378
0.5,0.1,0.591323307323307,0.538053680273327,0.0260934678089304,0.632244941546456,0.103274145750867,0.553107053297399,0.0771255105280558,0.30911688650888,0.0260429774355099
0.5,0.1,0.56175222975223,0.509233340667249,0.0244457978252298,0.735493568897341,0.109382361388219,0.533492564961346,0.0704772751022998,0.302825570662005,0.0252073981556773
0.5,0.1,0.612460836460836,0.465945296711408,0.0217456626356709,0.470215928359624,0.0780204357935944,0.39800251795963,0.0399739235528282,0.276755471531661,0.0227055587781788
0.5,0.1,0.616339288339288,0.497066572137832,0.0243978581509227,0.483561983690437,0.0605120493737131,0.510039546575263,0.0620406167651895,0.317630015871914,0.0235248799054207
0.5,0.1,0.566510690510691,0.523961758968015,0.0248520306221895,0.494066349627105,0.0609524032246003,0.56284930125601,0.0781609917756706,0.297362843388964,0.0246635650294854
0.5,0.1,0.557660345660346,0.513682062208462,0.0239903397172836,0.601973118683357,0.0709083708334371,0.428924391888851,0.0490751540342432,0.265547151906161,0.0263409605554653
0.5,0.1,0.607722127722128,0.496008207296909,0.0286308983015066,0.588679629272947,0.100659838680611,0.432373371201777,0.0487581700459297,0.305393231244969,0.0247683643449259
0.5,0.1,0.608514176514176,0.501799149921865,0.023011942576895,0.385190047770348,0.0734789015777128,0.453599552437015,0.0506586777862778,0.294541412316559,0.0244198874358847
0.5,0.1,0.590844326844327,0.482183264834458,0.0226924360749302,0.536385521753053,0.0676937191730924,0.575153788558372,0.0781390745681745,0.303483699937435,0.0235591550983952
0.5,0.1,0.594732126732127,0.513453609733698,0.0260544069336858,0.458795527434104,0.0573707844343261,0.500972904531914,0.0535765184722783,0.313222742279062,0.025106391456554
0.5,0.1,0.575360243360243,0.503548809863437,0.0269844733522892,0.395133248015366,0.0721196795104607,0.44675516651525,0.0659309815961525,0.265553096823594,0.026884168214325
0.5,0.1,0.644893832893833,0.485943905469295,0.0241814344641572,0.495791178203561,0.0795262479841706,0.457766286958166,0.0426956502396622,0.328731171090525,0.0235648197129517
0.5,0.1,0.618554466554467,0.493123046211571,0.021821958771975,0.398895515295462,0.0738579688856088,0.65110234305289,0.106794171591206,0.307477000663788,0.0224978132579357
0.5,0.1,0.617142353142353,0.494593199557139,0.0243787023073327,0.527663920729423,0.0949432950814336,0.563725104737098,0.0693577009902869,0.33018576935958,0.0250825578998035
0.5,0.1,0.593831333831334,0.499508180577901,0.0239017472537727,0.5776196855467,0.0657134864486816,0.433646674069303,0.0469388235123589,0.286949262838331,0.0237335277255893
0.5,0.1,0.56569672969673,0.477803405699558,0.0233766777731791,0.415723400128167,0.0692707059474813,0.525845821140533,0.0696508052048997,0.296587134893981,0.0246640011527682
0.5,0.1,0.613176865176865,0.507678039780402,0.0239509706046954,0.563673880731226,0.0706906562212914,0.492172188659862,0.0506633712672492,0.307679016161588,0.0232912642774204
0.5,0.1,0.581425613425613,0.539615282509776,0.0275573472888662,0.605003422079705,0.0757988374760801,0.528994044565419,0.0833949251049725,0.294065127499887,0.0260070082893064
0.5,0.1,0.625248265248265,0.473150726736804,0.0220321668674414,0.436322483676002,0.0647170927430878,0.472314384864767,0.0583492038479157,0.308747872756343,0.0208908244415073
0.5,0.1,0.59247262047262,0.481505186154624,0.0225351581725659,0.604113635011034,0.114477833487193,0.455679344421574,0.0558651219883308,0.273805822250971,0.0242081072648679
0.5,0.1,0.592683868683869,0.507944051364908,0.0241737649422754,0.422447839710218,0.0715314042287692,0.49421069365159,0.0670059832744412,0.29375769050052,0.025766792193224
0.5,0.1,0.525412857412857,0.504069374934466,0.0241939937678946,0.625400499134944,0.0845166181836378,0.463821008967064,0.0739934418359426,0.234537153562328,0.0233677509364617
0.5,0.1,0.595460167460167,0.476775335170813,0.0221885503339878,0.463998880739793,0.0704232564594349,0.452530614342596,0.0526825492324465,0.288539752818391,0.0228140373513912
0.5,0.1,0.58180310980311,0.513007848418681,0.0248001592617503,0.641202701167425,0.0541408089957916,0.497374999190702,0.0664070408283314,0.273669365806862,0.0239592576952477
0.5,0.1,0.61361632961633,0.489793099217306,0.0259194545252432,0.441160485418093,0.0602837945695842,0.429602452685903,0.0482279824381111,0.295108464841749,0.0253701541189962
0.5,0.1,0.61960465960466,0.484089910081032,0.0235152210154436,0.377600372109844,0.0752743244148433,0.452371187830327,0.0473629606685847,0.297056029501553,0.0243449574420372
0.5,0.1,0.613330765330765,0.491812391510814,0.0257257504706212,0.4574362883364,0.0712306528294024,0.609264288520487,0.0930445349896674,0.313228536032583,0.0251407973430941
0.5,0.1,0.563531903531904,0.489209249344394,0.0227257140717266,0.376828629491512,0.0608077097273805,0.561929952293965,0.105935080609735,0.270985126426291,0.0246160500974922
0.5,0.1,0.606662598662599,0.535908942748345,0.0243262529944389,0.492199851125723,0.0600741693369992,0.633147367891635,0.0904470252363924,0.331631146069158,0.0262490246060253
0.5,0.1,0.58436756036756,0.482479655446622,0.0258027943776136,0.547408470122271,0.0675011387258742,0.555389164993663,0.0734514704267941,0.299565655503031,0.0266811210574043
0.5,0.1,0.583237411237411,0.532928896765875,0.0264901178207953,0.563342588418724,0.0634603134869244,0.609736170629402,0.0877749025608488,0.323437783295003,0.0272720576424283
0.5,0.1,0.563025899025899,0.515715698300949,0.0242164952125281,0.657422209588754,0.10900534207979,0.513740905158087,0.0581799195709281,0.300967101785882,0.0264119406593515
0.5,0.1,0.593207549207549,0.519466573913367,0.0234743391583291,0.484805576968309,0.0586652901608329,0.668575281310328,0.0919031532214477,0.343062153530622,0.0243463894469008
0.5,0.1,0.622170262170262,0.498454221832736,0.0256745720194236,0.49034678682429,0.0656434332300921,0.512736789732227,0.0628912666959305,0.331588658026818,0.0248508607275835
0.5,0.1,0.600736716736717,0.482772605028471,0.0218945007078276,0.522563696067831,0.0719130666051999,0.443934183851569,0.0553747958612247,0.270316807361336,0.0220859291655502
0.5,0.1,0.584502116502116,0.485582064350329,0.0252052409034177,0.521761199344249,0.0739938312886387,0.436443417802806,0.0499854743941876,0.291301227107042,0.0255414080511161
0.5,0.1,0.583140463140463,0.473435864342479,0.0222671040051894,0.427415039150735,0.0529916251536447,0.473289186550985,0.0647329487484612,0.291980332807426,0.0225953872325717
0.5,0.1,0.56151720951721,0.448961345942759,0.0208683501674497,0.405755987585102,0.0549825511468818,0.401927216110949,0.0520749371842897,0.221230707732804,0.0209568294651202
0.5,0.1,0.601999777999778,0.486446673960538,0.0248663251621244,0.412026284875208,0.0514570894913254,0.510233780450377,0.0836822118268348,0.266095616433126,0.0243523424602526
0.5,0.1,0.605977973977974,0.568787815610574,0.0280846603322078,0.79851102495398,0.0920901264650074,0.490438052591691,0.053304953537153,0.357712383386339,0.0287415711345725
0.5,0.1,0.585681237681238,0.529601636899951,0.026186168651711,0.44074272728302,0.072072418361985,0.542895971916572,0.0687199162689297,0.312295570105512,0.0263721393682801
0.5,0.1,0.585624081624082,0.50562345930301,0.0261000129909645,0.597994249004046,0.0933667982802286,0.589199999048673,0.0939277105178232,0.296649952121897,0.0247440361601229
0.5,0.1,0.630094938094938,0.5654155416128,0.0264652671697219,0.612036884456599,0.0645443595278068,0.50878093849139,0.0516761737557838,0.361989879898423,0.0267024829253081
0.5,0.1,0.575158367158367,0.552854967177425,0.0259866267354826,0.629067172318351,0.132609810029334,0.625760696519257,0.0977400038778236,0.329136339782711,0.024829032922186
0.5,0.1,0.545796473796474,0.490124655597764,0.0240979080787279,0.72515189719073,0.112150940624829,0.466555413415766,0.0619520206202423,0.257647630084556,0.0236814448323887
0.5,0.1,0.567791415791416,0.465206439052569,0.0218546135948432,0.513473475750119,0.0873295218762703,0.502889702665154,0.0674699155216912,0.283236416192465,0.023317655737572
0.5,0.1,0.571555135555135,0.510490191878808,0.0259458950489611,0.518329002702631,0.0843119451036677,0.565630370813681,0.0778076048892861,0.31418170414184,0.0267487422326187
0.5,0.1,0.604693552693553,0.532281733450736,0.0244077868763478,0.439773118648359,0.0898394199919159,0.61118349490318,0.0929411651726605,0.337664430122988,0.0256283526137043
0.5,0.1,0.601338049338049,0.513017657618806,0.0262727354258813,0.443816930096033,0.0613177071731633,0.567046878202081,0.0809846961187731,0.335057533314067,0.0248874464726335
0.5,0.1,0.574350142350142,0.489955943447813,0.0230871122041724,0.606075141995761,0.0742045275398073,0.508290795045735,0.0621235278858818,0.294406822941397,0.0228000446245205
0.5,0.1,0.604783288783289,0.449193857815979,0.0234804099004044,0.396354350054534,0.0605530233075424,0.444415525909084,0.0549478610064963,0.259160298753866,0.0235413504193873
0.5,0.1,0.603469227469227,0.464788025779791,0.0235958650558029,0.370189356160727,0.0888105099028577,0.489692985538441,0.0706434745737126,0.27462434494056,0.025218151459789
0.5,0.1,0.583805251805252,0.493951508450212,0.0232742555561073,0.452561417998826,0.0621986578436758,0.45010907081861,0.0573385905410224,0.269081364360579,0.0235947645402674
0.5,0.1,0.610186678186678,0.480425104577237,0.0232961538456204,0.429284666566344,0.0760134185229849,0.512683501750761,0.0681910809737987,0.294280320223057,0.0230053632686761
0.5,0.1,0.558143226143226,0.51406121494563,0.0243393810062348,0.638403490854665,0.0992580038139117,0.506193210922804,0.0650358757673245,0.293476099448378,0.0257561532297094
0.5,0.1,0.588542748542748,0.498051746864074,0.0245996928099504,0.456809251571439,0.0613974776292916,0.468605755139573,0.0510524953820613,0.312620246928805,0.0221759393072769
0.5,0.05,0.608560508560509,0.48944419018778,0.0260861344022408,0.446275550685398,0.0559916125463208,0.48403917468052,0.0611175063821479,0.322146429662327,0.0250952977298285
0.5,0.05,0.607582507582508,0.466499678321041,0.0214393516829384,0.492173882663355,0.15297894338718,0.419129766286041,0.0771665737531981,0.235788063684508,0.0241372909340379
0.5,0.05,0.621144045144045,0.446258088990193,0.0240315456904201,0.619940097310751,0.126883208814399,0.427248594099478,0.103445373689747,0.236857903197042,0.0233788842949708
0.5,0.05,0.632376332376332,0.48852793616811,0.02309441455278,0.607972475470081,0.0990656332248414,0.493587758674618,0.0557768619977454,0.317058266545856,0.0262991061581006
0.5,0.05,0.574379758379758,0.532410843485159,0.0260572951778087,0.62775401012283,0.149750982782169,0.587684016291437,0.128041858544277,0.308517246482401,0.027693152484653
0.5,0.05,0.571265827265827,0.465351352319631,0.0247656831566667,0.549558489631816,0.0862129083368033,0.435593017656524,0.0802953655645013,0.269964635679134,0.0213715657219653
0.5,0.05,0.627870975870976,0.491437987649567,0.0244106696905444,0.358148200621678,0.0735946055049678,0.378140728639734,0.0450267057194798,0.29122551070656,0.0246151566366003
0.5,0.05,0.582058242058242,0.514564575495629,0.0247686323318625,0.454522341617485,0.101953387189028,0.456541784751191,0.0679129121331395,0.290938577332862,0.02477146048889
0.5,0.05,0.659759831759832,0.501350580808977,0.0269400122844337,0.323362568903137,0.0654551916575511,0.404239666964334,0.0465210464962755,0.314770151424228,0.0248812275286293
0.5,0.05,0.573185649185649,0.478430321627451,0.0235238565678472,0.441562394011535,0.0749637565068172,0.429795542785408,0.0746104231523231,0.271935338719816,0.0240772880689245
0.5,0.05,0.569224025224025,0.486843432505914,0.023569879925794,0.574143909112564,0.107441099154109,0.46129024488906,0.0694239709716442,0.277709695191207,0.0244847876392851
0.5,0.05,0.550906846906847,0.498460986086135,0.0254262549999025,0.491850804403769,0.082429628086589,0.403029595843812,0.0572440928219842,0.25996919589837,0.0230772360114073
0.5,0.05,0.610423426423426,0.51910599205456,0.0251941755554445,0.901987536645258,0.247516524301304,0.450523222056495,0.053292383800715,0.318824146943535,0.0259130835757374
0.5,0.05,0.606915570915571,0.479241038151624,0.0231021413196648,0.737587017679182,0.200403574708477,0.395197976903868,0.0485153108872277,0.283630543206106,0.0233008495229423
0.5,0.05,0.581102969102969,0.519098691356563,0.0257456350741687,0.365712261830906,0.0676379062526005,0.458991622888079,0.0466157941113547,0.327483560779158,0.0249007898241797
0.5,0.05,0.622796134796135,0.529626425770719,0.0253364820873972,0.516013495610496,0.0980491556448299,0.557155176510242,0.106583641001979,0.343131567472324,0.0253456250807273
0.5,0.05,0.593345549345549,0.450627590444019,0.0225238921729775,0.507155737727751,0.0560397844294374,0.413664247829921,0.0488665479069712,0.277119117117015,0.0223224072757571
0.5,0.05,0.611073167073167,0.490152886227475,0.0240177965561858,0.558006559324594,0.0967755341898701,0.507609757343424,0.0777807211360395,0.323225082677982,0.0247192739924135
0.5,0.05,0.592140736140736,0.455080213156664,0.0223198807746702,0.46210007812448,0.10797736192088,0.442690339636742,0.0712365817750092,0.271881938160549,0.0226749399774744
0.5,0.05,0.657433881433881,0.504027686646752,0.0281571374849244,0.415709489204649,0.0865725341501623,0.450513756328201,0.0461375335504547,0.348517035111023,0.0265961487440368
0.5,0.05,0.566430578430578,0.529819789604431,0.0232335474647136,0.39655753462539,0.0535611985670228,0.499220041133181,0.0836179173152136,0.32036649735321,0.02442388953974
0.5,0.05,0.604400632400632,0.497523795713906,0.0270451308906672,0.457956346643188,0.0742509024614387,0.996836277772463,0.421945655299753,0.317481442436507,0.0248939105673231
0.5,0.05,0.578515694515695,0.50879165672037,0.0246408840180545,0.434670331199069,0.0305366620655129,0.47537633094233,0.0753039392518593,0.302189255442466,0.023462812658785
0.5,0.05,0.613818433818434,0.50522954921646,0.0242580811374716,0.278152962829619,0.0880506401907233,0.523803379013365,0.0900547544775409,0.286019204642552,0.0231718466807018
0.5,0.05,0.589227889227889,0.524717267612732,0.0238923232278074,0.648720098977577,0.13116210643708,0.460194502571337,0.0629250957033481,0.312709112278043,0.0254587107246102
0.5,0.05,0.589343593343593,0.504771913705388,0.0224274454405598,0.443049826546264,0.0793723628799711,0.53456546076869,0.100549864862907,0.302559447695797,0.0232618726180073
0.5,0.05,0.598041178041178,0.500792653753695,0.0207089433892179,0.489197269487556,0.0710211611391351,0.428776883420245,0.0505797518048881,0.291881791473451,0.0225920057634931
0.5,0.05,0.579442191442191,0.463831276744899,0.0207179136788765,0.401557187449411,0.046119606800631,0.433120523819565,0.071277617245529,0.274739819815406,0.0221735662110572
0.5,0.05,0.596584508584509,0.479447670022282,0.0264700276811089,0.740180610570703,0.161469566496276,0.502677920594401,0.0902615698657815,0.27724736832732,0.0250055162327215
0.5,0.05,0.616074208074208,0.487346197778426,0.0234157115441746,0.554634985033683,0.129913598682576,0.474868054986551,0.0983907356965905,0.284083213924608,0.0257034335713237
0.5,0.05,0.53608004008004,0.484273565068223,0.0239064543041258,0.53022042767656,0.128619928063347,0.406957159227374,0.0578154744151906,0.262286720749451,0.0241542886441667
0.5,0.05,0.556111756111756,0.506828299289064,0.0272189802449085,0.433453406962944,0.162424746240693,0.410107015085272,0.048285567369767,0.290440843043623,0.0263087145901193
0.5,0.05,0.587681423681424,0.483777267978622,0.0228713224129596,0.369503713793575,0.144815189713275,0.575328670852836,0.151113431553706,0.283152265318328,0.0224598514538277
0.5,0.05,0.61351822951823,0.506376022288795,0.0277870365364687,0.428149151864074,0.131553140654428,0.455624035913828,0.0521759885481162,0.287530669096933,0.0271669458287031
0.5,0.05,0.596005784005784,0.556099534633355,0.0263934589733114,0.394642600283014,0.0626325497163345,0.524053441912412,0.0855670253504829,0.316956636960544,0.0257893620164699
0.5,0.05,0.583462075462075,0.500583035461575,0.021788253060359,0.473314293137873,0.109664807890267,0.408989925814235,0.0623893068857541,0.258890091750861,0.0240012446573593
0.5,0.05,0.592849528849529,0.556325332043305,0.0240749637157802,0.712239527171531,0.19468810232337,0.482508352756369,0.0818693692566613,0.298959776670834,0.0269331998655737
0.5,0.05,0.564523008523009,0.48272836068437,0.022952820822789,0.427846344704798,0.0629991665719084,0.399450347833594,0.0800581253155137,0.245988430945077,0.0232938376107074
0.5,0.05,0.596727164727165,0.540430360939003,0.025927826948453,0.521176693371712,0.122797354361939,0.671846857348828,0.133668113571177,0.331875375996399,0.0279435024093717
0.5,0.05,0.64020166020166,0.482563347809242,0.0253590081811896,0.453706344497577,0.0733294083634337,0.463957337157873,0.0818420407709443,0.30168205559336,0.0233771716772728
0.5,0.05,0.600565464565465,0.474805356640499,0.0210932328428971,0.60699171633809,0.0864752980503186,0.590341310606249,0.119386251222758,0.311515183310527,0.0219413098835031
0.5,0.05,0.622831582831583,0.543601519075737,0.0272094853030777,0.540731638560223,0.128619227992925,0.551972488288265,0.0673162054557651,0.353754479431611,0.0257197437269914
0.5,0.05,0.58627585027585,0.522861240895337,0.0227524822524496,0.422436747833382,0.0644692406668229,0.562058178841076,0.130647931119523,0.30630502077167,0.0232879320894936
0.5,0.05,0.562477498477498,0.520274650105159,0.024081139375299,0.389179429005402,0.056412579458805,0.390056441268491,0.0551409315098477,0.257527615943068,0.0253437472999683
0.5,0.05,0.586116502116502,0.491552315261855,0.0226218778480525,0.52289613154316,0.1097296479108,0.513456022734829,0.0933174750152642,0.278496224897109,0.0223490226332936
0.5,0.05,0.607612051612052,0.496121479074018,0.0258582352115896,0.529810359826699,0.096898743922689,0.468940012317643,0.0874800243298595,0.295179058049153,0.0243516808074737
0.5,0.05,0.616217872217872,0.511070606114571,0.0238240105352301,0.4690748345349,0.0917888339164633,0.467449294115908,0.0511115225380306,0.318818444529287,0.0225911847715608
0.5,0.05,0.620079188079188,0.537655026962597,0.0258403994989559,0.580320389100171,0.0819230279344804,0.515350731135129,0.0690321425318171,0.343285944214386,0.0270781346629761
0.5,0.05,0.572632532632533,0.48894146003308,0.0269760416869029,0.634329373659688,0.180467629164068,0.480326054336285,0.0578795237525455,0.30337229366062,0.0251893763716834
0.5,0.05,0.594998214998215,0.523086767072516,0.0259229814268124,0.766942296614287,0.14609136516288,0.554013864132433,0.102184951270646,0.328142356524888,0.0255211768974777
0.5,0.05,0.612384012384012,0.489509971783927,0.0249751322757781,0.505761315252085,0.057456328951361,0.500154130760618,0.0785433197573389,0.286460924030454,0.0226833057891902
0.5,0.05,0.583177183177183,0.48655175224057,0.0235765202155486,0.632994019509328,0.147193826428659,0.414738555318618,0.0495286285342588,0.299804246741947,0.0248746446013404
0.5,0.05,0.625772413772414,0.464271157621961,0.0213780777986551,0.445481848539641,0.163898879263965,0.516228734263632,0.0858570099164005,0.282403401361368,0.0200391657777334
0.5,0.05,0.596399336399336,0.514090462499811,0.0236995456653646,0.696580190796393,0.120326707770236,0.506024111461621,0.0770909037651316,0.29409714634985,0.0238320453122979
0.5,0.05,0.605778605778606,0.476268413852085,0.0246368396139032,0.267503431348714,0.0453753136604746,0.437408756729697,0.0655463552904029,0.291752320031031,0.0270735986892052
0.5,0.05,0.583964947964948,0.50820030921847,0.025092170095125,0.665282318542492,0.130740859884537,0.495104323244325,0.0709172169547273,0.319626908461143,0.0214497722133582
0.5,0.05,0.59391866991867,0.477303782585138,0.0225830441177407,0.556611908911638,0.0587034576976643,0.616828125234617,0.149859554797673,0.288792569808478,0.0220235871135318
0.5,0.05,0.602313746313746,0.54372064041932,0.0254260018693504,0.551418037125113,0.0851698994079877,0.76705098648371,0.241411299901499,0.328297947178441,0.0240145498344662
0.5,0.05,0.57175021975022,0.477495339313786,0.0228533958588711,0.691819514933633,0.168038123654929,0.773687426173174,0.249771667701101,0.293341108410743,0.024329743639898
0.5,0.05,0.584359196359196,0.522026251060583,0.0254933302239779,0.759929270767533,0.142563494523298,0.495082639172402,0.0783835057885546,0.287329009058448,0.0250417671825638
0.5,0.05,0.596317112317112,0.507353994942734,0.0231042461191611,0.624527213253119,0.120323040166061,0.489682495228488,0.0830718102456237,0.30584260060084,0.0226549955696565
0.5,0.05,0.607966231966232,0.509520256452279,0.0245140434695503,0.30362472599017,0.0916329650212844,0.483524297954104,0.0723850837778697,0.292698230263414,0.0258701904317442
0.5,0.05,0.568652200652201,0.496114052948707,0.0228403441902531,0.576038684085694,0.1398892470094,0.476410343460443,0.0589342798523631,0.288823806748704,0.0260683108612172
0.5,0.05,0.638317142317142,0.498270946649785,0.0231143561834027,0.458851041192404,0.0742296397080152,0.52362291805601,0.111873679490414,0.302434431657166,0.0251783250566207
0.5,0.05,0.607251691251691,0.495964111832423,0.0253344886523198,0.474079451260617,0.110808051248,0.605237345235196,0.122928245387406,0.325318627338633,0.0245028580465826
0.5,0.05,0.618864294864295,0.5117930541735,0.0236489826816201,0.519414476065585,0.0841115210533891,0.457885883583544,0.059861260756896,0.320807540692767,0.0257962622004362
0.5,0.05,0.570382266382266,0.515850356581308,0.0236078908990937,0.496754400717433,0.146452751244761,0.446792053639897,0.0578079099904793,0.294542106113134,0.0237296594777775
0.5,0.05,0.560707436707437,0.502756309777882,0.0226011158261893,0.401077660801576,0.102696526505037,0.569753810367417,0.106412822046917,0.296444676768871,0.0245206627792161
0.5,0.05,0.613221517221517,0.456746785499042,0.0209258816328026,0.558213698492374,0.0896547969624223,0.322541245407291,0.0318574932318604,0.263907470877756,0.0224960971094
0.5,0.05,0.581451149451149,0.504558930204326,0.0243028893463818,0.282454200046078,0.0718486793692395,0.435988175595375,0.0568655150949656,0.303988561936217,0.0259111288225626
0.5,0.05,0.583094995094995,0.534148122417545,0.0268623576679215,0.574863971908429,0.0829401098598613,0.562644637208711,0.0935318892494799,0.3353792818948,0.0240684682827433
0.5,0.05,0.594149838149838,0.500382889272196,0.0233927283571247,0.526306115535183,0.10960509321599,0.485578193380155,0.0913772646732147,0.292779426871996,0.0256421210640206
0.5,0.05,0.576867540867541,0.517295018076835,0.0268471087420282,0.634377766604047,0.145574878929365,0.676163122991334,0.159071036295459,0.313120765015561,0.0276532002497161
0.5,0.05,0.596241872241872,0.518891220573983,0.0238484286575913,0.705422625562866,0.15468144888851,0.560914542850389,0.113057690605872,0.301196618938235,0.0234627308801437
0.5,0.05,0.615628203628204,0.510537786771566,0.0230707930425392,0.548982427012175,0.0957204690407356,0.551387806135262,0.0818953063004277,0.320211433176152,0.0225521270346004
0.5,0.05,0.576274908274908,0.54048571762932,0.0262270761983532,0.594252143864071,0.0984728663562433,0.708520795176442,0.194179248048479,0.307737294154837,0.0254748382446102
0.5,0.05,0.603429387429387,0.499001488983021,0.0244840961166595,0.476343717636248,0.0940393560329192,0.545088066934877,0.109010527639905,0.309413376495936,0.0249157219275912
0.5,0.05,0.573238725238725,0.483875907817194,0.0226725118659032,0.506576112575346,0.0898427176338552,0.495620295095348,0.077701290069545,0.284799208885204,0.0237357892575279
0.5,0.05,0.591189999189999,0.51361725736466,0.0257495508153701,0.360621909650662,0.0775356985046877,0.558724437386052,0.0990344644060153,0.32533572205761,0.023316160239292
0.5,0.05,0.575554103554104,0.458734347851663,0.0232057868214455,0.353873140233675,0.0811339449602309,0.413209469295276,0.0560637416086159,0.294689050446072,0.0249182838130662
0.5,0.05,0.606552786552787,0.487624181135484,0.0240201031782085,0.470671504773539,0.102662908731589,0.556999456297152,0.0996407836944227,0.301033285012317,0.0235536260680796
0.5,0.05,0.593464013464013,0.516303698604808,0.0265931817837954,0.409399789089908,0.073856776313593,0.469903943367981,0.0722051936793813,0.319264939313984,0.0279055826244655
0.5,0.05,0.606377862377862,0.514010023038688,0.0269204474189707,0.408593725134378,0.0732141075082364,0.596560839693545,0.115608757671623,0.328895686420014,0.0246185791401951
0.5,0.05,0.587614967614968,0.540715563820709,0.0251909535196368,0.465419307228625,0.11147770711531,0.458842781712366,0.0499839846119479,0.324429159721788,0.0263313010730346
0.5,0.05,0.585045069045069,0.476825196865689,0.024556670411005,0.243013953850199,0.0713489351731673,0.491209214255772,0.0820869216949528,0.268377202278275,0.0234244838846389
0.5,0.05,0.605092553092553,0.519433399874351,0.0264966593665549,0.605080529087514,0.168743001229091,0.497100741707836,0.0855637997078872,0.314217730639008,0.0255304779006366
0.5,0.05,0.578738666738667,0.452724549222606,0.0225634996429698,0.392006959280925,0.0584914647932138,0.452332969928517,0.0794226750495638,0.244842024306561,0.024358422441846
0.5,0.05,0.583085479085479,0.491650919987706,0.0246118096326122,0.734952976729525,0.168636353346063,0.446999908378177,0.089858070402067,0.285759803730494,0.0243826489107311
0.5,0.05,0.637210777210777,0.521635732160382,0.0277526277045269,0.757089903969611,0.181056861688595,0.688943687513093,0.147269568055111,0.328891091660905,0.0248535547582688
0.5,0.05,0.572004188004188,0.493263680974683,0.0222225539625875,0.408298235119241,0.0801589604239648,0.555075031470312,0.120791788060054,0.290384471391833,0.0236730689750121
0.5,0.05,0.576456552456552,0.522642659535364,0.0248278232986505,0.791545427891481,0.196593547276259,0.459594063654377,0.0843991552626052,0.303041491296052,0.0258998635396446
0.5,0.05,0.605756345756346,0.489120969724893,0.0249349529856983,0.648462485136961,0.104661643304657,0.50123368738714,0.0751488917399721,0.317189879689225,0.0270643602495084
0.5,0.05,0.581380409380409,0.510902910622503,0.0241535813617282,0.40723863077153,0.098781100628056,0.486060210017359,0.102738120521684,0.294393874953158,0.0247280621230902
0.5,0.05,0.631083007083007,0.500840248065343,0.0250771045154691,0.6095181192302,0.169703544959665,0.501128568076368,0.0891657050149993,0.297873868712621,0.0256368550346717
0.5,0.05,0.569177141177141,0.501695782469096,0.0242413135858197,0.336101643303478,0.0887697840313256,0.484604556375186,0.09244351062912,0.301110530527776,0.024807521526503
0.5,0.05,0.550615282615283,0.5210869446072,0.0237860347505679,0.749220130865852,0.159388918250797,0.535853103679216,0.109177745305058,0.287647816905172,0.0240949896742096
0.5,0.05,0.606326862326862,0.540261249516845,0.0258218714853602,0.578640979161554,0.105272827782698,0.498071041833315,0.0698239175950478,0.311351756731188,0.0248673865914967
0.5,0.05,0.605218445218445,0.484725354125668,0.0231410523764452,0.462896667512522,0.0879682843528471,0.399900674072784,0.053884569907243,0.297316521164212,0.0254602034470867
0.5,0.05,0.586854622854623,0.478284781313669,0.0235573528088441,0.467959997537092,0.0682772824080535,0.534105906289773,0.125198952598331,0.269471051897213,0.0237236816451599
0.5,0.05,0.620797592797593,0.522691846023175,0.0286047438464081,0.400506952463643,0.114515054998093,0.551593495812064,0.0935317634277033,0.328234065110736,0.0280212239704222
0.5,0.05,0.597101469101469,0.507519510485753,0.0264053898851251,0.425868450761611,0.0688262399766779,0.612168968133795,0.122596166199647,0.318210723191824,0.0253029364058046
0.5,0.05,0.616895836895837,0.506029842576294,0.0221686132540677,0.571335569517006,0.14801691779772,0.556940683614215,0.0911799427613034,0.314885759408288,0.0245319928460809
0.5,0.05,0.589854937854938,0.518971599069543,0.027264144700417,0.467345606606485,0.0907502408060831,0.453167122836201,0.0537787469489197,0.277567710364285,0.0245216610992824
0.5,0.05,0.592826512826513,0.480363983377264,0.0224050204590681,0.293071140328286,0.0998337671083107,0.365473946227345,0.0388803035144521,0.280136143335943,0.0215517222332661
0.5,0.05,0.589276477276477,0.508924770712832,0.0250855929161234,0.524382342266243,0.145401530940016,0.478657708201225,0.0767505053708915,0.305820461925475,0.0258679260020738
0.5,0.05,0.579214683214683,0.462234844054178,0.0225092267711641,0.38666569439655,0.0800904174718818,0.526947079812648,0.0921326916281587,0.285715274620386,0.0208950548796336
0.5,0.05,0.584769008769009,0.471684740643232,0.0220775731038202,0.614584258800491,0.129889610602972,0.539466565376649,0.135943988693558,0.259614235681915,0.0228991540209749
0.5,0.05,0.58816476016476,0.478412392728117,0.0229860782340517,0.802522703780776,0.183757269719648,0.417202231823939,0.0710180056037523,0.26035764747113,0.0229454691474691
0.5,0.05,0.556655176655177,0.49336469284083,0.0243203797307922,0.517102879408411,0.139249766920619,0.484265055501883,0.0806360889669448,0.278611234619916,0.0256199970588365
0.5,0.05,0.5920039000039,0.527777940111334,0.0266310988278209,0.370232735258739,0.0752232869427992,0.642721052594453,0.162091114277349,0.331033060185232,0.0243176675369055
0.5,0.05,0.544621960621961,0.488337622719195,0.023377299871498,0.480066414218431,0.113852870950393,0.559519083391505,0.123574591769367,0.285488995091611,0.0226444606743016
0.5,0.05,0.589876585876586,0.531770050853264,0.0274790534006152,0.672902296602035,0.138084007388992,0.528266555627398,0.104510518966077,0.330060764671299,0.028115154972016
0.5,0.05,0.605079341079341,0.477120884602803,0.0230319170412857,0.465889537881807,0.0985560470901429,0.352065520281921,0.0410361816850025,0.281199147965431,0.0214887179883431
0.5,0.05,0.607020247020247,0.50402291638659,0.0231728901446266,0.310310035237508,0.108402775347981,0.606371936931247,0.120156916251589,0.317180814766489,0.0234458267973047
0.5,0.05,0.574490758490758,0.509750940778914,0.024192689376953,0.698022771025542,0.168918423370109,0.554481301876763,0.0972655394618507,0.334066595637486,0.0243167099120617
0.5,0.05,0.5880729000729,0.490506284896382,0.0222115827304497,0.413367308094439,0.0696936518333683,0.391461824309661,0.0570044963851653,0.286627050399935,0.0229546828259955
0.5,0.05,0.621520965520966,0.504494253661081,0.0251172517480853,0.804150698495697,0.15776512588271,0.485853658600249,0.0865734380886254,0.279632766113554,0.0243729962187612
0.5,0.05,0.593388329388329,0.512413818159141,0.0246435049482991,0.436865851512824,0.0944579821078852,0.489384726374386,0.071172804412188,0.330714203892614,0.024897557835808
0.5,0.05,0.587855471855472,0.496495276902514,0.02491130107942,0.617449470556246,0.155658912743831,0.439006124113392,0.0647107667571843,0.319949758369543,0.0230038315160304
0.5,0.05,0.624352788352788,0.494357485176768,0.0225837739790298,0.445294294010424,0.0465460367301046,0.65961819965643,0.165103997032095,0.301105654982327,0.0231339125665585
0.5,0.05,0.550508362508363,0.530418698281187,0.0267483123492252,0.352014637953076,0.0781174976726557,0.543868753887243,0.109924053445584,0.290972708116907,0.0271524722426323
0.5,0.05,0.587080679080679,0.484607616573976,0.0221570145899597,0.58727809177596,0.106624555980188,0.466024947657391,0.0892090454984707,0.273627265511512,0.0233703876050348
0.5,0.05,0.531818403818404,0.515143866860797,0.0233514764051932,0.504517489572959,0.126602387693119,0.680497745526921,0.239343007553461,0.258891809839268,0.0260214388469746
0.5,0.05,0.571475167475167,0.499990306337848,0.024103179210442,0.67258102581303,0.157765005531734,0.502499905122206,0.0944783320008941,0.28450820979585,0.0225502500424288
0.5,0.05,0.625172809172809,0.495365858232845,0.0247759734203177,0.72841305951729,0.241129014416452,0.513878164034765,0.0922185626404631,0.29977010991794,0.0255240250821437
0.5,0.05,0.584918804918805,0.552209864150248,0.0252240544913531,0.55061959272618,0.101026656587613,0.499800877488007,0.0663210451236015,0.321617398460786,0.0270875254223974
0.5,0.05,0.575608751608752,0.487538631083145,0.0238068511923802,0.499678392522032,0.0848351422730444,0.571147076069361,0.0905005598011137,0.310292835659895,0.0235208121880629
0.5,0.05,0.603902127902128,0.518635816066527,0.023571801449234,0.424773609372113,0.0802076195183144,0.586959187122709,0.128174419013774,0.309976097515812,0.0241598565991176
0.5,0.05,0.530895986895987,0.525952431960222,0.026142474956717,0.617064658682224,0.157926339181891,0.543526532415822,0.127803197749586,0.262945786985386,0.0228979791673112
0.5,0.05,0.583377823377823,0.483475227866835,0.0215337607692564,0.367192353838546,0.073918625804748,0.46529422361117,0.0757199226632385,0.275782114412002,0.0199631187133245
0.5,0.05,0.593485901485901,0.528910462659093,0.0252181939746354,0.561068389977784,0.0984684676000055,0.452768074472881,0.0671907735316625,0.305735773016224,0.0240590717719391
0.5,0.05,0.613026937026937,0.546494822076532,0.0247471201614363,0.557152995593322,0.0909405499736705,0.908458557848146,0.383190348805205,0.345007449594246,0.0251082213760864
0.5,0.05,0.623282063282063,0.53925193764073,0.0273008624314486,0.468565335434137,0.0973540270967707,0.63055826181339,0.136894013233241,0.349499905589966,0.0275824495352382
0.5,0.05,0.60619857019857,0.50182299989895,0.0227164195983983,0.358337574720705,0.105899554881076,0.539092220979664,0.111093363081355,0.303843016587985,0.0226296232880161
0.5,0.05,0.603386691386691,0.516499830307273,0.0242894760502118,0.471201108012594,0.0901561646232667,0.509545898252583,0.0882706762350303,0.305905672864407,0.0247767698126873
0.5,0.05,0.57956511956512,0.542315333272178,0.0274066594381114,0.795206327391628,0.216393292550702,0.432257811184941,0.0690026196343666,0.307572747547529,0.0262575892237094
0.5,0.05,0.571390279390279,0.449366210135297,0.0219093148627102,0.476585381633559,0.12221273247603,0.355355413593831,0.0525583665459583,0.241863804922116,0.0230318095034347
0.5,0.05,0.554648750648751,0.48227241697393,0.0239288266790014,0.540843759155006,0.0756708942740756,0.630817346707102,0.142559346253051,0.28412254588878,0.0250866073424726
0.5,0.05,0.591274935274935,0.529646724525193,0.0249616127263675,1.17910443105055,0.416671578694851,0.803593099823993,0.225505395170372,0.331347897214981,0.0254289284313735
0.5,0.05,0.604067896067896,0.514267100732839,0.0251022291546202,0.51260137282808,0.102413927093005,0.570768390777608,0.126272147393216,0.33781562304213,0.0272471077222258
0.5,0.05,0.590347226347226,0.472415344698855,0.0230099708265394,0.427785019948654,0.085632882161782,0.479201630147782,0.0869572207424997,0.28174587722442,0.0237310825361351
0.5,0.05,0.583176655176655,0.495276954477417,0.023959929119705,0.672855082434244,0.101358064457313,0.468264483304468,0.0647324526025139,0.311243327323079,0.0229485462147417
0.5,0.05,0.580525408525409,0.465911149674545,0.0224348427546725,0.537124862202495,0.109684724386187,0.620906507864922,0.157014155589003,0.281718110763523,0.0228473999145491
0.5,0.05,0.606703854703855,0.499919013988836,0.0243140101566885,0.410159049703434,0.105160291491926,0.424173538568119,0.0610909221925786,0.30078579911243,0.0238231192606975
0.5,0.05,0.616726576726577,0.526793346138851,0.0250826446490466,0.399927864908642,0.0641115871932631,0.54400189718005,0.0646492210920916,0.369193512579584,0.0252175359169813
0.5,0.05,0.583397071397071,0.514299701321007,0.0236473375578355,0.590959143352221,0.152972938348774,0.558185890913089,0.0940853636588227,0.303676938962587,0.0246080184048108
0.5,0.05,0.583485775485776,0.481920882982318,0.0248482105336436,0.395884544860299,0.173797857264451,0.434642350024391,0.0790860616855643,0.259548624647573,0.0255059012451735
0.5,0.05,0.611274671274671,0.495070043563752,0.0252335725709852,0.382325260275676,0.0598366240184659,0.536584412006053,0.0971665935607643,0.312536138967325,0.0237143441399609
0.5,0.05,0.601273189273189,0.506976606725702,0.0253664106534087,0.455554977435125,0.103478748322356,0.52012183840569,0.0683107080257104,0.320100631063791,0.0256628678732186
0.5,0.05,0.595091863091863,0.507704025708912,0.02290056863162,0.634590895471574,0.184601993812246,0.613116579490583,0.11729573805376,0.313761591112995,0.024194863733835
0.5,0.05,0.608286272286272,0.504975214013664,0.0236396206040241,0.417789434313073,0.0549386228933319,0.543342070333971,0.0877347154284433,0.30511413632515,0.0216474291774145
0.5,0.05,0.587472239472239,0.500917554016726,0.024735179290908,0.439599365240423,0.0561640033125993,0.461597351234903,0.070911915420307,0.299397049824734,0.0235288950100646
0.5,0.05,0.630074514074514,0.454630036610723,0.0226248450682797,0.47070228567376,0.10548165746674,0.53171858598605,0.100623503755678,0.285560143130415,0.0228707043018079
0.5,0.05,0.632602076602077,0.468469570282224,0.0231941982137629,0.475835502501445,0.0872486649577993,0.583870346901945,0.135861542145509,0.309526683585132,0.0243798496059887
0.5,0.05,0.586249666249666,0.498223675181998,0.0264491838279706,0.271597457228046,0.069875664919197,0.570968109410079,0.124931801423377,0.283969313901267,0.0243306846047687
0.5,0.05,0.577134709134709,0.495279389826642,0.0238037218851917,0.612678177274484,0.14116015379048,0.576031325492967,0.1151024101041,0.299732378700451,0.0284495960367992
0.5,0.05,0.594496314496315,0.512804860640885,0.0262270900628362,0.376568526092928,0.0711205748606728,0.50325678108609,0.0834675565192574,0.296324270207749,0.0239351449962042
0.5,0.05,0.626450882450883,0.495452798405453,0.0269429170606955,0.385656536355345,0.0445915819119882,0.489823954407573,0.0721375604746072,0.303974978238211,0.0255471482473187
0.5,0.05,0.540587868587869,0.506035924008282,0.0248747621856872,0.588679733265262,0.114665843314822,0.69076611089853,0.220481468066753,0.260215049981528,0.0226771826402562
0.5,0.05,0.602552462552463,0.503075102278865,0.0242797307691874,0.511560809940576,0.109495427426662,0.466304513879569,0.0581816511025189,0.304725140553112,0.0235499181816477
0.5,0.05,0.600661944661945,0.547326069805275,0.0286001443106915,0.477519127758096,0.0823541259029115,0.442133507675324,0.0544851433580529,0.289432791398631,0.026371280846154
0.5,0.05,0.594473682473682,0.541487994070508,0.0243379897944755,0.562750687010172,0.117576933118283,0.984127719536507,0.372839501681154,0.331281679043763,0.0253165547259458
0.5,0.05,0.586240546240546,0.524386678668279,0.0226854243214744,0.526880067065564,0.0918110540226393,0.49830426374164,0.0861455162736853,0.292493658011425,0.0251684926390549
0.5,0.05,0.616827412827413,0.453063985638571,0.0222329438619524,0.871172648231132,0.229740895010885,0.486748267384014,0.0936602802729807,0.261578748454811,0.0206152721077713
0.5,0.05,0.585472137472137,0.476952367635699,0.0218955221601833,0.583934939954049,0.107367968256965,0.518004856417384,0.112561830154735,0.287535908580788,0.0232707224056134
0.5,0.05,0.558176982176982,0.492160508094553,0.0243976914858345,0.407689469244733,0.166510422598179,0.509680917176604,0.125462652819898,0.278642173027911,0.0245198785206897
0.5,0.05,0.575482355482355,0.487376006979298,0.0213307442453742,0.56089094878489,0.1327617817993,0.528409656015501,0.116912848654528,0.302635789522642,0.0242703413580129
0.5,0.05,0.615647343647344,0.509890465114702,0.0243912486129533,0.519244733860757,0.090989732935826,0.447759773918615,0.0535249503845915,0.314220790450767,0.0249358242619343
0.5,0.05,0.560859944859945,0.500967985684926,0.0221599501333618,0.408089644841429,0.0784581495878881,0.565801832439452,0.136442267763579,0.280139509899093,0.0238871893359358
0.5,0.05,0.597141777141777,0.504329841556901,0.025093563228495,0.583175072366719,0.115110381555948,0.627116976947889,0.136599059191525,0.282158024658934,0.0225930366650975
0.5,0.05,0.619309627309627,0.499486726195975,0.0253512858214425,0.371577868502596,0.123655220654288,0.472279789529702,0.0675297440441185,0.303811290698393,0.0262951008895959
0.5,0.05,0.607152847152847,0.473386276458847,0.0255479416448114,0.51763808577334,0.106128400417332,0.531965303069048,0.0934004507200727,0.287032700216103,0.0276383705630194
0.5,0.05,0.58853688053688,0.523156091985827,0.0263964240256365,0.378399352142467,0.0860126397370695,0.482561309778287,0.0707630855324821,0.303040482684052,0.0278270902686356
0.5,0.05,0.617187545187545,0.528855776535392,0.0239442313449757,0.628078458395657,0.143165049204897,0.619442597478205,0.111297757460399,0.330961878237976,0.022594795269441
0.5,0.05,0.638246858246858,0.495441304900074,0.0250821374480419,0.624211076831335,0.123192480873363,0.516722050195378,0.0764237369913337,0.32916691522068,0.0259786358859254
0.5,0.05,0.592718284718285,0.504400381476299,0.0239711382964202,0.598854813172472,0.124255826136031,0.441457668266393,0.0596606977878124,0.295882001017565,0.0257735215115754
0.5,0.05,0.613919497919498,0.514821405136626,0.02819534961817,0.558004352000755,0.0996789182123014,0.516094122068431,0.0742581240798732,0.33900992388165,0.0286855738164855
0.5,0.05,0.584680652680653,0.498586355863719,0.0211968203712612,0.43307811237844,0.0988973563738081,0.484742889958862,0.0923055180530984,0.286347590128354,0.0243827705133676
0.5,0.05,0.552343884343884,0.514351736740682,0.0241446927906702,0.506442716104186,0.111572252969614,0.546566964306257,0.100744880985685,0.294563052890334,0.0265817446924276
0.5,0.05,0.600262956262956,0.490543151975826,0.0253082516798651,0.643253409057322,0.110343176553311,0.441360187999337,0.0508674879776784,0.317696349581358,0.025726745019081
0.5,0.05,0.555088131088131,0.511277306293637,0.0216609080211616,0.491146154630057,0.0673439965049706,0.673612579783785,0.187628392099009,0.296030841542402,0.0251839931884996
0.5,0.05,0.581853197853198,0.501774759044104,0.0217136662862478,0.394806542105266,0.112070266209444,0.615555885361483,0.156185526608507,0.289537394792965,0.0236228710642124
0.5,0.05,0.561122001122001,0.458918311567484,0.0218149182612132,0.379074308996468,0.100353152583903,0.577590812863624,0.12780325324574,0.296851230452631,0.0213660135392803
0.5,0.05,0.61160915960916,0.468468170609507,0.0239672387896171,0.443063468533303,0.0986708911067851,0.460352931760171,0.0595897061475776,0.273742464015078,0.0234213524958004
0.5,0.05,0.599876783876784,0.476716024446966,0.0219406030293124,0.375455224608221,0.0724104531688572,0.528205494862761,0.109162211418522,0.282820855375721,0.0231664942244992
0.5,0.05,0.608358992358992,0.52663679517442,0.0269491488030514,0.295554665005779,0.100422545581672,0.420790079155882,0.0705519168816977,0.28566388976751,0.0268008487730343
0.5,0.05,0.558179118179118,0.518503562848028,0.0260395014145382,0.475117765548209,0.0899059102493921,0.48972670645552,0.0794063526891286,0.297212575847731,0.0276847706153747
0.5,0.05,0.622819702819703,0.500412275642247,0.0231356220179573,0.576622187969159,0.136543264714111,0.639962961125221,0.10505021225384,0.343726074983096,0.0254225539397695
0.5,0.05,0.589732261732262,0.50938648645965,0.0272896808829115,0.584643159152686,0.114116030703505,0.628080515212598,0.113940950391127,0.328910199999792,0.0260290584283272
0.5,0.05,0.60608379008379,0.479415425569948,0.0218956891341958,0.577180933064656,0.125651297544909,0.435168119530641,0.0488467318372656,0.294848612574527,0.0228460548058654
0.5,0.05,0.598749394749395,0.523824246101385,0.0257085535899928,0.477026948166153,0.0908171005700756,0.606707269803066,0.164051622672761,0.301346831215542,0.0256937140769256
0.5,0.05,0.568617484617485,0.493107506213348,0.0247057944497726,0.46563719851324,0.08303347527875,0.449057819722465,0.0634099164549487,0.289745841574432,0.024752382553336
0.5,0.05,0.621100689100689,0.508068466565476,0.0213128363833252,0.550149845273292,0.102928942913621,0.683987439016632,0.152829430055336,0.320681723086432,0.0227505171068154
0.5,0.05,0.586410502410502,0.507030650600341,0.0230359581934312,0.330859203766947,0.0853483058540259,0.488193002639357,0.091708555316484,0.301013385319002,0.0220239395368798
0.5,0.05,0.584130176130176,0.539287986930155,0.0237742705645963,0.450005536182841,0.102885007607618,0.516601553508988,0.0816859430381855,0.315722494434694,0.0260067080234166
0.5,0.05,0.539953955953956,0.483810786583002,0.0221824315729161,0.491245729607117,0.109157170587263,0.543920235148827,0.0927362243557881,0.292971460510161,0.0236762498194937
0.5,0.05,0.620793176793177,0.499670537564432,0.024326760753045,0.539400084175618,0.0784505616167774,0.416101014608225,0.0563427750053871,0.285152481427085,0.0250465855567772
0.5,0.05,0.585586353586354,0.508571863616447,0.0243986558208866,0.557450904063708,0.118418039428023,0.873914212597735,0.327793337623983,0.301384918558675,0.0224775469341497
0.5,0.05,0.546058038058038,0.486642203728622,0.0234608224093333,0.382598692887302,0.0702883379299244,0.504124159270877,0.102413027176644,0.255009382977265,0.0246875094480213
0.5,0.05,0.609108717108717,0.449835900193581,0.0227772106563708,0.301683659752098,0.0854071495766311,0.423005344220536,0.0600248897429046,0.275795606616704,0.0230460464171495
0.5,0.05,0.589946113946114,0.524726452009481,0.0257536030548381,0.225203253787688,0.0850812311962526,0.804623478550404,0.317544351689172,0.265295577549109,0.0265755421246809
0.5,0.05,0.561633645633646,0.530913856110421,0.025282059308454,0.451075325462721,0.110144120554938,0.575403634476021,0.145534814081306,0.303156625312108,0.0252466441623783
0.5,0.05,0.573486861486862,0.500156835756778,0.0242396055156552,0.843925834278964,0.226583635713662,0.496524843514448,0.103590041486791,0.280642154174211,0.0260272572367716
0.5,0.05,0.596496716496717,0.478275710169927,0.0251599239903544,0.530987368473691,0.106807511252798,0.424664638385693,0.0495023150297136,0.293009998578692,0.0245919249639352
0.5,0.05,0.59995895995896,0.516976201397421,0.0249442861286787,0.502347377524579,0.0816813145322649,0.433704206665679,0.0658351376469105,0.285320546460908,0.0266075555410828
0.5,0.05,0.572917352917353,0.491939760545789,0.0236493522839072,0.401914477557665,0.108440854389664,0.405645672003733,0.0593722132725124,0.265011810162539,0.0230604556968973
0.5,0.05,0.582491214491214,0.495389016363824,0.0235931619814405,0.242434891625977,0.0759132212990078,0.739501041848749,0.259278737303167,0.279790984416794,0.0261441801839379
0.5,0.05,0.597424989424989,0.445035965618527,0.0218805362090077,0.523405549670253,0.212430901224526,0.441017646646102,0.0596196657723268,0.261644780997359,0.0235749676450847
0.5,0.05,0.563103443103443,0.497344150623791,0.0236176327210536,0.420662247912327,0.0854390036692823,0.405207297093653,0.0487705526292239,0.268723423540334,0.0228708979901187
0.5,0.05,0.598194106194106,0.525240376112321,0.0239392786899476,0.369009284539126,0.101904556069602,0.551075615256946,0.093105302180663,0.327546160936264,0.0263943835003482
0.5,0.05,0.64170746970747,0.536207132934663,0.0259554249872129,0.534547217492176,0.0622730220167061,0.490605833018306,0.0542256450476368,0.33768176539377,0.0271212153702598
0.5,0.05,0.576657960657961,0.515298160079629,0.0252158338182709,0.42432649663969,0.0862831791448863,0.485207592023509,0.0768902865844542,0.289584917040369,0.0259581939538096
0.5,0.05,0.59396408996409,0.50480018331615,0.024059871507442,0.528929667592836,0.128371083514977,0.558486505224595,0.109458423418264,0.287800673260478,0.0245792617240388
0.5,0.05,0.593781593781594,0.468256080376027,0.0215926326854653,0.500471795900947,0.11081501023214,0.449703116701626,0.085667899508674,0.265027370512368,0.0235175225834502
0.5,0.05,0.608721092721093,0.505891707646918,0.0223660952933384,0.352845914645422,0.0737477365261332,0.423672519267431,0.0586541469623672,0.274541243040607,0.0229210595531048
0.5,0.05,0.574518178518179,0.51694414650785,0.0223194533930325,0.515151560014954,0.0944145920027375,0.549877772239434,0.106642848758406,0.281772326587488,0.0222818435731446
0.5,0.05,0.605643065643066,0.532473725381705,0.0269024793383439,0.699182231564867,0.157120498495428,0.475483036550905,0.0600727830438444,0.314290930001162,0.0264181204822122
0.5,0.05,0.601581613581614,0.499365687087575,0.0260259897202679,0.750368008276424,0.152479919611025,0.371524815224851,0.0551265540356312,0.275251973331112,0.0255148711501582
0.5,0.05,0.573339825339825,0.497892366210768,0.0260759558038596,0.517762172117512,0.145911678745479,0.39169048166499,0.0536178112572356,0.249115822999297,0.0244766668198993
0.5,0.05,0.585166941166941,0.474533520788347,0.0222001641314606,0.588401396029853,0.149326817027969,0.447632136478249,0.0755905036553498,0.273650525482905,0.0232056337501901
0.5,0.05,0.609878445878446,0.49858445296299,0.0238076465015238,0.434984218336695,0.0742223285875864,0.472162096596613,0.0752459185749451,0.28617993464137,0.0247361909070991
0.5,0.05,0.578345486345486,0.51293686555905,0.0219657895183853,0.478639807673022,0.107351021145611,0.616718748682928,0.144958250535779,0.286546115442949,0.0255928705083471
0.5,0.05,0.620039384039384,0.512537609861228,0.0253401830782892,0.533751398111632,0.112193980137231,0.610105827590314,0.127350711457089,0.323076783082694,0.024652199418323
0.5,0.05,0.624110376110376,0.498854711760473,0.0237798486755379,0.308358673374108,0.0653856330171017,0.488690260357355,0.0782374080551688,0.305882753345079,0.0223392101922813
0.5,0.05,0.60756583956584,0.51842343449636,0.024905232586476,0.494291736452356,0.114654646814912,0.512842251109735,0.0731588003022465,0.329596900698762,0.0264240503676754
0.5,0.05,0.601761457761458,0.525691251498551,0.0278044040879399,0.773995204623767,0.15946209713367,0.486803089092755,0.0781839779340951,0.306273004125829,0.0270955606344508
0.5,0.05,0.584331044331044,0.463311083077666,0.0223646210061895,0.670472890150408,0.0953472040694165,0.480847675108619,0.103013354044351,0.273625023292652,0.0249112500002274
0.5,0.05,0.550055602055602,0.473432479948804,0.0240148764260004,0.6151591876907,0.101457487627309,0.555170525762275,0.117501468599359,0.277676771687734,0.0236777777058274
0.5,0.05,0.601979845979846,0.478562560415797,0.0242249470554623,0.503554291699566,0.104436138913467,0.528748011037344,0.112680831606402,0.28984514061921,0.0240130642537056
0.5,0.05,0.608924984924985,0.469185505830967,0.0211497680960569,0.451590571910933,0.084716642224019,0.566160147894406,0.137786591095407,0.279364092138914,0.0219177391188372
0.5,0.05,0.568860328860329,0.50177592511198,0.023008931027363,0.484686620972533,0.10712308827755,0.457383187013733,0.0776596206610004,0.285103381129902,0.0243642306418126
0.5,0.05,0.588269532269532,0.492389375872605,0.0221107134496749,0.613601707299762,0.163618164700359,0.45364646249795,0.0648877904972199,0.29942718943932,0.0236596382973976
0.5,0.05,0.614928794928795,0.494859056559902,0.0241298009331284,0.522897551663253,0.123048618731331,0.446598703670083,0.0568514885388784,0.311146143548094,0.0223822705950187
0.5,0.05,0.554167334167334,0.461858996272104,0.023605031883602,0.406012774462341,0.0927127656409843,0.447236639615299,0.0717143270433938,0.256002053015862,0.025281031283938
0.5,0.05,0.616509772509772,0.47955575028241,0.022079942706381,0.349274648156995,0.060851949943032,0.566718283280811,0.108917774555506,0.308745517793394,0.0240130618695998
0.5,0.05,0.573898137898138,0.502695167976646,0.0257912485485601,0.454875841518513,0.0912798873801942,0.467369100833765,0.0892971544559832,0.296152832888847,0.0257447894867733
0.5,0.05,0.605769113769114,0.509986759429495,0.0262614879440009,0.266635047097385,0.112211063945592,0.59444441211016,0.139756773049295,0.335747541089655,0.0244744782924882
0.5,0.05,0.603810207810208,0.455801984796657,0.0233867840454965,0.406665203496379,0.0838983087611509,0.433689758278585,0.063071587998686,0.265048536788105,0.0222910057078099
0.5,0.05,0.571459651459651,0.505486362519809,0.02461149764722,0.402613078024973,0.0816046784646891,0.463130422152931,0.0613763431438134,0.30619368893119,0.0254281489893302
0.5,0.05,0.594170166170166,0.533425503706564,0.0258932045554272,0.934865624803095,0.17706448346668,0.510700365480095,0.100525891393274,0.290866214553232,0.0235335756490756
0.5,0.05,0.594719490719491,0.47986357677256,0.0212702809878591,0.486035870946116,0.108837828519002,0.600642801759507,0.124880305784101,0.282242132375517,0.024298752495877
0.5,0.05,0.590871794871795,0.457085215164906,0.0240292130231109,0.450964016480921,0.099140274358028,0.447199141187976,0.0681137877293639,0.263121173389152,0.0239376122025366
0.5,0.05,0.596967608967609,0.458942511523744,0.0254900531104641,0.603923738167257,0.0895013106583472,0.540567967059998,0.106254875864337,0.268357900473449,0.0257577473503718
0.5,0.05,0.583393555393555,0.510326661948227,0.0237450864008845,0.7259714188118,0.126063237664424,0.466566611997801,0.055771498944461,0.31158643696819,0.0269135202109702
0.5,0.05,0.567001431001431,0.503939199247584,0.0259731927579499,0.542902441919676,0.127195924892131,0.389168288195626,0.0445309214858007,0.283246817728727,0.0258274994730581
0.5,0.05,0.605263373263373,0.503993428179443,0.0237185737333796,0.310269686520739,0.177526883212568,0.514859529164594,0.10225748617195,0.294508100304865,0.0253236295741724
0.5,0.05,0.598495342495343,0.500030647692014,0.0246923063829063,0.696947133794591,0.172693691115546,0.388896676073765,0.0466327925087194,0.311537816361528,0.0248172507930995
0.5,0.05,0.623301767301767,0.513639667694565,0.0242105286330311,0.537770067264405,0.0801403058990684,0.461418513761344,0.0516258502900752,0.326466520352154,0.0247740663985106
0.5,0.05,0.615531867531868,0.534922169567818,0.0224254841719925,0.474290545969342,0.0956778883670539,0.450414710685201,0.0620484394450114,0.329559933090581,0.0229369007089265
0.5,0.05,0.594253902253902,0.482959672628382,0.020726602716937,0.354607413949105,0.0990364464086116,0.536652999178122,0.103140844374111,0.294100287719818,0.0220913844765101
0.5,0.05,0.606390486390486,0.503989739630068,0.0231958654903061,0.478569026317851,0.082945498105346,0.492919973341017,0.0754173036358996,0.317615670783966,0.0245037462439223
0.5,0.05,0.582683286683287,0.532638596996603,0.0254444134773367,0.610343665472079,0.109474025947813,0.444530040267158,0.0708472826380297,0.297902089781789,0.0281696437881952
0.5,0.05,0.534629742629743,0.479523539874584,0.0212046405240357,0.552621779335185,0.119394209318717,0.533770290833215,0.107986743073994,0.265752614000758,0.0228886032652347
0.5,0.05,0.612979548979549,0.475007204246292,0.020589950651996,0.329093435463308,0.114739321262998,0.629312893451284,0.188857613966993,0.295607928355492,0.0228035742103517
0.5,0.05,0.572899364899365,0.513828407405096,0.0265601051536069,0.66683271965456,0.240171445363051,0.572700586584266,0.117639090217246,0.294903913020419,0.0252672936149582
0.5,0.05,0.606225942225942,0.450859480130922,0.0200353212605565,0.401218450907669,0.125744487921309,0.453025748676372,0.0737553764458523,0.274545136808873,0.0215305646589521
0.5,0.05,0.58240065040065,0.532315076838471,0.0256224329088213,0.459738766652793,0.118657845232465,0.439027754161943,0.0741019592045423,0.300016411087374,0.0247323211645626
0.5,0.05,0.599702987702988,0.481576957033017,0.0232379359360773,0.597086208527231,0.107116553132445,0.356316436379057,0.0405457461759199,0.281824017060017,0.0242331884183565
0.5,0.05,0.576935232935233,0.451079121631103,0.0233326663768799,0.453977048180326,0.0844991318960743,0.504527712975569,0.113377279747888,0.240500669438245,0.0227952449115549
0.5,0.05,0.564779460779461,0.472980101557009,0.0208896170772865,0.484710742949222,0.0671190426329321,0.503877974432532,0.111598008726761,0.248055934314206,0.0251796196697328
0.5,0.05,0.595455595455595,0.510685039623675,0.022105931860721,0.512268300112866,0.110316721967497,0.501088392027967,0.0698562246750175,0.319987430586829,0.022846853056252
0.5,0.05,0.561358413358413,0.500751165605149,0.0252578556662101,0.464840049097518,0.0980943145066113,0.491901161581851,0.0842622565270298,0.270428075872706,0.0266158139701227
0.5,0.05,0.615312831312831,0.551185481313949,0.0232998121463452,0.63237709409603,0.0938401244679533,0.503351056490846,0.0641612593778887,0.345644946534783,0.0276233742369923
0.5,0.05,0.613229101229101,0.510034634816478,0.0242556639214428,0.550713610664037,0.1176074453796,0.599047064547254,0.124511849443795,0.327293048152952,0.0257948296974072
0.5,0.05,0.585149805149805,0.503405012051181,0.025184746573643,0.539642727273099,0.119841546340752,0.671825513391603,0.187631273070716,0.291052849841408,0.0255943463480079
0.5,0.05,0.601475857475858,0.520139894501362,0.0229322892963111,0.436303197945643,0.0907659107726645,0.456365162364841,0.0743350613807439,0.29948112786542,0.024717664733425
0.5,0.05,0.611285687285687,0.465036590238202,0.0244505823845053,0.731483314419271,0.171875645423726,0.552721394147459,0.105781048146201,0.312917926019848,0.0240799162779715
0.5,0.05,0.59616512016512,0.499403312514222,0.0229403436450241,0.542901097139102,0.0687557411967533,0.426295385298769,0.0573283248199082,0.268051474182906,0.0227428331422644
0.5,0.05,0.600955848955849,0.467337437071192,0.0222192879040759,0.553853469315735,0.109206096354925,0.437807513819435,0.0558088513594023,0.280829733590186,0.0235111257832674
0.5,0.05,0.567550383550384,0.459898749528606,0.0230622472051296,0.28719048321475,0.0736954849228872,0.577388216733218,0.140365072541462,0.264123797357223,0.0237913999489018
0.5,0.05,0.538393654393654,0.4905065769907,0.0238928658473485,0.440773146242558,0.0998026003878513,0.804995949392987,0.364201434393849,0.276944031473448,0.023212126235652
0.5,0.05,0.604992796992797,0.487418328211744,0.0230627246118306,0.518467284273432,0.107449748420746,0.498265272276828,0.0895928249239334,0.28945270506471,0.0236240173728667
0.5,0.05,0.595436503436503,0.476217887731533,0.0230605090239294,0.462546650359943,0.098175990539666,0.609218415990213,0.18998871422762,0.282685887699431,0.0220906264481074
0.5,0.05,0.581125565125565,0.472944161709134,0.0218609704601045,0.469339149089726,0.127560920543251,0.455799576490527,0.103287695906671,0.266148326634198,0.0249728571972242
0.5,0.05,0.569260061260061,0.517553944503206,0.0261237804416619,0.40041543730012,0.0567829756216684,0.52621341900673,0.107687400867418,0.287551630551867,0.0243105659575549
0.5,0.05,0.63051357051357,0.514538962017966,0.0259168924926017,0.387318345297428,0.046558188865681,0.490771745015349,0.0518921896909496,0.365610235564456,0.0260186323399923
0.5,0.05,0.587469635469635,0.461920861673554,0.0226356099675689,0.368003864963084,0.0472554906235175,0.400174124062318,0.0453309001150494,0.272521034698949,0.0224810484446665
0.5,0.05,0.582959526959527,0.483638462092114,0.0264373044017613,0.512391858324049,0.111366931531827,0.45251152400257,0.0711615169409232,0.289211289062574,0.0257258530094615
0.5,0.05,0.587019395019395,0.47612880821289,0.0237705414757081,0.433586660470884,0.0898422567463788,0.471452698373681,0.119193174541385,0.271780771860966,0.0227198133289726
0.5,0.05,0.59173197973198,0.502497776005782,0.0228566957436266,0.401283585386005,0.0923473068033755,0.621600263052861,0.145898572797806,0.299979075759442,0.0227679297842461
0.5,0.05,0.605281829281829,0.518686016954295,0.022766159904672,0.469090725786454,0.101111931412744,0.447375675756341,0.0515048834951439,0.320372788596663,0.0235363615262572
0.5,0.05,0.60993102993103,0.549825680218782,0.0290901644327609,0.540601396173868,0.0940965759783607,0.475483207563505,0.0544191315543378,0.354261939521399,0.0310871308998199
0.5,0.05,0.581780093780094,0.465537829587884,0.0238789835617769,0.76972308419172,0.26265689514502,0.580584279134554,0.132959988381794,0.269084707513346,0.0232914760847661
0.5,0.05,0.589065253065253,0.496232758102257,0.0243953588924405,0.420691600419423,0.0757966176096258,0.601325909565924,0.154878940146623,0.275441473405819,0.0263333564327305
0.5,0.05,0.635551031551032,0.481933859307425,0.0191666588696799,0.593687934460906,0.080819650617548,0.471901520003803,0.0830534121473123,0.279382199049097,0.0228179564971273
0.5,0.05,0.584111192111192,0.480019039244052,0.0244575431166701,0.489363992648612,0.0953125739914357,0.368891497966175,0.0589517545654404,0.24249747459061,0.0237234812653663
0.5,0.05,0.580596736596737,0.487991284055184,0.0237442009421444,0.42476102829328,0.0612746647384629,0.504518704617473,0.0820171158617006,0.283363526465055,0.0248089413487275
0.5,0.05,0.621998013998014,0.508957849810922,0.0245847051806642,0.625915872688896,0.141983967771926,0.64227757796737,0.147618545066518,0.325577376825621,0.0259106119597427
0.5,0.05,0.605261441261441,0.526306951492205,0.0253121920822561,0.396190025903113,0.0697757961298923,0.626323585781188,0.154567215867554,0.31870122695433,0.0249405268158751
0.5,0.05,0.608831552831553,0.49072715762148,0.0241499273752278,0.361647807911498,0.0812537704112791,0.535035894290947,0.109635643976998,0.284071109477809,0.0221994863140614
0.5,0.05,0.591635307635308,0.506192974414579,0.0243227831817776,0.401315625119292,0.0502860824758344,0.497851140352578,0.0807158774085914,0.315583644620916,0.0251540843787809
0.5,0.05,0.569527373527373,0.499321721503602,0.024000452021548,0.397705849530156,0.21007210248258,0.563579115345234,0.122227724401597,0.291831875317259,0.0242058544605481
0.5,0.05,0.631063447063447,0.521425138846999,0.0250608307516573,0.631817990014613,0.0921443290306638,0.554156404488414,0.0743212895341022,0.335689668678967,0.0243547047988243
0.5,0.05,0.565347985347985,0.521161596165088,0.026878192726136,0.28995910685274,0.0565063836106688,0.687144182432744,0.157231488306047,0.317444284702746,0.0268969245641369
0.5,0.05,0.607053211053211,0.491083877353186,0.0221212443381335,0.280015690351702,0.0351384263348346,0.566254160981701,0.114647124387147,0.302802247557837,0.0220162051788841
0.5,0.05,0.594723486723487,0.501701600135624,0.0257549340577338,0.271676999284,0.0486310827719903,0.472472917242055,0.0822625922394743,0.277116407970906,0.0252193809397555
0.5,0.05,0.595543483543484,0.517722985060781,0.023643605157237,0.56477868792764,0.135394025460334,0.495888811722213,0.0922990065268956,0.30395026016378,0.0237052475452271
0.5,0.05,0.592068928068928,0.4987211857615,0.0221096542247511,0.329935772766594,0.044825259132763,0.764792533637168,0.201616764020643,0.316565467832736,0.0240340083173624
0.5,0.05,0.576252144252144,0.459895893722008,0.0233451362405715,0.397501630702437,0.0585526432551517,0.718583901238231,0.230061331934686,0.268864812718525,0.0233348696734867
0.5,0.05,0.580667440667441,0.459024628700905,0.0244925445063255,0.590192326470363,0.117593409752796,0.484938170070854,0.110296181115674,0.244564284806086,0.0202616272416783
0.5,0.05,0.615244947244947,0.490429352139186,0.0232980513051995,0.312702725228382,0.0612671150314446,0.542956678500116,0.0899528833652689,0.307172711561776,0.0256824462838558
0.5,0.05,0.547056931056931,0.56183218102042,0.0251969447837827,0.679999092816113,0.123979581493017,0.505985111078209,0.066850014459314,0.336011157321382,0.0258785959874
0.5,0.05,0.541331893331893,0.479493342203373,0.023256506514653,0.726619363575219,0.162101800433478,0.340258243649215,0.041725005657078,0.26760989731134,0.0247310246499835
0.5,0.05,0.610598038598039,0.474823875742875,0.0217632284979686,0.420420114911405,0.0479094399892939,0.398712630860501,0.0534547709940953,0.275717745836199,0.0230478712739482
0.5,0.05,0.647657435657436,0.470744336126412,0.0237964566573741,0.404983251755205,0.0765377421477598,0.472607240414337,0.0577750337611423,0.324131359723189,0.0230590858027967
0.5,0.05,0.597252621252621,0.514958393044804,0.0267497877797037,0.492970398010747,0.119479255364636,0.500261165917406,0.0717172883882347,0.311451111233775,0.0254797312682803
0.5,0.05,0.562781578781579,0.494233179794797,0.0236085660203708,0.323312489972041,0.0719359052606036,0.45660653391628,0.0772216072275597,0.281205512033316,0.0223166588645543
0.5,0.05,0.61765028965029,0.505589614148383,0.0268800302942856,1.28489845314975,0.657861084546786,0.526272388357086,0.0958359735595083,0.309469383819747,0.0265386760762325
0.5,0.05,0.537159645159645,0.476772349603146,0.0214730114580469,0.271181265582016,0.0755888416334271,0.521755010817897,0.12549910416427,0.246601616779005,0.023211372582961
0.5,0.05,0.613157977157977,0.500358152926499,0.0267484121179246,0.215055723994336,0.090509632094276,0.589436126923132,0.143052698718718,0.28638227395233,0.0278579335286897
0.5,0.05,0.558352122352122,0.492232182051807,0.0241437548115485,1.19891842825266,0.371078482006037,0.470641583089129,0.0705795009419567,0.283204201663384,0.0243036313555317
0.5,0.05,0.5878727998728,0.515581946080916,0.0255692483438477,0.58035712069051,0.0932202038351816,0.496237399269505,0.0711363990914511,0.323134384293301,0.0256027059017347
0.5,0.05,0.621804801804802,0.471523404701354,0.0226095951797349,0.487542517947867,0.10680480075582,0.40518349363651,0.0470697675712176,0.290747922941973,0.0234345471874156
0.5,0.05,0.620317088317088,0.551091862208355,0.0235242601445477,0.731170363085988,0.132529573089323,0.472315401463875,0.055126135742466,0.33614871020755,0.0292239000684389
0.5,0.05,0.616923892923893,0.487049218020486,0.0227369812433274,0.613568000900214,0.140898646266097,0.625081568820538,0.154122160272507,0.319391471882882,0.0255241269274441
0.5,0.05,0.589722205722206,0.48897058532125,0.0254897822058721,0.580844075662131,0.0951989627758183,0.602763227924781,0.129631239079661,0.300301812448036,0.0248707291657105
0.5,0.05,0.589193797193797,0.470147905205505,0.0226909772886247,0.487460491014399,0.124129216195719,0.479414209040758,0.0637994923494069,0.29023271834368,0.0243633125387805
0.5,0.05,0.543771951771952,0.495007975583977,0.0228540522029779,0.508607823530711,0.10995211130781,0.601634006792404,0.173904097805536,0.249400252661267,0.0236405628246494
0.5,0.05,0.58773533973534,0.532898035305212,0.024263999232101,0.622780987803117,0.139414441590492,0.58746357818413,0.102967861254801,0.320777829362841,0.0243464835060082
0.5,0.05,0.574590274590275,0.506238167796104,0.0258810055619216,0.393263199701471,0.0701860811601556,0.588109016790092,0.0985856553299097,0.318392794604408,0.0265856734189853
0.5,0.05,0.579742251742252,0.519680628239219,0.0224107812013029,0.463856664750034,0.107973033889969,0.448586556668058,0.0735899635324439,0.286808215054215,0.0203450442850778
0.5,0.05,0.562716106716107,0.45918738369355,0.0210965030244508,0.416020701458196,0.0688094054354694,0.419830325387057,0.0675339599577667,0.254563257976694,0.0216767038126375
0.5,0.05,0.616916176916177,0.483041231809496,0.0206023158634287,0.54770462156969,0.111820173957647,0.462940449752267,0.0715709925386604,0.304788935133896,0.0218099930273361
0.5,0.05,0.60969834969835,0.478399142616718,0.0209582142422424,0.427714472592724,0.0876999139610087,0.565681060173552,0.139742015019929,0.288880984950958,0.0231527717775998
0.5,0.05,0.595195987195987,0.488443711761652,0.0244003657464348,0.442201338101041,0.066087028164776,0.787997424891167,0.260432725672467,0.283385488809153,0.0235135121877512
0.5,0.05,0.551786903786904,0.483193024862764,0.0215736589120253,0.362735295652722,0.102935814809895,0.458160378045694,0.0936962112140697,0.26314879345684,0.0229314249175387
0.5,0.05,0.615987063987064,0.542293528935614,0.0249467903726909,0.530422043132621,0.0751372709217007,0.771381410100145,0.174208448369426,0.34582770180758,0.0252167951297293
0.5,0.05,0.581142665142665,0.481740781225162,0.0225888249296614,0.604676003298639,0.114197567450158,0.59725220048076,0.129419845875706,0.285376302588864,0.0246007946879914
0.5,0.05,0.605379077379077,0.473250582809853,0.0237355375918033,0.760249919467764,0.213543282559716,0.469646166905143,0.0873806782271602,0.272842750007137,0.0231484510843213
0.5,0.05,0.600958248958249,0.476542265479047,0.0237884350267145,0.584908766441488,0.0845042154891127,0.428838218503411,0.0627823903883717,0.285560207658543,0.0229542435804547
0.5,0.05,0.582945846945847,0.539728195019308,0.0285172182103785,0.620635664445593,0.146056002243555,0.737759466622213,0.218356282173942,0.317585245323051,0.0269857885508337
0.5,0.05,0.591122247122247,0.431513309419484,0.0233120200517744,0.650614917834395,0.146855033643234,0.369364528118895,0.0541673222638609,0.253181495318383,0.0231397771197943
0.5,0.05,0.596699276699277,0.512303201636119,0.0231521592584466,0.551796391399368,0.117575908431773,0.425613022379055,0.0474930803606678,0.312719853520235,0.0243046442459239
0.5,0.05,0.570258582258582,0.51990634568742,0.023217625531335,0.680906090620611,0.139792293726504,0.484169456013255,0.104998609127141,0.289582310701462,0.022156998295772
0.5,0.05,0.645692781692782,0.494101396151924,0.0267456154855156,0.49514387302743,0.125116444444324,0.450919938120789,0.054692596813682,0.311785012453041,0.0264222452812024
0.5,0.05,0.587090015090015,0.507869124547921,0.0229533484961872,0.484294817342721,0.0714921370139111,0.601985620519514,0.0950389117859867,0.339918454110804,0.0258563550708782
0.5,0.05,0.623269799269799,0.530049499898152,0.0258941365399456,0.67588530916892,0.115008410417164,0.523242770070013,0.0653914318356298,0.349106264966988,0.0248433090663436
0.5,0.05,0.595543543543544,0.478908222897746,0.0210631564782861,0.541474699091593,0.13958585993047,0.967351573005032,0.440446947510747,0.291032189814169,0.0242563659777836
0.5,0.05,0.60384675984676,0.521566501796109,0.0253549266498725,0.436829682204435,0.0656032134408728,0.57982397969772,0.0973120137090761,0.315340338133027,0.0241037564232816
0.5,0.05,0.60395781995782,0.469904103845134,0.0218358289293908,0.5655296301784,0.112544772531525,0.427903439398522,0.0430846476116527,0.276188859197091,0.0222555790617454
0.5,0.05,0.626330966330966,0.491658727075263,0.0237112829736536,0.519780429921769,0.0597595841660893,0.530642115446666,0.0889550372084907,0.320197600097608,0.024946743764053
0.5,0.05,0.582651186651187,0.479033275230034,0.0242024201212917,0.319445384552094,0.0990119094904826,0.685027297728475,0.268247844919473,0.267896794886492,0.0251578983159051
0.5,0.05,0.59405841005841,0.497145496845255,0.0270774619820461,0.426330418555016,0.0965752630761514,0.847697077925291,0.333780856317785,0.306133961022104,0.0258142513722166
0.5,0.05,0.535009567009567,0.500289952079187,0.0274255192633547,0.50440058797479,0.0947446588359899,0.425485483984496,0.0772125878553772,0.28279731144845,0.0262181421272558
0.5,0.05,0.578677934677935,0.434160053785137,0.0210764207712497,0.709050424698487,0.17444440468845,0.738878161816497,0.314518953679243,0.249473104457234,0.0239669042641226
0.5,0.05,0.612741780741781,0.482781555915784,0.0227974291077657,0.668154354360942,0.143596455885438,0.431952134041925,0.047894206617731,0.318615157296271,0.0230176345195727
0.5,0.05,0.581759861759862,0.536195084852839,0.0255819176186831,0.375645861345677,0.110701604792136,0.511901152209782,0.0793517575574829,0.306347823627476,0.0253271140278405
0.5,0.05,0.621851241851242,0.477022913470944,0.0244103524693025,0.569972391348177,0.116408939125901,0.514734952186886,0.0922327869585236,0.290128719168957,0.0237668623704548
0.5,0.05,0.571132459132459,0.520308614019156,0.0268314560314206,0.556282936842676,0.101179055135736,0.417535129967507,0.0528483325862445,0.274159759607817,0.0260254739921439
0.5,0.05,0.639260967260967,0.498064604373704,0.0253264284969768,0.350873505257981,0.0550596681835855,0.456017420164433,0.0532518129568388,0.311756170529051,0.0253396042474451
0.5,0.05,0.539898647898648,0.521000024969687,0.0250769975568042,0.52360400710235,0.0963432884019301,0.702869680299654,0.213524103733203,0.288757981567386,0.0257627666097729
0.5,0.05,0.584719424719425,0.460436463808312,0.0241029016485085,0.586742780706342,0.0880454523447408,0.475999879145896,0.0719688135269702,0.264777058860855,0.0228485215240832
0.5,0.05,0.605483861483861,0.490733867945549,0.0229885187705284,0.429135007058398,0.0776398380369962,0.44831671281571,0.0735270283230123,0.298898672943427,0.0237672314090924
0.5,0.05,0.613487173487174,0.51461999118064,0.0252320966409051,0.422168068228421,0.0555132317582953,0.998126191078219,0.434474327564052,0.333979779768509,0.0270230534067565
0.5,0.05,0.56984852984853,0.511334887254569,0.0234371418930308,0.426986463202832,0.0831929511164954,0.3614448817744,0.0442344888840143,0.282721017753211,0.0251178415524922
0.5,0.05,0.583836511836512,0.537564545794495,0.026900904420913,0.73523262796425,0.121763026964649,0.596862510961747,0.105473796511205,0.324548254619136,0.0262047116862769
0.5,0.05,0.629653505653506,0.527190936161389,0.0221456710928844,0.452812629270035,0.0975836016121963,0.769632121460244,0.219461442810989,0.341760859811194,0.0237403450390956
0.5,0.05,0.58614229014229,0.492814957296883,0.022235071704596,0.558397815113595,0.0765256778485982,0.445449600615368,0.0586565157608717,0.28644088139736,0.0228731141384145
0.5,0.05,0.637161061161061,0.499769388649181,0.0230240170155756,0.39707985475472,0.0871566179913414,0.460954696941414,0.0586027468375366,0.338946677744896,0.0231544947549575
0.5,0.05,0.604476484476484,0.489805609876906,0.0222099944950002,0.338439175970726,0.0604396658585872,0.534093833180749,0.112383241752899,0.299651177558234,0.0252848975518947
0.5,0.05,0.597945465945466,0.472933888117851,0.0228949355851216,0.344162756850543,0.0771051810197,0.4397446893084,0.0553722898119641,0.298878619712952,0.0247538903240004
0.5,0.05,0.541943785943786,0.487271969059391,0.0201645750086484,0.365809739968925,0.0888794123889746,0.470262391561112,0.0912481167451323,0.257011509614277,0.0248447352452519
0.5,0.05,0.568287952287952,0.495030162572372,0.0229580027145192,0.591843280670988,0.0995553218621099,0.357397084101686,0.0424736169384568,0.270878968312512,0.0251638852665257
0.5,0.05,0.545807945807946,0.495411046068037,0.0248468052752964,0.512881176755957,0.0858136102913892,0.607526404080393,0.150006956161176,0.28466285877622,0.0252873205526677
0.5,0.05,0.582482862482863,0.511697726741406,0.0260172495920992,0.682895994070489,0.134991391268412,0.540222173066316,0.0844525672281072,0.302938390170248,0.0239340363890346
0.5,0.05,0.583784023784024,0.534488405853317,0.0260199060628252,0.573218570137224,0.077399284265665,0.487031304502947,0.0866762823843987,0.327310775643111,0.027149693261927
0.5,0.05,0.597642153642154,0.50021700466311,0.0243315291678541,0.567594319375062,0.0983539913565238,0.513665467947019,0.0903514543076505,0.301903038238771,0.0259909603739903
0.5,0.05,0.606852354852355,0.489822939537333,0.0236416718630727,0.483778128277931,0.150301893882775,0.40637117843978,0.0651735612233378,0.273589619826326,0.0249077472544098
0.5,0.05,0.602010554010554,0.472905542075887,0.0216232223563667,0.446332224508432,0.0952421185818672,0.55478143214236,0.105020329749951,0.298870451081752,0.0241298035451894
0.5,0.05,0.574864606864607,0.481062526883999,0.0239002605887541,0.372114412423032,0.101496220593849,0.436179185567306,0.0843993165644183,0.261825699444452,0.0234372606866932
0.5,0.05,0.613709953709954,0.504699510342938,0.0258061278142328,0.70963891260554,0.151784270272884,0.567524436755902,0.12085090613836,0.279535517069041,0.0243980996907068
0.5,0.05,0.578985386985387,0.501449153191798,0.0225289443834262,0.339906826674174,0.0731890940046774,0.636297166865886,0.12969806323162,0.29169172335232,0.0239857206230802
0.5,0.05,0.601632493632494,0.536963014223244,0.0253526151406103,0.496731504840132,0.0647672841023194,0.637944849407638,0.123423912982541,0.328813509469137,0.0255706199478948
0.5,0.05,0.578363702363702,0.492973724968413,0.025627976610849,0.436767744118461,0.0934659392262489,0.419121622020564,0.05583482758219,0.289464260363943,0.0244483835980483
0.5,0.05,0.587454935454936,0.505973480206317,0.0260405573428632,0.371713904470416,0.0884529733513472,0.527579515272664,0.0959883209714909,0.279816317170679,0.0252941673933263
0.5,0.05,0.60768541968542,0.476082998746893,0.0221458392233512,0.536376874727297,0.138568265737759,0.404995187362113,0.0666707539980996,0.255928968008955,0.0226772819196281
0.5,0.05,0.624684960684961,0.552002167262883,0.0274844590935518,0.44818078467879,0.167057291449763,0.638587636336183,0.109297830612426,0.360131862342604,0.0280599766438993
0.5,0.05,0.605355233355233,0.518982897637974,0.025069539319452,0.578446576503444,0.159228456130678,0.549230494850894,0.10044823607259,0.31427669760856,0.0266690603628225
0.5,0.05,0.611053175053175,0.50035238503369,0.0218519587469876,0.739783323938548,0.18090313607582,0.47775158313169,0.0615119131357739,0.308649987555229,0.022115843002999
0.5,0.05,0.589488373488373,0.513766211644776,0.0234579856666108,0.808031388425988,0.163289381661949,0.421050535139063,0.0697485898298884,0.276536879421542,0.024050131434837
0.5,0.05,0.583211191211191,0.50146930815569,0.0205002667130704,0.633912846130014,0.108534363560123,0.487435149323233,0.107003925086546,0.270549210506764,0.0246636352187318
0.5,0.05,0.600675156675157,0.455531005427954,0.0217215845901546,0.609344844019997,0.0846068336783471,0.505206356806094,0.0984917689947165,0.279655602184749,0.0210128419313023
0.5,0.05,0.587179331179331,0.505272938950246,0.0230151884426899,0.56427929669471,0.148001721609977,0.456805482850854,0.0911678180809634,0.261934170806504,0.025656309760489
0.5,0.05,0.586741510741511,0.500237251102265,0.0246519575617488,0.628984328473105,0.220318976439374,0.523336366425753,0.082064473411858,0.30967958668889,0.0255274579144268
0.5,0.05,0.609665637665638,0.550459464777519,0.0268868260300743,0.772299118266221,0.192468263370298,0.7756733157018,0.250480391944676,0.336560322354169,0.0247902608844257
0.5,0.05,0.575458919458919,0.496275194150996,0.0219037152783831,0.639455214305059,0.127448090259136,0.515051514867745,0.108060267756934,0.29358161919534,0.024388990666479
0.5,0.05,0.588334416334416,0.479505988293675,0.0217637853774628,0.419257357105044,0.13393213761766,0.519009421375836,0.0869964863576696,0.293618012728608,0.022098998079926
0.5,0.05,0.571223647223647,0.493254625052738,0.024784594324125,0.550444886235453,0.0944033843869828,0.518642080312578,0.112746062236712,0.305829017771259,0.0255426305105923
0.5,0.05,0.588892344892345,0.504993683019797,0.0226434882127342,0.559243357781867,0.0734054418166591,0.53905436751144,0.111526964514433,0.314679464596034,0.0242681034237225
0.5,0.05,0.614781158781159,0.493176818291254,0.0247537241657002,0.484792764503447,0.0926456851918171,0.419350650807217,0.0648067058071336,0.293955220099181,0.0264536642692897
0.5,0.05,0.59431407031407,0.526554566662314,0.0243026009256692,0.397064900609154,0.039114279290967,0.41604490218716,0.0629368016390836,0.288351448146183,0.025441171548724
0.5,0.05,0.578689790689791,0.520009664847292,0.0244220661626801,0.621657691862186,0.121426991446823,0.488255617072399,0.058328291727713,0.319978146601765,0.0246116507381571
0.5,0.05,0.576441108441109,0.50617608315288,0.0251296193098277,0.502071904757489,0.114119637989807,0.537797455025079,0.100460333903835,0.286985141907681,0.0245964172405671
0.5,0.05,0.593777513777514,0.508905147280192,0.0239183326441469,0.624887261120917,0.0980196557195205,0.492913720160143,0.0647692859925732,0.32262635799009,0.0253340731470972
0.5,0.05,0.567369327369327,0.499874976400481,0.0255988196810959,0.490632452088808,0.0933611897306759,0.508325093319494,0.096209482548029,0.275302499749082,0.0255719551036845
0.5,0.05,0.597700893700894,0.52030754846233,0.0235545558667119,0.482559986810891,0.103093656639415,0.584959182759427,0.116342432257393,0.314499856058787,0.0264731700917422
0.5,0.05,0.589906213906214,0.506469323571114,0.0238764171470182,0.423142625246605,0.0838858608409325,0.649240817654531,0.164632268231202,0.314626768336922,0.0237446796889891
0.5,0.05,0.588089748089748,0.476477789310299,0.0234333737814533,0.361796507248679,0.0510953778240207,0.387641892836334,0.0427932660730208,0.282500448274764,0.0230424148388276
0.5,0.05,0.548722496722497,0.570963467290792,0.0287347176884468,0.424219546944028,0.0555308844359694,0.869964475055549,0.316697513582581,0.322184115132849,0.0285972761787776
0.5,0.05,0.581173769173769,0.544850036301871,0.0270046760522606,0.44595128697228,0.0789347710935129,0.779141458352552,0.30466783448754,0.298719127679812,0.0250854127116199
0.5,0.05,0.577709257709258,0.509753277733223,0.0252332716859309,0.636776557626669,0.155230071983691,0.547545718097893,0.0996667006174945,0.302822617354435,0.0242308189411309
0.5,0.05,0.615484611484612,0.49390149397765,0.0246214365538293,0.340567384423784,0.0518802462992565,0.50788441864497,0.0889047676629071,0.296261483129793,0.0249259108267323
0.5,0.05,0.587159591159591,0.484401329437512,0.0230483652195197,0.397262018080007,0.0845782695411447,0.522255753221042,0.111670015589496,0.284844375478775,0.0225083515982194
0.5,0.05,0.607079863079863,0.514067861139815,0.0225027986506069,0.891603572618717,0.185479770379424,0.455818029372061,0.0577510247522279,0.30464614179796,0.023208138974405
0.5,0.05,0.594559362559362,0.493673290518381,0.0231267423562399,0.810079263357363,0.234838673821363,0.430883184879847,0.0771582034150005,0.283497782006826,0.024716131382482
0.5,0.05,0.593061797061797,0.510326942894851,0.0264134340198283,0.303849272306241,0.0842837068931293,0.693386405428031,0.192711343329475,0.299113796035639,0.0245911340432102
0.5,0.05,0.556517932517933,0.493498910579373,0.0255393147511429,0.47390902452292,0.084226519412319,0.483729979294472,0.0754734546302101,0.296753841401408,0.0243001645297878
0.5,0.05,0.583258375258375,0.485902881952976,0.0255731369140165,0.799698144534542,0.162569132728621,0.41321584191648,0.0553275682735171,0.293107111766863,0.0264572265401029
0.5,0.05,0.566096114096114,0.524574643758189,0.0273428871666648,0.46726102464049,0.103311833347318,0.728137469694269,0.209007119668221,0.307247499990502,0.0261134867465923
0.5,0.05,0.581315285315285,0.507581833122247,0.023967934029499,0.395733622267506,0.0659278019306088,0.459924421837664,0.0609773331566661,0.316954658246053,0.0253257020328219
0.5,0.05,0.622870654870655,0.463612727154579,0.0213850804507097,0.427391509494974,0.0806064064772442,0.393318692184998,0.0526412394747521,0.291576496851593,0.0238688725848919
0.5,0.05,0.589760761760762,0.531688677869786,0.0251866008285379,0.458470473753933,0.144954466107856,0.569490348762748,0.120665264542792,0.332287855701013,0.0259462610374753
0.5,0.05,0.581090201090201,0.480688025531795,0.022721677915209,0.492830862714854,0.1224495973373,0.566566373118204,0.130339406330845,0.278824362591591,0.0252261947496725
0.5,0.05,0.61423079023079,0.489002036962028,0.0226378086955413,0.752753082384878,0.227860535150152,0.437896156562056,0.0713663883451719,0.286115387264505,0.0240571114851275
0.5,0.05,0.605264477264477,0.462097403809723,0.0229578580759822,0.455839792616682,0.134249718937142,0.418075303360142,0.0629939678495987,0.260259331251087,0.02514812223132
0.5,0.05,0.591674835674836,0.478622382376646,0.022139537451978,0.605031592522685,0.189183916752111,0.58116496795772,0.123930333400324,0.27873774873052,0.0238296652536034
0.5,0.05,0.580021036021036,0.488866895760095,0.0231910345397726,0.577733396662091,0.0576884406121958,0.383650496929714,0.0472010501190845,0.276347162206509,0.0232707214371134
0.5,0.05,0.59424075024075,0.492804888880653,0.023045759590048,0.697926820665465,0.106223486951836,0.513272050468235,0.113291972224224,0.303424336890529,0.0229721574898875
0.5,0.05,0.572421632421632,0.503564938055646,0.0261139299320596,1.05283533356491,0.305134001028577,0.498629331409037,0.0981844408338969,0.290626904872114,0.0254767970845957
0.5,0.05,0.59773626973627,0.506420868985293,0.0273291449108097,0.930759795803681,0.18150484882354,0.395767648992043,0.0482454261808743,0.29719510233823,0.0238303491741523
0.5,0.05,0.595135111135111,0.45868767144404,0.0229718565711267,0.280795039716476,0.0503479881771336,0.560104227944467,0.0986350531595268,0.295176657294975,0.0223457548672978
0.5,0.05,0.590621390621391,0.496561315381285,0.0263512469011386,0.38616232140684,0.0835860932096427,0.565899438076531,0.135552453287979,0.299680022336584,0.0277903836321464
0.5,0.05,0.582988362988363,0.488205237136634,0.0262379085767349,0.386544387749611,0.134773333416493,0.470301168695794,0.0931283945989323,0.273305186884619,0.0253233714174131
0.5,0.05,0.617754941754942,0.529730467579517,0.0240603144551833,0.566609697669126,0.120082057767541,0.477163997876375,0.0908628301467546,0.314785845377273,0.0239195870028735
0.5,0.05,0.575412647412647,0.512412224387307,0.0241494195886304,0.426535579284479,0.0512872237223727,0.643183976774594,0.176610214453817,0.295743198706827,0.0247695300612067
0.5,0.05,0.592421752421752,0.513157544820011,0.0249508093116469,0.634407908286326,0.106259109739705,0.53353368219663,0.082908833875625,0.311253076653857,0.0256669798087221
0.5,0.05,0.577695565695566,0.521805020982976,0.0264341588509784,0.380309677654696,0.0834087233890932,0.817036163150139,0.280633336380513,0.308600591579204,0.0260467115215347
0.5,0.05,0.604418296418296,0.509994513982557,0.0248447750776837,0.505554480626377,0.131330795764728,0.400724444854692,0.0494003967941995,0.300772672518165,0.0259201597042006
0.5,0.05,0.582843054843055,0.474561337149103,0.022529741623665,0.35213773922069,0.0901644402877133,0.462939293627268,0.0645115527780412,0.290282305146013,0.0234283030941221
0.5,0.05,0.59197533997534,0.494318569653301,0.0235196525425596,0.472497554295643,0.151637683266808,0.532816864302309,0.0936329484639499,0.311760272696813,0.0237126608067749
0.5,0.05,0.610861210861211,0.513175068072555,0.0259972428490652,0.504684302379022,0.117813078847184,0.524502322091603,0.0880488567433818,0.332900073338052,0.0246212256855036
0.5,0.05,0.578587514587515,0.509887917707809,0.024490432861389,0.478265242142149,0.071493590454993,0.495780406407977,0.0990978986579224,0.287942603353602,0.0236207276809777
0.5,0.05,0.58954012954013,0.523281597606292,0.0260495652270103,0.560852662015157,0.111587059387823,0.729482945424139,0.176435650166533,0.328149774803158,0.0231435228540244
0.5,0.05,0.650710958710959,0.496505909100463,0.0215406046544701,0.606813856416595,0.116283369844223,0.454370482403088,0.0465523748345257,0.311298404940942,0.0224744794860238
0.5,0.05,0.581039321039321,0.503379156885141,0.022652622495801,0.463401597746365,0.097837354971628,0.412836479129991,0.04880970532373,0.294756605595036,0.0223500300321926
0.5,0.05,0.564651720651721,0.467995728303965,0.0226822761391509,0.592797858325262,0.140389883168661,0.516931642228577,0.103573886690026,0.271909049058835,0.0233864819791839
0.5,0.05,0.606910458910459,0.549293654752998,0.0250259882544238,0.520302049411266,0.0703627540149681,0.530701104300575,0.0949749388438426,0.313720089815422,0.0255236991195703
0.5,0.05,0.597939813939814,0.509416667844174,0.025151780607971,0.276918094857392,0.0810870424834246,0.524957436681893,0.105613730930081,0.303935069990278,0.0213494856654775
0.5,0.05,0.589416457416457,0.489508099380062,0.0222875166175508,0.676776168086616,0.104662808064199,0.552313081451299,0.0898849053780812,0.303621571302952,0.0237120429899411
0.5,0.05,0.609967665967666,0.497595792837622,0.0231673015254536,0.765782298515328,0.177125657457841,0.536984063116961,0.0897079656763339,0.283916181357887,0.0256915742527821
0.5,0.05,0.552270504270504,0.480848078748123,0.0239263590162535,0.266076497830112,0.0499915566823931,0.636599242425817,0.162552082532217,0.265799584560754,0.0212894091403212
0.5,0.05,0.60208343008343,0.528131837621888,0.022424816411463,0.331643101882139,0.0608040514405069,0.466990974899574,0.0641983625665975,0.314242534901178,0.024024317753727
0.5,0.05,0.571249399249399,0.544212231083228,0.0280211251190679,0.523037295170574,0.0660772377138815,0.55234580196478,0.0882085157598636,0.331457136224419,0.0289694723100161
0.5,0.05,0.592095568095568,0.474645396744334,0.0208693156483646,0.266842085457255,0.0588944422253438,0.397883712731065,0.0517678564585421,0.265329662772207,0.0253172683188384
0.5,0.05,0.600910764910765,0.51082373119608,0.0251781626803215,0.546694063233102,0.0807351098745268,0.441633811648621,0.0449032467861678,0.317147001718332,0.0256661876555685
0.5,0.05,0.619976287976288,0.494444723364381,0.0246302969288893,0.433193601061627,0.110706470876954,0.435709692569098,0.0599044458385755,0.308286299702536,0.0222677089211448
0.5,0.05,0.593993705993706,0.481668882345321,0.0252302212110531,0.525992821297742,0.121647151902689,0.44709798934919,0.0715689909054415,0.283094362686413,0.0241172700301187
0.5,0.05,0.586287514287514,0.502924442223561,0.0241436759758613,0.50547456002555,0.152646202363455,0.568340733726487,0.0990395503791545,0.296646541602815,0.0246085936769761
0.5,0.05,0.599059715059715,0.471741953826923,0.0201779250602923,0.616037870548296,0.158648927358011,0.643031650819937,0.158380400034618,0.299851155554987,0.0230840224211367
0.5,0.05,0.563298251298251,0.48561149490405,0.0228133317919322,0.510826731646209,0.164536603239345,0.806195475743558,0.36268222299435,0.284336420650666,0.0249861614192526
0.5,0.05,0.595350079350079,0.511048035822866,0.0240481645391706,0.373935453482593,0.0773362170972935,0.599937441421998,0.112108516650995,0.306599613658283,0.0250035269051725
0.5,0.05,0.56001368001368,0.480749294836333,0.0239431873242769,0.631736419974846,0.119735240286012,0.459053372753735,0.0721881573264217,0.271182244696281,0.0231507810274702
0.5,0.05,0.630695118695119,0.488851797341142,0.0228515021513235,0.592770053257856,0.15146461394027,0.541731475687843,0.104053961291744,0.315993515156997,0.0231388252479703
0.5,0.05,0.586264594264594,0.468652721419165,0.023619800517197,0.589355175332705,0.10677852998689,0.420292147493856,0.0536142889024699,0.273695331202315,0.0235949274860377
0.5,0.05,0.608550704550704,0.544535348721403,0.0257854272354984,0.351751473313306,0.0824465730978998,0.547058397182586,0.0974831876165784,0.347285202850487,0.0259865398735178
0.5,0.05,0.621451077451078,0.50163354225674,0.0232536337088238,0.608604443919768,0.116956139224355,0.457639086668062,0.0668210863233598,0.308482333856336,0.0236764750095604
0.5,0.05,0.591719103719104,0.513088190263124,0.0233011901300938,0.61071461434248,0.115514196267664,0.433773219598164,0.0469813685228455,0.308845495240231,0.0273271032675612
0.5,0.05,0.581071505071505,0.474515391492558,0.0233049730725658,0.392919555956935,0.0991999176110884,0.444814116221078,0.0649285065458941,0.278397800744513,0.0250416326416594
0.5,0.05,0.615734463734464,0.511479719057742,0.0231582689277943,0.638024347279685,0.0948539597103538,0.588797285930994,0.0810050276635475,0.327500361700423,0.022235936232747
0.5,0.05,0.595545859545859,0.514453031132326,0.022900613775641,0.83755796295732,0.156474073989741,0.636277572490213,0.160963314835236,0.302015454078564,0.0220772435001862
0.5,0.05,0.582624654624655,0.48141985574448,0.0232814344205813,0.687797670537048,0.115285690676556,0.428074409759105,0.0579210933740064,0.288466807581975,0.023145377886426
0.5,0.05,0.599071535071535,0.506620183602858,0.0267686400537287,0.347443066874286,0.0797946565783546,0.628595750994848,0.156307992906629,0.310948245720815,0.0270275264192252
0.5,0.05,0.591094851094851,0.512635959506426,0.0241547818329784,0.427130468683329,0.0831003164932574,0.440177879292391,0.0726561217506585,0.294841099946591,0.0245870256990889
0.5,0.05,0.599504435504435,0.51767095389903,0.0251499166316565,0.550967591338254,0.17609316208671,0.774156876066293,0.246245379710078,0.310880572313721,0.025295682035282
0.5,0.05,0.607908787908788,0.536180265855103,0.0256682787741382,0.416712290142443,0.0483049380331496,0.468871576916587,0.0724948592939785,0.334708310765476,0.0261270693133294
0.5,0.05,0.598792186792187,0.51117043596816,0.0256515906326759,0.80240111787503,0.127636694305217,0.464953369563184,0.0677946213928859,0.313715055202074,0.0243095639521638
0.5,0.05,0.629435117435117,0.514922222156099,0.0271645100069347,0.698351867180494,0.176382286648227,0.509395765774179,0.0950413492407214,0.321748121333574,0.0276395319519847
0.5,0.05,0.603376719376719,0.463310170504513,0.0242818671531866,0.444687343361754,0.103519228170736,0.384214562364106,0.0570106500611214,0.284995657892965,0.0240617902277928
0.5,0.05,0.566969786969787,0.494096662937645,0.0243906658170006,0.602923172122771,0.137729265640589,0.544693869963116,0.118105766050429,0.280334133587646,0.0234773508901476
0.5,0.05,0.586325482325482,0.490950308818152,0.024253390881807,0.541404240462857,0.144358604164944,0.560617429543532,0.118974328160595,0.28795177808763,0.0236083727299323
0.5,0.05,0.61829703029703,0.512992974958895,0.0244374204518543,0.667950919153878,0.136088111124362,0.390308587354241,0.0400486166398982,0.316913096681382,0.0249695656045136
0.5,0.05,0.595422079422079,0.482627155509593,0.0239830714534506,0.527872961218166,0.103544550844932,0.481399941331478,0.0784512259749509,0.30036849041004,0.0251343897812832
0.5,0.05,0.577502245502245,0.492620769853178,0.0239240762602534,0.887669163472356,0.195501519170592,0.456800789240259,0.070583879459727,0.289248830047664,0.0236651425998934
0.5,0.05,0.595417339417339,0.505592744326934,0.0239700197262807,0.386884994027936,0.0915350955621491,0.613910392896902,0.153469832853734,0.331600943273359,0.0233164804310873
0.5,0.05,0.594621222621223,0.509829194519476,0.0254437023600587,0.328791753272572,0.114365444232608,0.623354089870787,0.167338983832591,0.290944039916131,0.0247789612322852
0.5,0.05,0.577288357288357,0.49970223316229,0.0254612619727443,0.343975104171647,0.0747136056563952,0.62272430379864,0.14390346483338,0.295844098458134,0.0250649985395196
0.5,0.05,0.583276399276399,0.528080415083539,0.0246809073804208,0.57941075318891,0.137597540132097,0.425193614814859,0.0533107320115838,0.304438343621711,0.0255164021900247
0.5,0.05,0.625505125505125,0.490537126357183,0.0223610069874427,0.370886845032642,0.0642917550973564,0.433478507930203,0.0503830620324458,0.299451688767862,0.0213696334046147
0.5,0.05,0.59189325989326,0.496422264678178,0.0232892259582413,0.429407339515258,0.101565279568117,0.501835986448568,0.111768868934631,0.292978862631628,0.0237699976754113
0.5,0.05,0.587318387318387,0.532208163427799,0.0254045065321038,0.439862182388643,0.0917382027549969,0.437827805659298,0.0501719231882271,0.317317419324179,0.0234604442152386
0.5,0.05,0.582562602562603,0.500148943811677,0.0250245845182235,0.469315838207806,0.0536220473568366,0.423498530691678,0.0683424179198878,0.281234724596951,0.0233442028788945
0.5,0.05,0.591277035277035,0.502409949352845,0.0241221435396202,0.444674580755788,0.0788969874370594,0.494327938277304,0.0905611384124668,0.286761346869426,0.0243391391948487
0.5,0.05,0.593648825648826,0.529647790346438,0.0246341696398429,0.640366870719322,0.156421511183217,0.693710485964133,0.188653451035242,0.321775580658189,0.0271170785624345
0.5,0.05,0.574764718764719,0.517462910409532,0.0246187028987976,0.914541955975796,0.147155776072839,0.426407120113623,0.0528701591511278,0.284242647355012,0.0255703066104878
0.5,0.05,0.613023061023061,0.451928266250198,0.022416366419699,0.398832724669681,0.0830084363828286,0.433477248177869,0.0746911969873684,0.268477110526183,0.0220320170693716
0.5,0.05,0.610616998616999,0.526137603364915,0.024729818425159,0.477073150955774,0.144694678190468,0.486697863607819,0.0624018366434597,0.343789110292176,0.0249483442762561
0.5,0.05,0.572107652107652,0.516754331031061,0.0263012249251801,0.395689226946562,0.066180121630763,0.479920866798686,0.073241893060611,0.303022556336031,0.0275202038471724
0.5,0.05,0.618720522720523,0.485068702852772,0.0240125671770531,0.502877601624953,0.0968669956364708,0.461514885628354,0.0729257245768978,0.307755129653635,0.0214286249895123
0.5,0.05,0.552272532272532,0.485972426606218,0.0225585503227528,0.520251601440747,0.0750303376908468,0.445937612645319,0.0711329059051093,0.285521194317076,0.0233686961114886
0.5,0.05,0.586842418842419,0.557717699634017,0.0249519015166848,0.545483102887681,0.130351314139099,0.573708293749175,0.118264878678555,0.345317103852615,0.0247649287754289
0.5,0.05,0.552562740562741,0.488155525614749,0.0249997854453692,0.459879831166425,0.0943116707103467,0.404958375329749,0.0549003401715208,0.26072260021097,0.0229655810987111
0.5,0.05,0.553366261366261,0.505067716209852,0.0247646758268734,0.51564448907795,0.120120660547932,0.599701230294685,0.107315974523456,0.308514240443521,0.0262172980634961
0.5,0.05,0.592296028296028,0.501750634866071,0.0243552791334149,0.435688070092819,0.112706068033517,0.478574503338864,0.0720454532010133,0.295107561293339,0.0259055938403592
0.5,0.05,0.597209097209097,0.482257433860952,0.023858680599717,0.545797596559178,0.138418203624146,0.392608667614333,0.0404534829546387,0.288550216599919,0.0230609750650856
0.5,0.05,0.623319383319383,0.487596192518541,0.0256892471150595,0.379410898921771,0.0655076911149134,0.583113235323504,0.118789673482374,0.310773175649865,0.0255994707657566
0.5,0.05,0.593277281277281,0.482119537229094,0.0260824483951263,0.749382489298032,0.182738090015651,0.465335818381536,0.0840889632252468,0.289383098249246,0.0231956813099428
0.5,0.05,0.606028458028458,0.51997205907629,0.0284545891648308,0.553461503921636,0.125653731728714,0.420261561671883,0.046845210075872,0.315931859259172,0.0267306267448633
0.5,0.05,0.588224256224256,0.510120263448094,0.0224342752697126,0.297370639320773,0.0694085985039906,0.516453101700393,0.0986047541437991,0.293568612534465,0.0226861493946197
0.5,0.05,0.61438457038457,0.548487375199549,0.024473927964643,0.56718604453342,0.0910900183302207,0.395410689334035,0.043364499875005,0.340760582329667,0.0263813855809165
0.5,0.05,0.578824514824515,0.48936016304632,0.0227385427188384,0.485372816224007,0.0716936736924589,0.447912528601596,0.0640523887080451,0.292783878799797,0.0221931333801281
0.5,0.05,0.581013797013797,0.492191523409721,0.0218593331253642,0.515244181146709,0.131659213829619,0.690087980344098,0.164022351485793,0.308156428355466,0.0213940508644079
0.5,0.05,0.590963882963883,0.485182769070148,0.0239488101983304,0.535928904855174,0.0930916362060976,0.466491550012104,0.0647020361103158,0.299784481648191,0.0241718021666709
0.5,0.05,0.592961320961321,0.525069740385486,0.024746136239633,0.570889229425844,0.0867266534561614,0.521271642279612,0.0758890891539162,0.319623240303188,0.0250909999414458
0.5,0.05,0.617783921783922,0.511446395599245,0.0229748634427981,0.53776716126397,0.110343873706175,0.515017579956636,0.0711760844973479,0.322456958043116,0.0245490168923926
0.5,0.05,0.601657381657382,0.493043396749028,0.0221159767987996,0.380853206712943,0.0940247829200358,0.601034352764046,0.120188911356019,0.321171746866418,0.0239425141225978
0.5,0.05,0.596609528609529,0.483596813401553,0.0236153657600208,0.476173789011756,0.0738553406315775,0.437021556230609,0.059099379293008,0.278748941993059,0.0227983129236711
0.5,0.05,0.613843573843574,0.507030083827258,0.0245641428055023,0.324293881332813,0.0765163427189366,0.540378098492536,0.108097800619339,0.300057772824052,0.0245317916724505
0.5,0.05,0.58821666021666,0.470565970979736,0.0211024737535618,0.57730932370554,0.0940795605190653,0.496190913439525,0.0857940805839247,0.279809793614263,0.0222391702997203
0.5,0.05,0.561124977124977,0.493419320989016,0.0237601061807351,0.494261242895017,0.0822403899583035,0.53517492305709,0.106039056647212,0.296839801743431,0.0239143823357001
0.5,0.05,0.571145131145131,0.496367154077566,0.0236866323665439,0.698656700468554,0.146504848722752,0.452258255931396,0.0587335111470124,0.267157675463837,0.0241877232470046
0.5,0.05,0.577129621129621,0.499276471271088,0.0267624737635144,0.429606677855067,0.0872941054057918,0.370915187043939,0.0424427152322346,0.272560693059565,0.0254330703048081
0.5,0.05,0.593673485673486,0.524725104043816,0.0253259890524362,0.65565266816336,0.208346629748344,0.538387456873431,0.0883994429346149,0.329872738427405,0.0254019014064562
0.5,0.05,0.607426675426675,0.513360486040436,0.0256525843217227,0.871407684267138,0.172221277063791,0.435922440871396,0.0558692781180652,0.305625043403144,0.0237639031044073
0.5,0.05,0.576754116754117,0.496780006751039,0.024115376072457,0.42582515337116,0.0534589523125807,0.425785158999229,0.0679095394438119,0.27478720499419,0.0223403837686206
0.5,0.05,0.595563943563944,0.491422980881076,0.023787054173874,0.466079583358514,0.0851587332426639,0.388461996919124,0.0442331815183873,0.28917719626453,0.0231269614856154
0.5,0.05,0.58595976995977,0.470461985144366,0.0244585520887043,0.816107672575475,0.292658997693298,0.428342492548427,0.0624940947125179,0.267511027633937,0.0239584916469754
0.5,0.05,0.579674223674224,0.513586504832827,0.0250722475563636,0.343943755847953,0.0687143605368087,0.543372160764234,0.110075092733642,0.298121569228429,0.0235367568665541
0.5,0.05,0.628897360897361,0.539857296394795,0.0272778392069688,0.618982384624334,0.197233994501141,0.491841957290279,0.0522435656833237,0.327958278759613,0.0283013190749373
0.5,0.05,0.622132282132282,0.510421974258984,0.0235986941768308,0.750776142875993,0.18102345502341,0.716968317930847,0.204827918960224,0.323487819382751,0.0237050932815839
0.5,0.05,0.604161124161124,0.479837112647035,0.0234057489005511,0.481109930781856,0.10443194760658,0.506904149686664,0.113986773142838,0.274628558799952,0.0227340496099173
0.5,0.05,0.576886332886333,0.52239787140525,0.0265238361841763,0.76734692692456,0.20408459035119,0.490372292284134,0.0919285359169222,0.295681852420066,0.027590456121996
0.5,0.05,0.610154098154098,0.552037140131184,0.0275778283575012,0.492155906311318,0.0671439463015744,0.588915529702304,0.10102812210851,0.342995058186445,0.0262923043273285
0.5,0.05,0.647345123345123,0.488711478446431,0.0273161651231828,0.890717774934456,0.2132848606363,0.498026313319698,0.0626684766035134,0.307870302788529,0.027438498839536
0.5,0.05,0.583526155526155,0.476552279715207,0.0240881273690254,0.445192772190242,0.0860305582058987,0.487712155961174,0.0845030625352845,0.266674418353374,0.0231364334705609
0.5,0.05,0.546849570849571,0.514129944434057,0.0226347273057784,0.592264629846593,0.0889173901955164,0.456810838297383,0.0729609547647231,0.279173913576446,0.0209523498125805
0.5,0.05,0.596644352644353,0.480610546865087,0.0219991790243179,0.381412174081373,0.0876466747222275,0.369346670871933,0.0577086776427137,0.260429400528093,0.0230205791088218
0.5,0.05,0.539329391329391,0.48881822312519,0.021292572713189,0.431494816173225,0.105788393443715,0.34866851033117,0.0451925060803671,0.254020561372439,0.0230744575291186
0.5,0.05,0.596532596532597,0.478442481547657,0.0195267218665633,0.50418209930442,0.119149796538085,0.550435879615997,0.108312785173101,0.276810203512199,0.0211359150261292
0.5,0.05,0.614158562158562,0.471475772310088,0.0237914572991027,0.411428583701002,0.099493360032733,0.453466610004405,0.0783830460247442,0.295504050749463,0.0236297993789683
0.5,0.05,0.626193074193074,0.474626495257238,0.0229102234380303,0.506588722444107,0.0922885578024101,0.497752182101673,0.0704547571733606,0.302790886293702,0.023540087572845
0.5,0.05,0.600431712431712,0.486107897783607,0.0272151771493372,0.570143999297506,0.134470843569614,0.430194776375917,0.0527799525459089,0.29839339893508,0.0248334859749029
0.5,0.05,0.607948675948676,0.475780044437734,0.0195003534026432,0.489093245412859,0.0699602878130401,0.433329738739614,0.0483338008981266,0.30818899501715,0.0201200007458177
0.5,0.05,0.595391083391083,0.581848050900387,0.0224696392716822,0.723457501654123,0.203477776384137,0.883168909464397,0.353417732758542,0.362625372432863,0.0253337214960849
0.5,0.05,0.596242676242676,0.496902586633174,0.0232071764896773,0.44695840361387,0.117357003055262,0.492627532228609,0.0894993376719209,0.284956997444195,0.0230504442245241
0.5,0.05,0.607300567300567,0.535695788971053,0.0258920084464946,0.803254874722931,0.123713063854535,0.483869175326591,0.0629272663287483,0.302870300200422,0.0269940269556378
0.5,0.05,0.581319341319341,0.533578174704643,0.0236289055612221,1.15424495382536,0.151110168242103,0.454132003750485,0.0725043131933145,0.282864931053666,0.0226982013839202
0.5,0.05,0.603497067497067,0.462616474848984,0.0217641788805073,0.339254325298364,0.0984928566641038,0.503260042194757,0.0714931571187866,0.305524855096506,0.0224193904162969
0.5,0.05,0.607753027753028,0.536318237481553,0.0255485932021431,0.417638345135017,0.0659417895207227,0.509373431663991,0.0952769057614331,0.323923870966351,0.0269059719258617
0.5,0.05,0.56570956970957,0.443449342661485,0.0222691672380254,0.324180488114459,0.0602425052114503,0.42893313688934,0.067510793531519,0.242451151509029,0.0231182624379033
0.5,0.05,0.600653892653893,0.498579364219202,0.0243910298644207,0.502161918375991,0.106590104753615,0.800257353793033,0.27359361174795,0.317766402857678,0.0228031504493528
0.5,0.05,0.576388248388248,0.490487513550733,0.0245270939958086,0.411983869583508,0.0653420650048376,0.380294295911285,0.0565233182359063,0.271750288641902,0.0259470817253948
0.5,0.05,0.596721848721849,0.483597446674328,0.0245197890663565,0.605105433675593,0.115856514429006,0.420646606347451,0.0591550536498846,0.288780461415098,0.0224145833752652
0.5,0.05,0.593995085995086,0.499447801690228,0.0230649937784867,0.427439546148189,0.0994749678386303,0.445011020203166,0.0715552095830176,0.285244490538833,0.0248532997635415
0.5,0.05,0.595620067620068,0.541882614596963,0.026898566573797,0.585975527145239,0.110785633244155,0.577665093891779,0.0976022218733162,0.346441717494844,0.025421047225379
0.5,0.05,0.615841731841732,0.491862266444715,0.0228570106584856,0.528963993779749,0.0712535527716752,0.503002516948443,0.0927286405678617,0.292177367856586,0.0232131140619848
0.5,0.05,0.602663606663607,0.515244909247529,0.0236861159943645,0.586754183116091,0.076532696382292,0.554849005567154,0.111242799547104,0.306079981392956,0.022700135340435
0.5,0.05,0.573620877620878,0.520438794192893,0.0277275195052786,0.893214279815583,0.250295039983586,0.533082367609265,0.115062270259202,0.289067451512901,0.0263903966755354
0.5,0.05,0.557204717204717,0.4688390586065,0.0230299522129781,0.435928669912904,0.0653357435405312,0.514036256769833,0.105991926579336,0.259852060039059,0.0225100007013538
0.5,0.05,0.567246363246363,0.517432181150698,0.0236797825867596,0.648459335805631,0.103723620417705,0.396759746108385,0.0558869902961441,0.274342117407082,0.0237665657911288
0.5,0.05,0.561217401217401,0.486735911995222,0.0219738973814249,0.417371308195587,0.0728214923241967,0.440281555713861,0.0610020271071795,0.289848206385196,0.0240660143619154
0.5,0.05,0.610127962127962,0.48465115684979,0.0237949170614865,0.71136274505907,0.186607634914587,0.587866867413786,0.14872937639181,0.296611812203992,0.0239344643094351
0.5,0.05,0.502545562545562,0.501170474332199,0.0219301123552494,0.567336142723041,0.11513639778251,0.568506430558839,0.152126130478015,0.240107221417449,0.0228765447050664
0.5,0.05,0.562492762492762,0.51832198384725,0.0245931368179487,0.304162116033917,0.0785602552698624,0.625936399407425,0.166469154444386,0.30953696544687,0.024869655130741
0.5,0.05,0.579407031407031,0.505462203025271,0.0249450066000595,0.32447997562451,0.0587465181495724,0.579208516444288,0.14996934141451,0.261127748027077,0.024888685957394
0.5,0.05,0.611825723825724,0.456701771986479,0.0213506177496228,0.336631014468697,0.0904700829318632,0.645657341670845,0.143728883179026,0.299327107903527,0.0209780556452823
0.5,0.05,0.561855381855382,0.510447317483797,0.0235803012401962,0.3886147623626,0.0631076330165311,0.411471904447199,0.0631721836013072,0.285703597350489,0.0231676838312028
0.5,0.05,0.613399957399957,0.532471309405649,0.0253361742556563,0.654280236532571,0.106445312560578,0.561493413053267,0.0921535247330523,0.315911187117468,0.0261150954541434
0.5,0.05,0.573999237999238,0.523263329463865,0.0233257454314531,0.656111091574502,0.14817077781095,0.546762949789592,0.102407904577567,0.30235254451671,0.0235539776483958
0.5,0.05,0.575313119313119,0.513357518714141,0.0232834314876562,0.48393330369844,0.0968401481362905,0.617435895500046,0.138976601293129,0.306204850323829,0.0245642398939956
0.5,0.05,0.583358131358131,0.506027787081951,0.0248008885601519,0.726665146937382,0.217925391136615,0.497380768799595,0.0814289019421663,0.306418062004403,0.0237539183929628
0.5,0.05,0.596056448056448,0.477252157304667,0.0222181002044693,0.463381181355741,0.129406530325222,0.504698194849242,0.103926557433659,0.273878667138106,0.0240832483032411
0.5,0.05,0.594364482364482,0.479732770970748,0.023650504264357,0.542874250657895,0.0598505773355813,0.476671723384495,0.0933106630800275,0.245672168066388,0.0233507961677036
0.5,0.05,0.569753957753958,0.451132515382811,0.0218428935284645,0.446615564680055,0.125563461657962,0.407930630451501,0.0692786006271504,0.266190379413044,0.0217480050124393
0.5,0.05,0.599414555414555,0.53656158436135,0.0245519310268978,0.591839507699667,0.105799928100808,0.438632907421325,0.0523245074430971,0.325972617201875,0.0266911972190643
0.5,0.05,0.598695262695263,0.488860849014954,0.0244025016687203,0.282687256675684,0.102561628273617,0.504998593358766,0.078594060417894,0.311353631295031,0.0242515895814746
0.5,0.05,0.614686442686443,0.533849091140608,0.0254791231509383,0.708457161821322,0.117710244451733,0.508322121545355,0.0699167036965886,0.329490057136313,0.0264189787381294
0.5,0.05,0.561421401421401,0.496539873605991,0.023212729206338,0.555315888806806,0.114327858217374,0.447162615193751,0.0616180933919362,0.272466888022321,0.0225444640770603
0.5,0.05,0.579914067914068,0.50464172770096,0.0263576373309866,0.339577103884042,0.0689719353424591,0.521051894035809,0.0849688065501407,0.304012722280516,0.025988191495924
0.5,0.05,0.525646497646498,0.478997113237478,0.0241816102607726,0.321390213073883,0.0747095075252396,0.543635533400992,0.162608685472133,0.233877586950013,0.0253967150420436
0.5,0.05,0.619323307323307,0.513577457382007,0.0241465894836007,0.572651212012107,0.148449628152219,0.438528694763098,0.0555448940413042,0.310916831880325,0.0254101144544181
0.5,0.05,0.6165214005214,0.52396396197545,0.0205796772731404,0.441425723950181,0.128870841122668,0.51494818289182,0.0960922327924067,0.317037481080861,0.024327783554481
0.5,0.05,0.552599676599677,0.477944678146164,0.0220525450769155,0.787092200338324,0.210283077943048,0.503415117708216,0.120074533839457,0.255714409090433,0.0234776461524754
0.5,0.05,0.545208881208881,0.493363376246325,0.0226016261946576,0.388233019336116,0.0971718601802155,0.429543503708071,0.0763842031818151,0.249152240382873,0.0222512626376817
0.5,0.05,0.587852315852316,0.491189397127604,0.0230071035003869,0.221716930487824,0.047643026534901,0.431983405897365,0.0539635892382021,0.294365847167573,0.0236568737146125
0.5,0.05,0.623511803511803,0.535023391284287,0.0253602294203361,0.371379780942416,0.0646631586954857,0.488054091876712,0.0732619569269174,0.311095941095283,0.0258848926230724
0.5,0.05,0.628731940731941,0.49871699377075,0.0247669282129042,0.460871068664117,0.139588142529868,0.431859124410454,0.0638325103756313,0.29846050694332,0.0249623857143039
0.5,0.05,0.646650466650467,0.511931982642533,0.0246302911681423,0.39201531813105,0.0744243148869849,0.491688509738924,0.0602530769413253,0.322124725296309,0.0230355116253248
0.5,0.05,0.619936003936004,0.511333044334367,0.0234124236237627,0.847438156136115,0.184042559135769,0.461617474348823,0.050744111383999,0.325979602264505,0.022632773925589
0.5,0.05,0.608793800793801,0.496671429400158,0.0274334156183539,0.374179293438657,0.0673677840718231,0.553004102713827,0.109667960199205,0.306381813516322,0.026317416340308
0.5,0.05,0.633002601002601,0.517971614054997,0.0264311637250458,0.406007715963472,0.075599568531785,0.488762012077532,0.0582477631635312,0.319595621118748,0.0267400011413816
0.5,0.05,0.567224103224103,0.468102519078751,0.0223187367580244,0.46396032967326,0.0982759393091001,0.560144643462794,0.146650715330168,0.265225979129863,0.022307297589591
0.5,0.05,0.606017802017802,0.529842959409354,0.0247343734505553,0.569470663108956,0.125201178076432,0.713878487287484,0.194268178945099,0.292682266322466,0.0251591612347609
0.5,0.05,0.596200148200148,0.470414966316326,0.0228490398920969,0.637974354878347,0.178589189760379,0.532800766071319,0.121826462978416,0.28021951254655,0.0236998056783234
0.5,0.05,0.565789501789502,0.489592065300478,0.0215520569239713,0.527091499224328,0.0746440445751185,0.46607929287897,0.0799222333288719,0.276971837710179,0.0223963294585789
0.5,0.05,0.595708267708268,0.510325647274953,0.0260545236123199,0.401381049490989,0.0558973652544279,0.487224665688116,0.0972571673127925,0.28377508770747,0.0270256433238512
0.5,0.05,0.586159594159594,0.510763960866355,0.0255898206425374,0.286173890757631,0.0928421888837813,0.50389546912929,0.0926609030781518,0.298180091710772,0.02705264810754
0.5,0.05,0.598071958071958,0.482379214304563,0.0256225386755881,0.355148561623106,0.0688930524653076,0.786307982410359,0.328559173967576,0.276861515342717,0.0246335982544919
0.5,0.05,0.611957723957724,0.523534886104684,0.0244122543662143,0.244155983428007,0.0547694210100193,0.522130537140267,0.0758210587970237,0.328486223717226,0.0271545370252957
0.5,0.05,0.638765162765163,0.496734642332417,0.023596454500527,0.591662086823133,0.128193975674925,0.433862443118483,0.0479890048462366,0.314437839921323,0.0254427307131487
0.5,0.05,0.585104493104493,0.528530945188021,0.0254047549452289,0.334755028809852,0.0583400331726622,0.592121992445693,0.135577713636118,0.300437777490148,0.0222225286749758
0.5,0.05,0.614908502908503,0.518143141511894,0.0232149806003822,0.45758909666106,0.0646323424515579,0.525639649193511,0.0783149427459439,0.329289327177343,0.0240949665158068
0.5,0.05,0.595884283884284,0.512046559030643,0.0238136543342555,0.667964995414193,0.0820871868683154,0.402085198619537,0.0413629233376385,0.308720959771627,0.0265841392197589
0.5,0.05,0.617136521136521,0.485265530713627,0.0223855457144285,0.631214443855187,0.113386637289283,0.504889312295604,0.0691118058595832,0.32093059360371,0.0258573064741003
0.5,0.05,0.519534135534136,0.464633199699431,0.0243331417689219,0.701798907906229,0.172699651289131,0.470143671833124,0.0794185743693239,0.263253399282548,0.0235100970864801
0.5,0.05,0.587869931869932,0.483601958041271,0.0249975224856332,0.485642258311552,0.071647096952151,0.4210680778665,0.0520419312377794,0.28113206536031,0.022546058051852
0.5,0.05,0.558801762801763,0.481085823442991,0.0236124295587297,0.284993536388014,0.0962041725721624,0.516327928279462,0.0993980534453026,0.275441250597071,0.0229801743085529
0.5,0.05,0.609965997965998,0.518486177910246,0.0255086814802602,0.669678222504977,0.0748970823501299,0.752055294021487,0.242921106665088,0.296041643927975,0.0252105432015226
0.5,0.05,0.586347358347358,0.481987073288589,0.0225218172426842,0.413728944837495,0.0920394997776777,0.556948172042513,0.107834778096759,0.275558083083063,0.0235034020076908
0.5,0.05,0.613018549018549,0.508991598837231,0.0243932508108529,0.550937721338877,0.0879487857986527,0.463019208313831,0.0522433820233914,0.318335936508709,0.024725901990922
0.5,0.05,0.587192531192531,0.504631267554277,0.022536657211738,0.429066597839559,0.0684501333130293,0.555306822177247,0.11965129173957,0.282205456546993,0.0262828390866305
0.5,0.05,0.589990393990394,0.516312552411264,0.0244580977164705,0.53893278447572,0.179930655528553,0.628112877268593,0.166484949823505,0.30856789572344,0.0246066622486752
0.5,0.05,0.596317076317076,0.498603369013482,0.0249617986139878,0.54542350738857,0.109454094594675,0.371754690494106,0.0420190575240832,0.286960862959972,0.0253616304253023
0.5,0.05,0.569070245070245,0.504852893224611,0.024197047391876,0.612784372653064,0.188473886616922,0.599302263327695,0.122598563568156,0.299971180270512,0.0269273565795369
0.5,0.05,0.598540822540823,0.480970788927667,0.0239424876495383,0.454181881071981,0.0719202412976068,0.493096686471434,0.0726203848516059,0.297543890589256,0.0243412055495219
0.5,0.05,0.569594345594346,0.452729096761137,0.023625838978201,0.334558960482438,0.101764879201289,0.485055877882454,0.0882689727867476,0.269987287806889,0.0221457471823074
0.5,0.05,0.613097125097125,0.540199866671586,0.0274419307942388,0.511665971135722,0.105475552051504,0.487328250090909,0.0689931890760843,0.317422362115289,0.0253654627519433
0.5,0.05,0.5638385998386,0.493213876041721,0.0202510398427515,0.184890845344063,0.109509554303789,0.723148654108222,0.214348528282833,0.294045247035732,0.0243509747930939
0.5,0.05,0.608498132498132,0.499839510096163,0.0213408730140158,0.5657082335007,0.0677415751716817,0.412027017029776,0.0490785272833823,0.303014861838594,0.022415013501983
0.5,0.05,0.623402771402771,0.45516522650893,0.0200140660271017,0.474984857631522,0.110518788262632,0.338092089133577,0.0429629096024966,0.27879812270653,0.0210164824527633
0.5,0.05,0.617194901194901,0.500302184060231,0.0240870660448229,0.566365134055073,0.137128472014692,0.433175035977457,0.06569095523434,0.305800274983678,0.026284694207821
0.5,0.05,0.642289122289122,0.52037925468226,0.0266111121002661,0.508017568760269,0.100922322780616,0.653694767707323,0.138991037006891,0.348142078462662,0.0273287033565124
0.5,0.05,0.625923073923074,0.469851581209993,0.0212510155364702,0.256127203521726,0.0438771296505522,0.556866832712532,0.0966303340625032,0.299891314748746,0.0206475093270158
0.5,0.05,0.591887343887344,0.500167169464168,0.0260052704434973,0.422213136848559,0.0563925351550019,0.479563796945614,0.0774503592737763,0.287679700127216,0.0245400716887831
0.5,0.05,0.575170139170139,0.492163706932046,0.0230111652019577,0.551627002435701,0.115496259980228,0.460715182829468,0.0785840694403787,0.272600222411559,0.0250310695684731
0.5,0.05,0.590151746151746,0.532177063847133,0.0256580569485362,0.541517269768372,0.159505974985987,0.48242025265529,0.065601002563095,0.328841471297068,0.0257313686365253
0.5,0.05,0.593534405534406,0.487388976466008,0.0232629166678425,0.378686830059693,0.119622947654572,0.526427006783216,0.0759456458299061,0.316420845655611,0.024805750675649
0.5,0.05,0.592037308037308,0.542528989057045,0.0261018716473091,0.628277576073935,0.158959771864596,0.539454493893578,0.0929274074091181,0.318916263675881,0.0294854729901855
0.5,0.05,0.600306276306276,0.463355500103657,0.0240960354614493,0.529190799120766,0.100442081384274,0.504719453773218,0.0775507365701019,0.300249018786014,0.0255567745652798
0.5,0.05,0.597641193641194,0.53938975791295,0.027067667218309,0.524935156074682,0.105033531348763,0.462237481045465,0.070667254357773,0.318503249120549,0.026576636688134
0.5,0.05,0.595757083757084,0.477357339912994,0.0243533844187081,0.411980670027181,0.0786233676372464,0.457472106521116,0.0771601456022657,0.288658793161525,0.0254765454133676
0.5,0.05,0.567680751680752,0.518253168639488,0.0223933082868733,0.599841771879794,0.101965070373414,0.529058731807245,0.101161755567653,0.294833763386921,0.0247176223289018
0.5,0.05,0.630956910956911,0.490175483710569,0.023343547235084,0.315300319116565,0.0762552544832092,0.54434253770634,0.0957056668493871,0.297302228878704,0.0225876461450079
0.5,0.05,0.568900228900229,0.532182801834314,0.0247369480329018,0.700536607595135,0.163921525884268,0.510695855251338,0.0790453072367431,0.318335933650047,0.0264080994931357
0.5,0.05,0.610563574563575,0.49587298797929,0.0226394167448507,1.15091490278186,0.502046447679546,0.451855903831994,0.0621992520547334,0.309081388869395,0.0244356819297599
0.5,0.05,0.555983175983176,0.494863119720464,0.0248190178111551,0.317147316392778,0.0505141746016489,0.587542764913103,0.127844524076054,0.283795754834975,0.0248186273841404
0.5,0.05,0.5962193002193,0.504194359762943,0.0266298376401751,0.481593641403386,0.0836734970560091,0.63162586121062,0.152730331638597,0.278115297173607,0.0251015350968377
0.5,0.05,0.589336393336393,0.514019184475052,0.0232852280240532,0.511861260847949,0.0834762414883498,0.57746306897758,0.119416548405142,0.306332409753388,0.0247184705902888
0.5,0.05,0.589567741567741,0.527599384991191,0.0278262518149429,0.428836369762337,0.0844997030255143,0.545861042612717,0.103578678381772,0.303148941049547,0.0266050056516954
0.5,0.05,0.596668712668713,0.522158606274195,0.0251725775824548,0.632638749039315,0.117242274205605,0.449971323555621,0.0582857345182239,0.320276582438024,0.0268148755295618
0.5,0.05,0.62604737004737,0.456415198904062,0.0198517046986525,0.507701652080135,0.124749803501277,0.438302892600037,0.0686317174551678,0.30650478974457,0.023529798354645
0.5,0.05,0.603371235371235,0.489102778521755,0.0222529823059933,0.542219777470104,0.080143078188591,0.509607854389836,0.0698676316735416,0.296462526066346,0.0236412040665133
0.5,0.05,0.622659202659203,0.479069160000041,0.0253344817732735,0.482170116200179,0.0781924122726529,0.518357222214587,0.117892694303316,0.271186677585433,0.0242510827832453
0.5,0.05,0.589803553803554,0.499570421465042,0.0249800859103548,0.882120588286724,0.136073637261631,0.452255370486212,0.0565103715154295,0.30132239367944,0.0240289881972835
0.5,0.05,0.597448377448377,0.517993604324599,0.0259632465677645,0.498874922399569,0.0607155765717513,0.573269781468796,0.115161371072127,0.303842015601414,0.0246548532806718
0.5,0.05,0.588744276744277,0.497110181899515,0.0245305474684189,0.58261230548623,0.125644536709352,0.432739337880873,0.0757071643127716,0.306338801238944,0.0245991905109418
0.5,0.05,0.619354735354735,0.449531514700385,0.0245287905176308,0.210235266660469,0.0583158332246583,0.55530474990573,0.140928158945965,0.264991718810101,0.0224904768294024
0.5,0.05,0.578667626667627,0.465772576163664,0.0218609693732917,0.575361173861611,0.109082161737602,0.495531549382079,0.0740601453270062,0.294881539054259,0.0238209086735349
0.5,0.05,0.594975018975019,0.468415692909147,0.0217336151105842,0.45343838555391,0.074604405376305,0.390976370814292,0.0499467094987854,0.258461842845214,0.0215663906794863
0.5,0.05,0.587147027147027,0.471949421432178,0.0216831595132004,0.530696993900505,0.074693924573023,0.478783622344464,0.0692662621172655,0.275604488106476,0.0232593311492186
0.5,0.05,0.59751756951757,0.527863266816146,0.0229526677080499,0.331499941743334,0.0816948978183294,0.662610868648512,0.177286946910784,0.33960345838362,0.0245230515279529
0.5,0.05,0.537353121353121,0.499304505489335,0.0262198948135855,0.461295359678663,0.126998143653721,0.341348781999089,0.0500860131768279,0.242776366034239,0.0261305625103997
0.5,0.05,0.606372546372546,0.490912496885521,0.0271702758556054,0.5769819472357,0.174096915964736,0.468283985586558,0.0633259470002287,0.297427667424634,0.0243958182469162
0.5,0.05,0.588174456174456,0.50485470696298,0.0239711004647005,0.523831535290843,0.0735256385706516,0.528083775117104,0.0858621080599741,0.305469246374086,0.0252048777631569
0.5,0.05,0.591705123705124,0.524900557683392,0.0217298279332273,0.428954679462092,0.0641407256575426,0.699849911888045,0.178458046874846,0.321759015900048,0.0245425449951083
0.5,0.05,0.585807381807382,0.513172138735775,0.0233222279167651,0.38101146193073,0.0676433108920672,0.517544709770698,0.117544063022775,0.276085322882524,0.0247708966349313
0.5,0.05,0.568080172080172,0.514307509527106,0.0237532788836931,0.338548228700563,0.0961006626820909,0.542832270039865,0.117074252705931,0.302121527476619,0.0257467239265366
0.5,0.05,0.58775981975982,0.480264545164796,0.0245538937099007,0.438446309150719,0.0779974673601184,0.437004634528241,0.0697281230744009,0.26269976520567,0.0261764211499407
0.5,0.05,0.597016809016809,0.508902133158614,0.0246480632289148,0.379882430835679,0.0697256851455758,0.533526330152096,0.0855043855069486,0.31646135324657,0.0249684521173905
0.5,0.05,0.57633942033942,0.510725698585659,0.0251899333487719,0.381835071602447,0.123933426164738,0.474382157432078,0.0854763566220255,0.268551543813449,0.023886258173072
0.5,0.05,0.564265992265992,0.502924412532138,0.0240426978492122,0.617506818849188,0.181918023238128,0.626127675032631,0.18675660551006,0.287288710888829,0.0260271643452259
0.5,0.05,0.607649923649924,0.503751952104198,0.0256300850623705,0.491579405400312,0.0811379490279934,0.435737150271564,0.0559241082159565,0.305790860381649,0.0259241518440093
0.5,0.05,0.616575496575497,0.477145882004079,0.0225688518708024,0.576219970763453,0.0907203285909183,0.448904556184637,0.0611546105936095,0.283441383728974,0.0219507032486911
0.5,0.05,0.601053001053001,0.509701314939436,0.0253390009601377,0.550120358667302,0.110399800883838,0.415229498310411,0.0467391858569022,0.319707932068779,0.0259541234617317
0.5,0.05,0.601367341367341,0.520716513273522,0.023893609646737,0.446267473915682,0.0936567291506548,0.485258792763166,0.0776062849265805,0.309520519918379,0.0252036526831996
0.5,0.05,0.626032514032514,0.473241694604039,0.0232807513452829,0.532671400525269,0.119150360461412,0.438823283178346,0.0535131839881686,0.288772879895658,0.0254606388237291
0.5,0.05,0.58160582960583,0.49977670901962,0.0238687994884627,0.775936267864142,0.142680395216278,0.450772468985798,0.0783494744488837,0.284488169008415,0.0244937226212882
0.5,0.05,0.588530772530773,0.486175341026172,0.0219680373148376,0.678380059671783,0.166590425294655,0.485129484802166,0.093733975808287,0.276868250688096,0.0268500561189499
0.5,0.05,0.582050682050682,0.58494466282946,0.0269047766178252,0.614580582257549,0.104759951198374,0.53900936719575,0.117291787815726,0.296807947138563,0.0281071702896448
0.5,0.05,0.599822627822628,0.50607662174567,0.0225966855310456,0.598492100497353,0.0849357543242601,0.573352544251591,0.101517476091608,0.326238142041599,0.0245771627324598
0.5,0.05,0.585862065862066,0.482765639954034,0.0224202327372285,0.614409001983469,0.0952373281853791,0.327596435461188,0.0368015162595183,0.269691031287009,0.0203347942590243
0.5,0.05,0.581831777831778,0.470464785044161,0.022845023583389,0.507586156692797,0.0951749906905884,0.46017883484871,0.0594054174445716,0.307132514099787,0.0224463094702798
0.5,0.05,0.607726027726028,0.490122607652068,0.022499870224065,0.49682382602817,0.133214208736396,0.498571693394554,0.075284532706452,0.286656548930084,0.0225235307930698
0.5,0.05,0.596674868674869,0.537987188145552,0.0242685678765522,0.488816142067956,0.0911069203047226,0.548420554337134,0.110412755297273,0.318245048572517,0.0264643640525645
0.5,0.05,0.612193308193308,0.474972689257006,0.0231369699373289,0.482029257920175,0.0976094550905471,0.503406506001349,0.0934705639816096,0.284422104432949,0.0239931506254665
0.5,0.05,0.597083769083769,0.526811920028467,0.0244425487264298,0.28672294321007,0.076056035747227,0.444542092449096,0.0754220617833067,0.307815331633558,0.0269213774011237
0.5,0.05,0.619720591720592,0.487209839945046,0.0248857789147693,0.469287368249036,0.098710204964555,0.446817042168573,0.0704558870978711,0.278446611573514,0.0231106573226199
0.5,0.05,0.603658731658732,0.504105294812016,0.0242988981018962,0.596158282119447,0.105188397005936,0.431284119671348,0.0512650240971757,0.290715136438465,0.0254679505822691
0.5,0.05,0.613071529071529,0.493204094268404,0.0227767172207761,0.625271631987116,0.132569003099793,0.452722246402313,0.0687287271846442,0.297553621294949,0.0236565450731909
0.5,0.05,0.56576986976987,0.475721687763452,0.0264128812409414,0.358036680922223,0.0616717709737953,0.363472604803276,0.0507863229249156,0.248520387023012,0.0248754024824845
0.5,0.05,0.59840005040005,0.484790602308987,0.0252932966155753,0.487532543288538,0.104363429170289,0.545182236686509,0.0969395827219629,0.275033650075727,0.0237251717223484
0.5,0.05,0.591987063987064,0.521214292296174,0.027935850701536,0.548433488331495,0.11767554498704,0.446219839356581,0.0583502407255262,0.309413465673617,0.0275316515953919
0.5,0.05,0.604512508512508,0.512048229990581,0.0257739124046957,0.653293946898647,0.122339976527819,0.615154617406198,0.0971929130630005,0.341031594701787,0.0258761938569948
0.5,0.05,0.550510582510582,0.566386031342054,0.0260703823529859,0.557442471259857,0.124284712983805,0.552378328114784,0.116998978003044,0.286108195363835,0.0244413242417048
0.5,0.05,0.615395343395343,0.522262233344262,0.0224578711052633,0.664676820928124,0.138247401083336,0.527504483314448,0.0772055222062382,0.335116626492407,0.0234663195823819
0.5,0.05,0.621568101568102,0.452762609377615,0.0249223266449813,0.602829987352971,0.0952195594426687,0.45273294150989,0.0657200761460073,0.267727511413029,0.0257014863274492
0.5,0.05,0.60582578982579,0.477716112814769,0.0241920765369097,0.395311786255385,0.0760829565478351,0.500573537011567,0.0816096290988509,0.296247209741835,0.0230266079364548
0.5,0.05,0.60588404988405,0.515845342291254,0.0238906673426457,0.453268774275553,0.0592978431016328,0.62004585791288,0.121055030311512,0.333789827103985,0.0243418168557682
0.5,0.05,0.565458709458709,0.459905457777381,0.0232119433200092,0.350430237601483,0.0980784569600932,0.419480585512922,0.0886982658663353,0.242895904581864,0.0231251015433354
0.5,0.05,0.603460119460119,0.546360621049015,0.0254675246423996,0.529617378572981,0.0883863348245776,0.680060241277647,0.133482881533511,0.348430389718302,0.0241346746689834
0.5,0.05,0.580358356358356,0.458526205986035,0.0209096114227578,0.3231653627828,0.0406028490373139,0.486219815729752,0.0863026304695999,0.277258840530777,0.0242757385079343
0.5,0.05,0.592163152163152,0.482178767515359,0.0233823323500138,0.30469297007369,0.0893642502895905,0.474929768119356,0.0863734603749612,0.276368013315983,0.0239968885106306
0.5,0.05,0.616104604104604,0.486080099398634,0.0221531204033444,0.587228840677816,0.0890683343763314,0.363076935204561,0.0436635223692685,0.283924921080109,0.0241281169728618
0.5,0.05,0.604829656829657,0.536866554473404,0.0239955726839794,0.47763060989136,0.0462126009693118,0.623313809333977,0.129549743467091,0.327702304906159,0.025435092442055
0.5,0.05,0.621599913599914,0.48584614691289,0.0255486068409586,0.90373917022292,0.200223675347851,0.429948928456141,0.052969454551437,0.293759821470743,0.0234451721625896
0.5,0.05,0.593553653553654,0.483892626410618,0.0205497623913545,0.461137328425412,0.150988986250361,0.491452672230342,0.0986601166382774,0.272203632690555,0.0209181776679898
0.5,0.05,0.576318276318276,0.544794382408298,0.0275179781645539,0.790583189220178,0.119227069771691,0.525455714683271,0.0972374182237493,0.298622665407575,0.025729832711923
0.5,0.05,0.587352875352875,0.496952101591564,0.0234643595424988,0.623343728582112,0.141925566041589,0.539949207111041,0.106689275585693,0.273264251427998,0.0224864940377059
0.5,0.05,0.58441166041166,0.53311362910731,0.0239453084397051,0.376065061964393,0.0620554353086942,0.583641051683628,0.0978259657517817,0.324611179796177,0.0249751667886633
0.5,0.05,0.618212874212874,0.525787942158174,0.0252994218665608,0.582566897142099,0.134774325719311,0.462849026536389,0.0612196211486533,0.329790335136817,0.0273267484753468
0.5,0.05,0.57583481983482,0.461943594873898,0.02383411275304,0.306871809593186,0.0951206201775257,0.433748915596064,0.0864051850549968,0.261742817686899,0.0215008118949314
0.5,0.05,0.587154299154299,0.450951668628411,0.022388524233826,0.622560576344757,0.113339808713527,0.395545681335521,0.044749590654615,0.263670855813387,0.0207937031245682
0.5,0.05,0.58842624042624,0.50818111510958,0.0227641683882077,0.384235598332797,0.113323168523343,0.497887381726505,0.115957434679966,0.299543956878242,0.0230060324909516
0.5,0.05,0.620675816675817,0.488398680022464,0.0250122455613457,0.601099423440982,0.156936662200626,0.4573662734166,0.0668369796937769,0.300408709159849,0.0239229968997318
0.5,0.05,0.582052518052518,0.551267074721937,0.0250339605325242,0.667718419736851,0.126614811688866,0.533669341642985,0.0962908242745432,0.335802530377023,0.0259458282063201
0.5,0.05,0.590771630771631,0.515748240937934,0.025028784446506,0.597742441090834,0.0800745298060666,0.457135052490983,0.0462904290109796,0.333582480325492,0.026217511796832
0.5,0.05,0.598604794604795,0.518824075528177,0.0240236649522638,0.447049210571326,0.0815311252507415,0.530463836459824,0.0885700259486533,0.310339261070429,0.0244390675303414
0.5,0.05,0.579264399264399,0.522583455694739,0.0232876482526612,0.44523650571393,0.0715284384405208,0.48772843154967,0.0796801075168431,0.27847190208369,0.0251983623266101
0.5,0.05,0.620371076371076,0.496512762184902,0.0249122137205155,0.535219644565443,0.11043929009813,0.711555260017825,0.17668564535477,0.329450564165427,0.0260461642417283
0.5,0.05,0.589830577830578,0.497184814602803,0.0234576329307757,0.799887656491952,0.165746947269427,0.478376276417127,0.0941249354489455,0.272852874367063,0.0243351678075196
0.5,0.05,0.596317088317088,0.513234905934209,0.0266483669819561,0.652818092981255,0.173396230719784,0.45309332292805,0.0510767801665482,0.306201901908235,0.0252123753764977
0.5,0.05,0.614531690531691,0.48130126673882,0.0208067244144772,0.438229976888248,0.122917012336694,0.518677786935916,0.0883500080450593,0.288187521426519,0.0235733393738239
0.5,0.05,0.605665805665806,0.507989381709024,0.0232665565268651,0.471337424581418,0.0653285239140207,0.437657374296975,0.0523333257404183,0.314386559989278,0.0227143928523364
0.5,0.05,0.56800936000936,0.48258426141083,0.0271035314023554,0.317438080806327,0.123066357732607,0.638611143701531,0.191377401271298,0.250114193122828,0.0250547083110226
0.5,0.05,0.617653193653194,0.512262065778613,0.0250172464933677,0.566308038041978,0.122258458699226,0.477295434143973,0.0871703828248712,0.325736662906602,0.0246210378398903
0.5,0.05,0.584037728037728,0.482155733780155,0.023487057674708,0.353301228344125,0.110744686133076,0.422440617500933,0.0451692499997809,0.304950456234885,0.0214336319234344
0.5,0.05,0.597201909201909,0.507063266823727,0.024672034536195,0.632217464103153,0.0791645701455081,0.45856172684557,0.0658964625282114,0.288500777238555,0.0249851788324453
0.5,0.05,0.624198288198288,0.500259238880541,0.0253447043816585,0.458927942499803,0.114243833591205,0.681211495651594,0.179325443604436,0.30646538688551,0.026518473580193
0.5,0.05,0.582632250632251,0.508794351017507,0.0223528433728033,0.459860088467445,0.0569415538832901,0.520775865889471,0.079662681831165,0.293792508622955,0.0222199396177381
0.5,0.05,0.552278388278388,0.473059091426518,0.0248114518190241,0.317831783328368,0.0896175869026366,0.434821274740072,0.0753917035206415,0.26252630712463,0.023273684054127
0.5,0.05,0.570260766260766,0.474403564888733,0.0226448458616454,0.317629145610997,0.0796611001684285,0.45247433628479,0.0882051939950978,0.268514603227857,0.0239375003543389
0.5,0.05,0.586712842712843,0.473907756963287,0.0227121007774589,0.5440120330746,0.0347357067252009,0.446848419271047,0.0477595496969642,0.289822790683589,0.0221503829815329
0.5,0.05,0.595292875292875,0.514992116608082,0.0252582497648755,0.579934406829397,0.180455190383018,0.835828140859559,0.298307665466428,0.305857088375899,0.0253831182636014
0.5,0.05,0.615562623562623,0.515027210533139,0.025284568060135,0.494363381616757,0.170072451078707,0.584843560293467,0.123670767041133,0.324256739515434,0.0262311103260793
0.5,0.05,0.583448131448131,0.512375073295344,0.0241906487802121,0.428228297039955,0.119612079939392,0.550057491216623,0.0878328728733858,0.334613525525043,0.0242837377503619
0.5,0.05,0.562843666843667,0.506810647915629,0.0232750766056137,0.396021172705921,0.0703837707482748,0.586199711748695,0.120828361415868,0.282358022295396,0.0238413521280899
0.5,0.05,0.622590178590179,0.500585871696411,0.0254110492059245,0.390888755336782,0.129713856877442,0.569951339804725,0.124637517123012,0.305078586813781,0.0258558564839586
0.5,0.05,0.585068817068817,0.481771350100268,0.0233362618241345,0.304526389941332,0.0852118635670094,0.579420259248757,0.120737551526871,0.28995301284181,0.021507552774759
0.5,0.05,0.575938907938908,0.501717251505088,0.02542334487886,0.674236147471333,0.126833584738441,0.474918421677743,0.071725132222765,0.306669855255977,0.0245220054030431
0.5,0.05,0.58236489036489,0.498071190757107,0.0218347782444969,0.51781305693327,0.129298049833331,0.539492416868506,0.100108096061533,0.288629803243756,0.0238964346219811
0.5,0.05,0.606997290997291,0.480818219747551,0.020215112350524,0.409060065664142,0.0968751087080906,0.514010867101963,0.095654475364621,0.251902573412178,0.021751187278503
0.5,0.05,0.615768867768868,0.472154640207316,0.0237860418185862,0.418942730231642,0.0643118858786833,0.429181590026094,0.0489926541451699,0.278920795392376,0.0247082252799719
0.5,0.05,0.551326535326535,0.45869262523266,0.0218340058838982,0.591203658674704,0.0693624442335739,0.472878374275753,0.108741171816456,0.248332155350759,0.0224086796261785
0.5,0.05,0.565883845883846,0.478733573251336,0.0230963281723716,0.479035148943178,0.0545031139119852,0.6427059641143,0.147271734532431,0.290556991064707,0.0247064737522651
0.5,0.05,0.58818924018924,0.506003845726444,0.0260921402312307,0.659617074572894,0.225974521188475,0.399288470262694,0.051085221367699,0.29038566627268,0.0262675333266179
0.5,0.05,0.609178581178581,0.524507365489807,0.0250734951514975,0.564354212882356,0.130115455382274,0.548112994895332,0.0925182758357369,0.316720652647917,0.0231170072636798
0.5,0.05,0.609393177393177,0.50789348985188,0.0258647461213939,0.406798013524502,0.123464981710221,0.567515997215791,0.108735002285188,0.318193427971521,0.0253169668100937
0.5,0.05,0.60418264018264,0.477727469573986,0.02356527439706,0.466159011906998,0.0617202878967115,0.483626327713376,0.0733875967076967,0.301731248523656,0.023685540361052
0.5,0.05,0.641798633798634,0.507935945213596,0.0222516777348061,0.439037095449465,0.104192020763725,0.446651125904089,0.0646440464406627,0.307487711752352,0.0234598975125641
0.5,0.05,0.602674286674287,0.519692068634512,0.0259334118625253,0.398490683695446,0.125839833220975,0.563840726661657,0.097302987882692,0.323163138232862,0.0278617407660536
0.5,0.05,0.583500811500811,0.494563257039371,0.0256232796661622,0.429944180119616,0.0660547583226435,0.396281711656514,0.0550050297088082,0.289119702953419,0.0269131946876819
0.5,0.05,0.574168786168786,0.527583940694272,0.0278956071555951,0.637127874808721,0.143292742538177,0.631899533472763,0.0993650594748433,0.340453221789389,0.0280851457697929
0.5,0.05,0.609258933258933,0.518608667184566,0.0225320788295118,0.331068012715427,0.0639652608968076,0.417822380160638,0.0587559947250737,0.308595213301006,0.0237220043053641
0.5,0.05,0.60391335991336,0.516907750085153,0.028082163227338,0.716050218450521,0.119711889450299,0.526480306431326,0.0973521634528324,0.314329374843694,0.0253418853844874
0.5,0.05,0.595067251067251,0.470944641774958,0.0240729394195735,0.376144520634608,0.0842903583725926,0.506457261316836,0.0824094189863445,0.278601874654089,0.0228061172534234
0.5,0.05,0.630236286236286,0.515267889825742,0.0242019899890086,0.441513446957552,0.0608743906601902,0.478256583960562,0.0675184328330682,0.32051431022853,0.0244078727390254
0.5,0.05,0.586994266994267,0.442638599268254,0.0207149353794452,0.437939887478942,0.103584857213762,0.466620713880833,0.105073721618069,0.255746908245647,0.022369350725506
0.5,0.05,0.605801513801514,0.512012255121831,0.0250017265603809,0.643257325917988,0.152719801652209,0.592155866078455,0.152041368157683,0.323530204664343,0.0253863366027329
0.5,0.05,0.597632625632626,0.517822497226419,0.0255849522968121,0.443891158930931,0.0719302322388411,0.488455088547692,0.0649464222115269,0.312711018198416,0.0261440608598076
0.5,0.05,0.586096618096618,0.536533546150016,0.0253158199888485,0.490769312318948,0.0491452048338279,0.57422672624501,0.0984395310542693,0.342237014667491,0.0249886207315886
0.5,0.05,0.629975933975934,0.492191780825618,0.0253191937391413,0.749197613952173,0.228524150025045,0.56798407655202,0.131335249443106,0.302613228970145,0.0248764430613207
0.5,0.05,0.635896211896212,0.510159362408088,0.0224021031590628,0.61140165014087,0.139056935428591,0.565202974107963,0.107684095635639,0.318879999352721,0.0260495561812651
0.5,0.05,0.594367902367902,0.488997041364873,0.0214211850699059,0.536686978343188,0.0867697314556944,0.4951936378537,0.0805681026102487,0.293475464476798,0.0242998268227268
0.5,0.05,0.59587831987832,0.543747688532897,0.026969006136992,0.632036789067745,0.132752760836303,0.651531330650829,0.148690378526466,0.3353203678711,0.0269746256718195
0.5,0.05,0.588699828699829,0.529038242131383,0.0249467776421902,0.28328098537137,0.098947188462719,0.478926973258506,0.0734078710095621,0.313864803873625,0.0230347934622171
0.5,0.05,0.592037464037464,0.47333211166452,0.022181428606603,0.549690311339046,0.128908724234529,0.558645260047402,0.113114792816403,0.298105582072715,0.0253298818646501
0.5,0.05,0.561342105342105,0.520553694793063,0.0265908258485456,0.830031484681883,0.235871915377117,0.47148042813916,0.0796238744002789,0.316269927485,0.0256878525286694
0.5,0.05,0.585250293250293,0.515250072425467,0.0246972636764211,0.649437414101357,0.11282613645792,0.49157021478499,0.0752048506961428,0.288362977780787,0.0264471204649199
0.5,0.05,0.617704061704062,0.451580933460273,0.0222205941536768,0.496998420258139,0.11190420983188,0.610485147960292,0.163999706058665,0.277198954293694,0.0225677670705419
0.5,0.05,0.559499347499347,0.487200273621368,0.023272114810925,0.314077682435908,0.123566635819181,0.521169036319999,0.0938659980781465,0.299406818468432,0.0251010755472084
0.5,0.05,0.574380994380994,0.516929336556291,0.0251282847055923,0.412704763358868,0.0525131482377294,0.53889453825174,0.101396749567616,0.296422830347274,0.0267592763770281
0.5,0.05,0.607487767487767,0.483397562256638,0.0226337211793963,0.403556125333591,0.0557523028825891,0.474824075239836,0.0653874440804414,0.293754999978425,0.0243618991312731
0.5,0.05,0.603172251172251,0.519521178869488,0.0230964955563232,0.874927495780507,0.253680099974668,0.64711272606817,0.215882182050728,0.296880175275869,0.0243490057425176
0.5,0.05,0.613925473925474,0.475599698444963,0.0201234742943275,0.490854713025152,0.0639169330448626,0.531092252702304,0.108229319370503,0.281143912293439,0.0224756756326387
0.5,0.05,0.562213654213654,0.469610050131412,0.0225861683842026,0.500748278977235,0.11556383751104,0.393465761658218,0.0450744912957092,0.261244826990523,0.023934778884595
0.5,0.05,0.637437085437085,0.49803783972965,0.0228557071765078,0.399775355170391,0.0795031414583731,0.442523799076368,0.0513311365595343,0.318928277702956,0.0240260313920162
0.5,0.05,0.598776598776599,0.504466407628916,0.0244731232673437,0.557261067949228,0.10430553828437,0.558581684271476,0.100134988871141,0.308939743162619,0.022137376532148
0.5,0.05,0.530401622401622,0.509328912104783,0.0246981473790447,0.838587472654645,0.205017586753405,1.26271308387802,0.708212951277502,0.28970576523985,0.0244508635369704
0.5,0.05,0.563540051540051,0.490931730098423,0.0236058269119167,0.587021358689286,0.124787503662528,0.379880189452473,0.046051695443923,0.287386596157695,0.0236849627948713
0.5,0.05,0.58561326961327,0.532572857733136,0.0264532985699208,0.563549225371494,0.101159238707209,0.641396809260956,0.134246347887562,0.32407733536173,0.0268330009964195
0.5,0.05,0.601490077490078,0.510972137937812,0.0229561861288314,0.610254847660314,0.103733068106177,0.580605923428806,0.144139580379303,0.323404466684896,0.0263984057006392
0.5,0.05,0.580893904893905,0.540419941219791,0.0244481612958976,0.499473875176903,0.109279071244249,0.491413342585381,0.0732293292328244,0.314791315794909,0.0248270477259036
0.5,0.05,0.591436899436899,0.505328721009074,0.0234721588597423,0.574720444204915,0.16196530555607,0.470556785825979,0.0858492665439827,0.273353408588292,0.0248753888369629
0.5,0.05,0.613414549414549,0.47278779863036,0.0252022150803504,0.306820168284706,0.088127510212645,0.45540485704867,0.0532001129088256,0.294390531393737,0.0251975917790448
0.5,0.05,0.578420678420678,0.508916307547218,0.0252973313683694,0.455240572583187,0.104313081767309,0.466868550008246,0.0703671687924289,0.303655442295682,0.0245369296977315
0.5,0.05,0.565106869106869,0.537388028976846,0.0264379804113559,0.805641679068953,0.242319515001645,1.12488288849095,0.682038339854566,0.322704255121048,0.0258817847791167
0.5,0.05,0.606775554775555,0.550611013409535,0.0228964043195894,0.567159161128039,0.166461043645935,0.685958162469535,0.144980610998613,0.343412065293333,0.0258941133777092
0.5,0.05,0.629234657234657,0.473609444656117,0.0236015505990268,0.549703313145555,0.0848445509944057,0.584416251670914,0.132572548342822,0.308064204259842,0.026282304697752
0.5,0.05,0.566098178098178,0.474811015221479,0.0252194058629976,0.308210770938038,0.0852272808288275,0.490867162463593,0.122365252260931,0.24100738552055,0.024614592889054
0.5,0.05,0.603115047115047,0.503422458968776,0.0249867844570371,0.458953755096856,0.0950260709652924,0.612397838795748,0.134585607725789,0.318177776043648,0.0242724474507679
0.5,0.05,0.583339747339747,0.523653747992483,0.0234243383287244,0.546454552048483,0.0749492071888195,0.405234380476334,0.0572648047499123,0.269734401301061,0.0253779419888121
0.5,0.05,0.583987987987988,0.4741040872675,0.0219806595950669,0.43525942338872,0.0675642056039296,0.609786581943715,0.142193260250987,0.283440181705908,0.0248964816763836
0.5,0.05,0.5683201003201,0.526365382012862,0.0257541602488444,0.483140813998577,0.0963439665888178,0.493810370810868,0.068110042408437,0.298560963104383,0.0254314878976023
0.5,0.05,0.624274236274236,0.520106564507693,0.0235048838822982,0.42335210182828,0.133915822994428,0.484379184793243,0.0710393833949973,0.30739694146735,0.0250152717110911
0.5,0.05,0.57992925992926,0.472312552052528,0.0231913457564392,0.564488135429036,0.0776238990144512,0.425783903354442,0.05317041840574,0.251965792721218,0.0226428838625955
0.5,0.05,0.57039735039735,0.496930090432591,0.0257331186296736,0.559837477586891,0.155671172533922,0.530504591861253,0.121401553224971,0.288619255690004,0.0260496754687178
0.5,0.05,0.548197532197532,0.48938571763835,0.0252504222085474,0.494152085527941,0.0799789278002859,0.452288827163811,0.0818006723133938,0.277511296883996,0.023835393049119
0.5,0.05,0.55773512973513,0.492028523675642,0.0228691127034656,0.652940860320709,0.132533310703077,0.457904613274996,0.0715570529725586,0.298988966568071,0.0229632861734253
0.5,0.05,0.596402648402648,0.520102516657782,0.0247550591108756,0.649942609820799,0.0847054132288512,0.489066291635968,0.0875188684186634,0.289924467874187,0.0236232799226873
0.5,0.05,0.581319281319281,0.492238591695707,0.0242483583984033,0.578217973815561,0.106148719638152,0.483124998839212,0.0926684061205533,0.27398902762528,0.0232897452335772
0.5,0.05,0.59946851946852,0.499911556051831,0.0252117545166953,0.391308823064512,0.045731868985344,0.580195347402598,0.133051713002701,0.312780499471542,0.0229661718859198
0.5,0.05,0.587000147000147,0.507020968101553,0.0237426055911974,0.636730419896239,0.132074763968553,0.456887104341064,0.0626311187587195,0.287718066307283,0.0232557244597927
0.5,0.05,0.612779292779293,0.493187262960182,0.0232437862268002,0.448041503100173,0.10219817527363,0.744077386038263,0.226934284171009,0.304568412609154,0.0242781132956326
0.5,0.05,0.6044692004692,0.504618446820434,0.0276891379490073,0.403323250518414,0.0418514616846688,0.572801650177016,0.132879786988425,0.293413988965382,0.0257674008663376
0.5,0.05,0.599356103356103,0.497295529262066,0.0221533299884992,0.460623128456674,0.0833937274620321,0.486563374338136,0.0883189285704166,0.304054019450296,0.0226667071969683
0.5,0.05,0.612670812670813,0.470893896864645,0.0228212617726857,0.535394896580358,0.137871020693259,0.482829421045635,0.0865686699817962,0.284350966738052,0.0249387383775949
0.5,0.05,0.602427722427722,0.503618081085552,0.0256740931730694,0.599068934912184,0.0966530841962908,0.49015453238428,0.102635455245337,0.302006015872159,0.0254584144871801
0.5,0.05,0.601334125334125,0.487025114863113,0.0242769827416555,0.65147304207984,0.156095693029554,0.587434775431558,0.132961913195322,0.30459307204593,0.0229402515174412
0.5,0.05,0.619870999871,0.514212061191102,0.0231251028592936,0.407949845990583,0.0903649995482197,0.484539212000611,0.0627421336570037,0.323687546276213,0.0244002110239435
0.5,0.05,0.618362826362826,0.468668279040347,0.0237493093725029,0.340592239108599,0.0580134895665729,0.608320568865022,0.146408216358366,0.302894714504291,0.0240345626532857
0.5,0.05,0.621382089382089,0.475484916194617,0.0234738976672434,0.505755602980357,0.124437143255799,0.541984412138368,0.111956653119669,0.295166474283475,0.0241043114170214
0.5,0.05,0.569020241020241,0.496752416148805,0.0244445019466256,0.915707929971845,0.269182314406221,0.518356900577291,0.10911045002083,0.274892758184683,0.0240195065516604
0.5,0.05,0.582547662547663,0.518451986936575,0.0243202593955536,0.761811224244316,0.221702577602459,0.454680153396306,0.0696020735885402,0.296682898274641,0.0242186051851559
0.5,0.05,0.566705978705979,0.55093220812547,0.0293790107019715,0.537641122812179,0.109497783094222,0.453606112484075,0.0493954863660613,0.334684859697205,0.0274412952191422
0.5,0.05,0.585092493092493,0.49351958810007,0.0223123690054647,0.546770132903984,0.0888279343638128,0.519017867080987,0.0775925139128332,0.292198424353295,0.0241423015459973
0.5,0.05,0.599829035829036,0.478910509075357,0.0241471094074337,0.389707222063841,0.0936397247155299,0.447745536987849,0.0635739531285961,0.291130831351241,0.0236353511581428
0.5,0.05,0.588764784764785,0.491663685441079,0.0226223575321951,0.391235796443703,0.0737787057341765,0.427594679608673,0.0653558383117808,0.285206474959151,0.0237440433023589
0.5,0.05,0.592070368070368,0.512972652401379,0.0244721392072333,0.588084093855299,0.0957162903410358,0.447821001205457,0.0521593134813649,0.320406834509029,0.0248348884696728
0.5,0.05,0.595451335451335,0.470767392113851,0.0207859251574623,0.362575886151226,0.0733958379766525,0.445846181903107,0.0697374333919355,0.268172253342923,0.0225338868380706
0.5,0.05,0.599486879486879,0.472792977471402,0.0226739101564767,0.451862370486757,0.0978075775081099,0.435543847950821,0.0696811667363681,0.299244111812235,0.0241423454485373
0.5,0.05,0.572450816450816,0.467577308608162,0.0221236619531528,0.368504430864458,0.0675765016106673,0.441875165046193,0.103790998189638,0.236643729492545,0.0210632297753373
0.5,0.05,0.596021744021744,0.5300569675319,0.0250415101363415,0.742714754579385,0.10397120525625,0.487855317751846,0.0659335834945762,0.328904492259358,0.0259338428501408
0.5,0.05,0.573794121794122,0.540362848155913,0.0237399180733385,0.425311432253678,0.0888970145998048,0.675560727591638,0.203593141149782,0.276788271945904,0.0246738708206513
0.5,0.05,0.600584940584941,0.497978250125969,0.0240447448515829,0.436863188814802,0.111090713428095,0.557592209657862,0.121800586903065,0.303901742924145,0.0247656898456181
0.5,0.05,0.590404454404454,0.482386638170893,0.0238496605563403,0.37701656461957,0.0513163677313987,0.475616212591844,0.0911256542649488,0.299546483262009,0.0226579537675503
0.5,0.05,0.561371673371673,0.466188787406916,0.0223378878902448,0.473610428336801,0.0796007108069723,0.515718892447649,0.109795865702158,0.263103168416739,0.023515698147898
0.5,0.05,0.587086523086523,0.48189372798773,0.019877270937533,0.398841475370618,0.0798392802254467,0.432600100577453,0.0606895945564204,0.279089226587247,0.0236879739662757
0.5,0.05,0.61632928032928,0.498983920121949,0.0222747957988528,0.687088490829101,0.196931552056114,0.467861158767821,0.0642374721265783,0.305600034817204,0.0257673063383089
0.5,0.05,0.592175836175836,0.497482539068899,0.0222901661667103,0.508931721337628,0.12119252723513,0.525833713190152,0.103008138876535,0.286248662255727,0.024774790377075
0.5,0.05,0.602607938607939,0.494215490961235,0.0232209756455539,0.445765738070168,0.130333479950115,0.466774682563977,0.0782020768936994,0.281691756462716,0.0232293222272998
0.5,0.05,0.569819285819286,0.475177255614846,0.0265215424954829,0.733769729278108,0.225833621585068,0.470388141285236,0.12013787302776,0.246121562993406,0.0253182894125579
0.5,0.05,0.60776311976312,0.477509709878507,0.0243624329666953,0.431208627318964,0.0868352683249951,0.495643196861626,0.0783937776645919,0.284817752369061,0.0229347444252522
0.5,0.05,0.607057387057387,0.524194664815834,0.0231592250866976,0.503669895706588,0.081360242521415,0.581215154204435,0.0998763925763092,0.324188633329375,0.0240692038977886
0.5,0.05,0.617496353496354,0.500545810066297,0.0233866848724187,0.47611856693546,0.0685680624451628,0.55252678397063,0.0957292516520584,0.308306781785061,0.0234141523500959
0.5,0.05,0.596339096339096,0.501335902663303,0.0221010819535988,0.8032971997123,0.176629639297575,0.416258901541045,0.0597347566234093,0.274587612706094,0.0264195227431119
0.5,0.05,0.580370704370704,0.476042283176362,0.0226163263266003,0.595787015276522,0.108476403621441,0.497981821739206,0.0961287940553303,0.279040419203183,0.0230267283318801
0.5,0.05,0.578161514161514,0.52071845331675,0.0237571756198917,0.328135739243906,0.0537744029915026,0.483816552057721,0.0797731106999713,0.281266982530539,0.023182343166381
0.5,0.05,0.560670920670921,0.536611978647555,0.0257626128272669,0.444551604417987,0.0826047266111507,0.539449275497954,0.0829882237325322,0.312537494968801,0.0254878732164132
0.5,0.05,0.586517998517998,0.512083300823985,0.0250301227835397,0.55250101985784,0.0987137516013139,0.414310559118406,0.056114781204154,0.298584664395981,0.0237383929168612
0.5,0.05,0.619748023748024,0.471688942763493,0.0234487740618222,0.416102826754318,0.0975090716890837,0.420799312265966,0.0609979436558645,0.290121183545121,0.022159501064217
0.5,0.05,0.593105921105921,0.475429666897491,0.0236570775445506,0.351977540620498,0.111415837298431,0.463718033942383,0.0972199468538836,0.256477039625446,0.0233968375810231
0.5,0.05,0.579289407289407,0.483188939085376,0.0234952036010184,0.560691325371632,0.0984420695772833,0.509099196679974,0.0976362275237408,0.261068331257672,0.0243398177498353
0.5,0.05,0.579244467244467,0.472127526421831,0.0222765569806158,0.573166858239912,0.140747938824968,0.451106264947966,0.0923200606343777,0.26262429668725,0.0226109944919306
0.5,0.05,0.580212856212856,0.493008873055036,0.0230721657667441,0.61913782788295,0.107401041532276,0.448867959625522,0.0598545360161691,0.29660347854575,0.0245686912115403
0.5,0.05,0.597199965199965,0.492413691509605,0.0238738311637381,0.574440720198424,0.11113034866931,0.465730514141818,0.0762758809625023,0.30068653667319,0.0256442033800464
0.5,0.05,0.564596304596305,0.632018328422925,0.0300744785076611,0.589210397666988,0.0881723399746664,0.523648770432618,0.0811904302803246,0.351967801863919,0.0288561210943296
0.5,0.05,0.626199206199206,0.474025175645066,0.0220600505223036,0.439011769447171,0.0874186462954377,0.538964068179343,0.0981322982467151,0.304645002146453,0.0231960673583318
0.5,0.05,0.562107358107358,0.473962470875846,0.020453557689718,0.645004995780787,0.100563529860762,0.427693549748371,0.0607210015545491,0.289654608876987,0.0220547681885797
0.5,0.05,0.592501180501181,0.497534056229057,0.0231850385547132,0.578290340893322,0.118746727001674,0.614132939427121,0.118865688830139,0.294037333354364,0.0245141967986621
0.5,0.05,0.552089472089472,0.498451488032529,0.0249802238770684,0.74253434495758,0.198410838376507,0.3767761412982,0.0565884727487925,0.280472243909393,0.0240710102849411
0.5,0.05,0.644234084234084,0.503097469584969,0.0237847249872553,0.686141968003775,0.121622478512199,0.534188489625672,0.0668894253763272,0.359762425890629,0.0253362468557108
0.5,0.05,0.618561294561295,0.51247795038803,0.0252592374743972,0.601396500507137,0.161742924433232,0.488427701019547,0.0635960682477597,0.312678931326929,0.0234580890377476
0.5,0.05,0.566534498534499,0.524840409050452,0.0252346365896509,0.635038526864434,0.153549257804469,0.37808234340426,0.0455837707695655,0.274236786849773,0.024290455181723
0.5,0.05,0.601644853644854,0.49099307423761,0.0234899158091622,0.43549584321953,0.0973806653108186,0.587175805370683,0.12354079936459,0.306459986633373,0.023893591081449
0.5,0.05,0.619376659376659,0.463970244284742,0.0246200427093277,0.403485271499035,0.088688004152388,0.463348647850136,0.0664473249743785,0.312558952643785,0.0248133832277455
0.5,0.05,0.623986355986356,0.491613796491627,0.0226122084005252,0.673498120951228,0.137481692010968,0.664472193231706,0.138961104640905,0.325336084548009,0.020030753705786
0.5,0.05,0.606494262494263,0.517040114399762,0.0243427320746682,0.375418345290311,0.070356604137232,0.51860048730251,0.0937254191896981,0.322941388660858,0.0239441917230827
0.5,0.05,0.579076611076611,0.50104297531701,0.0228797290463438,0.583914543635441,0.0987469865252538,0.417343352262347,0.0489682709294679,0.286131555593607,0.0233528817906254
0.5,0.05,0.60948144948145,0.492227829427831,0.023806062199619,0.481879515227288,0.0772467178590192,0.575644329660714,0.102750465284736,0.308447445240506,0.0212738667850688
0.5,0.05,0.585479157479157,0.512110083969076,0.0287178659959981,0.493484829511453,0.069276156983451,0.562252522394057,0.0990541958297161,0.307317854992333,0.0272841094111431
0.5,0.05,0.617091233091233,0.489186519989045,0.0224265951582783,0.359896145933218,0.063974736040605,0.575015447013009,0.130544330684408,0.288138746550325,0.0228899953430849
0.5,0.05,0.607994215994216,0.482501110238377,0.0229144740075611,0.290439905320441,0.066268073601837,0.726084624259228,0.276047837653397,0.27983320995741,0.0231755646877117
0.5,0.05,0.59801653001653,0.497784936284214,0.024556836169516,0.917538620749657,0.178233734464904,0.483816607329411,0.0643406483901087,0.300956928241175,0.0246435351219637
0.5,0.05,0.624686940686941,0.516491074014176,0.0274154682112126,0.59413654239932,0.129530982981164,0.514499660465733,0.0755985678779125,0.306287824903989,0.0273866789288271
0.5,0.05,0.588487884487884,0.491532733147266,0.0231126563165773,0.54930709989935,0.0844979798703377,0.413207717573045,0.0488770946975151,0.295888966120906,0.0239250631218306
0.5,0.05,0.581419841419841,0.495979544049203,0.0248475648670038,0.47146229992039,0.0779814284601475,0.513648242914965,0.0870719444799462,0.284481398267446,0.023683389523585
0.5,0.05,0.602994386994387,0.462750691175769,0.0222710238256555,0.736172077744923,0.155561481772741,0.409805463782955,0.0553015551148743,0.276439644711796,0.0234435887379614
0.5,0.05,0.635463491463491,0.47252141141234,0.0234477289944868,0.476575549113461,0.122774716703491,0.433207319330001,0.0520625367794341,0.309629479379859,0.0225047062122761
0.5,0.05,0.587400803400803,0.516819849913975,0.0247490048777591,0.377961286239211,0.0769546818806708,0.535295936345181,0.0781183946925788,0.324910806698902,0.0252807783333111
0.5,0.05,0.63404731004731,0.472219581955665,0.0220311578430286,0.499271533627499,0.0942807346491331,0.476605497407335,0.0573196345857169,0.318928341624092,0.0210440653653931
0.5,0.05,0.619868047868048,0.494322753820436,0.023588012212024,0.870487948143283,0.207528374771043,0.567788843548024,0.101950251813593,0.335898952893465,0.0246908597973338
0.5,0.05,0.569334329334329,0.505175888499305,0.022758845792324,0.703437277745073,0.133404757877048,0.475086690368789,0.0615054467762129,0.285419555111641,0.0226136954297376
0.5,0.05,0.569070233070233,0.540163683360197,0.0253947372419523,0.444428647816781,0.0392619323581542,0.766800994688644,0.231344257014609,0.332408696943309,0.0272478934135277
0.5,0.05,0.582029118029118,0.477154124590148,0.0235791611069949,0.723338528233956,0.152881058061186,0.452381750697899,0.0706414513464858,0.259883012369255,0.0247147596119202
0.5,0.05,0.575330891330891,0.503505357474498,0.0225357463079057,0.603326521828438,0.185083716387504,0.356307723692122,0.0534356322853143,0.245857395363641,0.0247350335441347
0.5,0.05,0.597955281955282,0.455403176695589,0.0225689370789148,0.393789121112579,0.0779754924135424,0.409285171727595,0.0569042141855968,0.267027460043059,0.021800024749118
0.5,0.05,0.560791532791533,0.474984338578666,0.0239635037519594,0.672023660671291,0.0824231730341997,0.468445924151724,0.0879827385374548,0.254501193884169,0.025835699966271
0.5,0.05,0.542175182175182,0.508008504050373,0.0242375877746702,0.46123695283299,0.0938660714324828,0.47359431009558,0.0633324703977966,0.286408459866155,0.0253576120727513
0.5,0.05,0.571672531672532,0.471722417138245,0.0230627101322216,0.465471156572293,0.0698707801915443,0.415801030231071,0.065520282371116,0.254246424089528,0.02405093142537
0.5,0.05,0.626960186960187,0.479916975688094,0.0232560002505616,0.545400134573144,0.120401954572071,0.528831164009088,0.105958682689759,0.298644595133482,0.0249460091932
0.5,0.05,0.576946836946837,0.503502839227308,0.0233084470184368,0.482204764402576,0.112963669804631,0.512276150276247,0.0792231487979438,0.313715033449251,0.0234862969627958
0.5,0.05,0.577456873456873,0.515781304396005,0.0236217095812902,0.303434949312002,0.0571916948362543,0.648387081852628,0.173914014649799,0.301817772595353,0.0233715263092853
0.5,0.05,0.609771957771958,0.506292627537984,0.0256841570307384,0.526841401983209,0.152988684457977,0.487782690826905,0.085659272569784,0.294184941145907,0.0243084776973043
0.5,0.05,0.616691788691789,0.46261043844439,0.0213020393876748,0.372173112131754,0.0725938939130181,0.533883577073204,0.0911267517215641,0.299159488091193,0.0225448137752396
0.5,0.05,0.57350268950269,0.522075596650217,0.0257039250738327,0.506676477204333,0.135355674402132,0.452489142246743,0.067119351336056,0.280377603418904,0.0239196785080409
0.5,0.05,0.595303051303051,0.489878194602684,0.0205152496637702,0.362858060452522,0.0538928191085313,0.420996631845184,0.0536449613437348,0.288536049926574,0.0212547232072459
0.5,0.05,0.573197037197037,0.523606621739782,0.0211444724586459,0.267688500086117,0.0920235395151737,0.601696827865988,0.191165847039677,0.286882359457198,0.0231467140674942
0.5,0.05,0.603450399450399,0.531559939689577,0.0273859237657443,0.627551837300089,0.105877661280751,0.426511604929931,0.0564671109986238,0.338478808608424,0.0256178176200161
0.5,0.05,0.574732582732583,0.47232246590747,0.021819340653485,0.582322360987498,0.136521853443777,0.461964147626964,0.0841358190835705,0.263538306511605,0.0213905805435167
0.5,0.05,0.599321699321699,0.523460711711416,0.024470830874203,0.430640608743639,0.0902399304416792,0.52864387276526,0.0618731461375176,0.342223990490364,0.0256036924897844
0.5,0.05,0.613991737991738,0.512705792136556,0.0248710500067076,0.471235658605038,0.144803603404633,0.443290264723312,0.0553624936600173,0.29546407953324,0.0260143750355992
0.5,0.05,0.60634041034041,0.513970926413637,0.0240758431955143,0.487289209129891,0.115198088291491,0.514663695596214,0.0845955784361043,0.29811507808321,0.0259715830604331
0.5,0.05,0.605746721746722,0.54314277657796,0.0254205037636253,0.540797336564938,0.0971678668907397,0.456986817079934,0.0504747825783398,0.334181751419187,0.0232302801758694
0.5,0.05,0.611285615285615,0.482595534744755,0.0228644235752162,0.633122709890278,0.191914814975935,0.42469452464328,0.0508320499078285,0.300554284067227,0.0238603414541728
0.5,0.05,0.592810960810961,0.506118451309738,0.0251496379804045,0.406346157319237,0.109426331896433,0.459615312109584,0.0844175979271312,0.256017883027678,0.0239193046370975
0.5,0.05,0.538178434178434,0.484933889711297,0.0204972945618914,0.480209863173761,0.111806296442955,0.521725669080244,0.110244910126316,0.283297158269011,0.0211930080268604
0.5,0.05,0.584417252417252,0.504847097985852,0.0250645514121862,0.877870989985154,0.171543332813267,0.681329032291283,0.203529073603187,0.295479345160461,0.0254188867259528
0.5,0.05,0.619531951531952,0.470751574084417,0.0243223291162367,0.322520245583397,0.0657807993159219,0.625983095166016,0.175279631807575,0.285380370916992,0.0238609721118766
0.5,0.05,0.606336978336978,0.489078260168399,0.0222963849011889,0.674186346321794,0.108675787858901,0.5690831215831,0.104954581611394,0.303070149893944,0.0212779208964813
0.5,0.05,0.583368187368187,0.494836060874917,0.023869980552308,0.534335375301989,0.166556311558911,0.444346891143733,0.0696812136637895,0.272654380824523,0.024838652692753
0.5,0.05,0.60616299016299,0.531935749404215,0.0273064179637843,0.557842275077866,0.0917017537950219,0.455996037429556,0.0623931698544287,0.314745920584432,0.0249950272732607
0.5,0.05,0.563180879180879,0.497345915190928,0.024897002544146,0.500176338404484,0.0991170154572261,0.4615757825561,0.0811555498519745,0.258653848470654,0.0256816621000407
0.5,0.05,0.607314679314679,0.435155094856072,0.02075730746026,0.378171624414795,0.0640693318655562,0.4208660713511,0.0671445664230268,0.270430254851303,0.0222396326473598
0.5,0.05,0.596113544113544,0.523296065341617,0.0250299307188756,0.299164870052977,0.0725556348766981,0.535473096766646,0.0740051960108512,0.323892858761026,0.0248451254093141
0.5,0.05,0.593554697554698,0.507660024429176,0.0260510055726035,0.463136555664711,0.0936448496373064,0.456594455578509,0.0625293260050342,0.300926046109306,0.025192274534474
0.5,0.05,0.584971268971269,0.506436832478767,0.0230722919449556,0.475097820587189,0.0891360248132013,0.606650297909401,0.115146389435088,0.325407703953006,0.026325524034685
0.5,0.05,0.59971511971512,0.479521910413898,0.0208433944249539,0.530764134108714,0.122462791511147,0.525340595838358,0.0979782800788159,0.287742205295493,0.0220223744647802
0.5,0.05,0.594511446511446,0.48868711737102,0.023728548444014,0.452747668997687,0.11597190987655,0.370238161455088,0.0430145008525898,0.299653855127168,0.023670104871289
0.5,0.05,0.585149361149361,0.491028778708506,0.0255979159174473,0.440461415754019,0.064584297193456,0.46463012907422,0.0707616702716316,0.294788682415906,0.0260161024851076
0.5,0.05,0.584836460836461,0.493119681033511,0.0213749246125134,0.329226835730684,0.077252879968415,0.50807873571435,0.109781854801052,0.303492933308517,0.0218244626679466
0.5,0.05,0.563558627558628,0.468869900366283,0.0215149420363795,0.453610134212389,0.0858898712537012,0.521275910218143,0.113280053215409,0.27715669918779,0.0230423504273192
0.5,0.05,0.613594873594874,0.491462925002145,0.0247991732385959,0.505426341161859,0.119854291980239,0.473619076625737,0.0625322381065162,0.294280913517144,0.0248151757535415
0.5,0.05,0.615757911757912,0.471860506766361,0.0230085586883,0.513500156965939,0.124433488124433,0.510602809571581,0.0712470717577463,0.304391345851087,0.0254312560185938
0.5,0.05,0.582861042861043,0.476364786573296,0.0218724648214317,0.627544106654605,0.109190218567787,0.454775858880563,0.0692282941266395,0.28370204859519,0.0203208856362007
0.5,0.05,0.618507018507019,0.524336648866867,0.0243501111066479,0.60797958214782,0.103794208588007,0.580570373360716,0.107918742634162,0.334420994620372,0.0245650015570289
0.5,0.05,0.595108567108567,0.528454001312199,0.025001463425693,0.742642539158502,0.211263969061998,0.478853033016062,0.0766471008599388,0.318652068427966,0.0266870389814771
0.5,0.05,0.594192714192714,0.545247244702754,0.0245036163371653,0.924869735923551,0.66668466629618,0.482714704050219,0.0686790373049495,0.321538087407642,0.0267714529628252
0.5,0.05,0.606017694017694,0.462564003413837,0.0219107593533186,0.539599582716897,0.110150497124588,0.396240057448624,0.0513928196568283,0.261564028932651,0.0210906667004246
0.5,0.05,0.57008505008505,0.496340311533799,0.0220917517372508,0.394415264733604,0.0705126800654866,0.431617691363916,0.0579694815862095,0.292456856927073,0.0252796618802772
0.5,0.05,0.577280881280881,0.494361825601808,0.0235630517062432,0.426219294870826,0.0710710480263246,0.415086182001761,0.0621259287474627,0.293512099113681,0.0248466281794913
0.5,0.05,0.59823451023451,0.463772672749482,0.0217399029949422,0.305934550757575,0.054467149691398,0.478791300285619,0.0708834900064237,0.280647316556534,0.0235549387989752
0.5,0.05,0.59763042963043,0.524576862138407,0.0238748947277984,0.456543873174988,0.132526522035627,0.643344599858575,0.15488187040741,0.31605144648612,0.025097770721182
0.5,0.05,0.567511551511552,0.478655073284434,0.0233936370386518,0.475247108618168,0.0909425902488164,0.497478865215588,0.109007766861504,0.262909111899301,0.0231535386613627
0.5,0.05,0.591258291258291,0.499286428045589,0.0238237335131902,0.46996330252281,0.0545510922715768,0.49954278151233,0.10698463459825,0.273080298419265,0.0244499751398203
0.5,0.05,0.626973830973831,0.45717161640384,0.0203570903299272,0.466642477339012,0.0655070664174889,0.420023632935143,0.0461276879220837,0.303287210319373,0.0218341009089843
0.5,0.05,0.583776895776896,0.512453891844977,0.0248366029895355,0.352295947207333,0.0716170048147905,0.568993086177253,0.116782853463563,0.299067320133714,0.0242265820146341
0.5,0.05,0.587022755022755,0.49550893502457,0.0219806615066621,0.301107528753632,0.0562944364927177,0.650858081066925,0.239878424469769,0.267418759339422,0.0238604432193788
0.5,0.05,0.558353166353166,0.490931129143285,0.0227430511244704,0.575870057833716,0.116312399808577,0.332665396499948,0.0397950740200178,0.281341665024459,0.0239598516366871
0.5,0.05,0.625052437052437,0.530578054288182,0.0268461427106071,0.467488747006929,0.0678605301444957,0.512487056911287,0.0823953616475054,0.327523794726321,0.0265929138830234
0.5,0.05,0.605234945234945,0.553263066790559,0.0272753493391936,0.3368443798057,0.061662195806428,0.495643448929542,0.0656093690612946,0.343362764179769,0.0267466464509083
0.5,0.05,0.610480042480043,0.531397761022248,0.0285229259068288,0.415721734196221,0.111046836689381,0.502962779593031,0.0627259571194401,0.330080680302427,0.0286544006066784
0.5,0.05,0.613660765660766,0.500123172985782,0.0236275072287099,0.527040935338609,0.106946620234487,0.433599245574464,0.0703451696963868,0.291269868051508,0.0244559561338762
0.5,0.05,0.634915018915019,0.467666031762682,0.021433158851935,0.607938250861714,0.156145669003099,0.397932153599877,0.0431969026419566,0.295414274151333,0.023095334511074
0.5,0.05,0.601433389433389,0.486876714011855,0.0222445821611596,0.446367878675629,0.085802643743899,0.481679571605691,0.0743943012068199,0.304162472479921,0.0225140447507954
0.5,0.05,0.598714054714055,0.527498602992011,0.0246684593484782,0.489474144214772,0.148040558566573,0.518241371201429,0.0808706414371942,0.31410473194423,0.0249778082381309
0.5,0.05,0.592925872925873,0.499993596759266,0.0255361130001631,0.980406052322706,0.223246653579177,0.48949298021543,0.0580842133317026,0.321662244459217,0.0228776523997268
0.5,0.05,0.535916311916312,0.477291808079103,0.0234847243733986,0.725403653477537,0.177273884197659,0.474356615249801,0.0928359592993638,0.25226302457512,0.0214346644082173
0.5,0.05,0.608972564972565,0.459836142113138,0.0231017767991829,0.445557457690912,0.107513508830631,0.474581353791546,0.0997225939924231,0.27423566716376,0.0236369780425562
0.5,0.05,0.587304731304731,0.506989743207619,0.0236052075239193,0.75631792413802,0.164100314735666,0.521578779359476,0.106726962894838,0.28733877197547,0.0249341540563967
0.5,0.05,0.575332103332103,0.487016427968184,0.0236108709676819,0.394221472679658,0.0769175258409664,0.663624117534003,0.210494934899789,0.277389799451868,0.0242982051015603
0.5,0.05,0.647247095247095,0.507358226961239,0.0243477346708677,0.45718440263724,0.0773220836322992,0.541319139765055,0.11676513111753,0.307595765987088,0.0241288398078942
0.5,0.05,0.595370491370491,0.495122778661695,0.0244786464924757,0.403719045182107,0.121528077012584,0.418547303590381,0.0622162194397878,0.286901512342629,0.025498622813184
0.5,0.05,0.592263112263112,0.522301673018062,0.0228930856665903,0.559397899498251,0.116923915443149,0.461381426532485,0.0522620855752233,0.317020681395059,0.0260231468884927
0.5,0.05,0.572605880605881,0.518262499736691,0.0237234613496368,0.57721839916616,0.112254244467007,0.580624478018644,0.115467560825661,0.30600349603854,0.0242142633056199
0.5,0.05,0.60166804966805,0.492984972918347,0.0235781654521396,0.511600879262738,0.101013756719297,0.522794967857336,0.0864603135775417,0.28336548152968,0.0239981121329459
0.5,0.05,0.606209982209982,0.496896510543119,0.0231297178958715,0.584555267172446,0.126611628639658,0.578094171657725,0.0967505230783565,0.297256567419343,0.024488946324506
0.5,0.05,0.600876588876589,0.505604424886755,0.0236551050210532,0.682718813750177,0.137284752832047,0.455671052686569,0.0578063257619405,0.310997971309582,0.0242206746882755
0.5,0.05,0.578100254100254,0.54830783091086,0.0250492182254073,0.455648858698116,0.109570078886939,0.559746310665381,0.103117250129128,0.315171314484948,0.02632728175508
0.5,0.05,0.602858810858811,0.501452946465683,0.0254203606100996,0.485869213970135,0.0730447874173125,0.56720481690912,0.0987799611262496,0.316023357140945,0.0232230115265882
0.5,0.05,0.602613158613159,0.474166891636544,0.0235392189333765,0.548191956800183,0.149739280024809,0.733723515794777,0.263233443350425,0.277658768925584,0.024160635906232
0.5,0.05,0.587612615612616,0.481899844797686,0.023995870971131,0.332419105951075,0.0531143104447067,0.539384963158938,0.125420038786743,0.290104058841658,0.0247332550763787
0.5,0.05,0.601601041601042,0.518767718630414,0.0221839749942039,0.560005969691839,0.079793803123384,0.438646545682059,0.0548654982070636,0.296728812426637,0.0236193991133092
0.5,0.05,0.584360492360492,0.511483513487097,0.0236444666516749,0.576829105709897,0.104323859494785,0.52506616409313,0.0687237155387994,0.32999185836882,0.0233357446849704
0.5,0.05,0.605998577998578,0.499680196590537,0.0255397644266718,0.523685381375427,0.0916826086457821,0.46464459733409,0.0593313662686773,0.325760918347537,0.0247716758111647
0.5,0.05,0.605201981201981,0.539753272338734,0.0262643024410841,0.495889670503024,0.100986900753969,0.52338071768932,0.0908333745240824,0.300360297617872,0.0273631737230145
0.5,0.05,0.597692793692794,0.496418389932851,0.0239716292945888,0.450303645390857,0.119553072092199,0.43150201605614,0.0528566936794759,0.29607723442154,0.0217223051491635
0.5,0.05,0.571366207366207,0.54010250841153,0.0283305148775119,0.57416451804427,0.118906772154403,0.431608283889777,0.0550555329261935,0.306631576139116,0.0280497505350199
0.5,0.05,0.587523659523659,0.509339500949186,0.0232828127046833,0.265995395073713,0.0535603392485364,0.496503058419335,0.0675864456758803,0.305150408535258,0.0245063638183913
0.5,0.05,0.563389439389439,0.54129400742898,0.0264831204531829,0.623253436565126,0.141859510027852,0.553590210957158,0.107022404634825,0.293520388428696,0.0228739288370086
0.5,0.05,0.606551826551826,0.518996634746477,0.0280435513504959,0.806060016271277,0.161584160075034,0.43583625622531,0.0603598806678082,0.32005300024721,0.0262492544666735
0.5,0.05,0.561552225552226,0.498510459388194,0.0247737051586984,0.500066171160658,0.1112106272344,0.487692472821091,0.0936206045810617,0.284008525339762,0.022876797251352
0.5,0.05,0.613780777780778,0.496281779120319,0.0219285546602356,0.533007015719123,0.101202604384054,0.446854977382092,0.0682878785849558,0.295213227885159,0.0232834169525558
0.5,0.05,0.567418839418839,0.450993970771729,0.021963473554746,0.410466911079185,0.117031766290778,0.379272216301162,0.062668257263587,0.239070140180916,0.0227169366080181
0.5,0.05,0.61564833964834,0.482961522997605,0.0248052393523486,0.61549126986916,0.12809778341858,0.473275568333625,0.0821157431820644,0.283225505706506,0.0250924442339059
0.5,0.05,0.626656430656431,0.484550343576556,0.0261768773451361,0.447352890024595,0.107983518740941,0.411118129053364,0.0438348201041825,0.314986191505459,0.025353400859689
0.5,0.05,0.545440301440301,0.509801775603413,0.022140055566187,0.726460520093844,0.150901077510275,0.780956259072749,0.319715321587331,0.261993403858973,0.0246832402563153
0.5,0.05,0.615193959193959,0.511542934673196,0.0226391242260384,0.460142157861092,0.0956621277636089,0.486271755268656,0.0756973856968056,0.294709799225627,0.0238383580382569
0.5,0.05,0.59820097020097,0.49642205315357,0.0226965700774829,0.54520076477392,0.124170096177097,0.517033094402643,0.0899982810303642,0.301716829594908,0.0236080723226059
0.5,0.05,0.584405948405948,0.538491907558834,0.0255363081529396,0.500193761947632,0.0931419984428177,0.535441692604142,0.101708512001315,0.318399095131538,0.0257576302875148
0.5,0.05,0.599694791694792,0.475591761773908,0.0235115381601885,0.493277160911777,0.0985995225683975,0.461711530360567,0.0775025182593289,0.282492834644328,0.0242186337441994
0.5,0.05,0.605135405135405,0.501981066205283,0.0231578464040236,0.23739619411841,0.0347846885273427,0.465386612649494,0.0791365590792754,0.302806854357312,0.0251026354129064
0.5,0.05,0.611245835245835,0.514771592258536,0.025815350394171,0.537295467018514,0.1070443404832,0.619348616887669,0.144126869758602,0.296838945399554,0.0211407180628419
0.5,0.05,0.602998226998227,0.472318903586444,0.0232705267082193,0.498392277953712,0.0569848571106598,0.446975774392974,0.0604889951094604,0.281535775527774,0.0236169238838912
0.5,0.05,0.589734721734722,0.49470863136886,0.0221019042216981,0.261958866337599,0.0458461903082531,0.499944698208363,0.0585145377013633,0.321466574115717,0.0248177868946775
0.5,0.05,0.578019002019002,0.480964909494301,0.0249541277035759,0.56470388394714,0.0928232905765791,0.552934030720993,0.125487767980931,0.273590839538747,0.0258390741378271
0.5,0.05,0.567287187287187,0.503117345387978,0.0226964297130256,0.769278619454573,0.21676411556544,0.425167191023564,0.0573428364220233,0.283839496460613,0.0237090067492582
0.5,0.05,0.600244452244452,0.477032344714155,0.0213654250664569,0.349705253584783,0.059414479077836,0.39721823528716,0.0452616826874736,0.296830586205744,0.0219625140790946
0.5,0.05,0.619775107775108,0.456030751711274,0.0208757527078319,0.69027189672206,0.128266930273574,0.413842860465197,0.0641822680694574,0.272578129964819,0.0235251756970361
0.5,0.05,0.603357447357447,0.50125180280002,0.0238410227493053,0.398276622068329,0.0378025939265731,0.439197432324297,0.0483266094677934,0.315772581951236,0.0236515704585853
0.5,0.05,0.594955506955507,0.494810975007081,0.0233790405224117,0.454545745469109,0.0580887318988812,0.481858647604299,0.0641627687032553,0.310280341373756,0.0247584151504523
0.5,0.05,0.581893493893494,0.47623694304172,0.0244298720244745,0.604564713883813,0.123385974828746,0.285997295090457,0.0352027333867998,0.251012525175041,0.0253525392268799
0.5,0.05,0.574999354999355,0.518755535072352,0.020684996029316,0.674242294911679,0.138205429070775,0.500674590478565,0.0685126125606118,0.308060904922001,0.0236538542942655
0.5,0.05,0.58440266040266,0.497886162568585,0.0226145869468376,0.380832206052575,0.0547206574551451,0.450415329000053,0.0715016566598165,0.286169420960604,0.021976487302064
0.5,0.05,0.588088944088944,0.464011004907708,0.0226056356797991,0.410923720887088,0.114368632219601,0.483512750805252,0.0840733644626016,0.2893470696093,0.0223959107698324
0.5,0.05,0.627679923679924,0.527606782843368,0.0222744926260821,0.755008394722668,0.127986876683745,0.413620788963818,0.0472886323012653,0.316313565804382,0.0258975656140827
0.5,0.05,0.560494556494556,0.526095560537822,0.0240676620632695,0.540930550160423,0.113583290403077,0.532461356634347,0.112918176218008,0.278783111819331,0.0247108891040253
0.5,0.05,0.615967611967612,0.482257529468098,0.0249844539566483,0.49360304543954,0.103212920176994,0.471432482557341,0.0645851050198142,0.302942076046872,0.023691715128803
0.5,0.05,0.539218523218523,0.51297026694002,0.0265980676467831,0.442465310361164,0.142791290082879,0.680809271154044,0.235601796444493,0.28883187650358,0.0251126317611961
0.5,0.05,0.587444015444015,0.458448712927064,0.0207270937225704,0.377201368392529,0.0985740619429823,0.431270875371079,0.0594291133356088,0.265479517448018,0.0207920937653036
0.5,0.05,0.604612948612949,0.505355547040703,0.0247788551279034,0.415566699340017,0.110369051201838,0.552676061615595,0.125684848804202,0.306815625379181,0.024323892220138
0.5,0.05,0.616954120954121,0.467116969533595,0.0213345195459042,0.45303543277509,0.100532613899577,0.477641834416691,0.0677014662376975,0.283042672392567,0.023420437876415
0.5,0.05,0.559693507693508,0.506204586067573,0.0241639405397443,0.285326208749239,0.0832450381190661,0.434700542087599,0.0732025653305768,0.283033882768176,0.0252375230743211
0.5,0.05,0.595238971238971,0.485645453678484,0.0266267755720997,0.333989403553421,0.0501979989334535,0.509405410027812,0.0922991755973058,0.278668837282988,0.0255048629239857
0.5,0.05,0.571298095298095,0.575901939447595,0.0273188198065664,0.55756997226513,0.0560096693774763,0.685288365895229,0.120171002375043,0.341510503736389,0.0258299815064149
0.5,0.05,0.592385488385488,0.501991096156877,0.025045209825613,0.583120672897441,0.0824283624622989,0.493246785512911,0.0725392970887058,0.275868162984229,0.0250957490945414
0.5,0.05,0.602838242838243,0.483471501555488,0.0244849777400814,0.344473713044517,0.090857127839289,0.438993777917307,0.0613059653649636,0.288974003108206,0.0260416813723199
0.5,0.05,0.595081255081255,0.475714243878657,0.0205055872227744,0.607882822331305,0.0681820746091533,0.41908481740547,0.0599881302330306,0.273479806222725,0.0233227462661224
0.5,0.05,0.586784158784159,0.510985664811076,0.0253198423804692,0.400661887269646,0.115868612656474,0.740710974070963,0.209219476129146,0.326131620270199,0.025056319452432
0.5,0.05,0.596039492039492,0.514701457032135,0.024418261640179,0.29209813520907,0.0899635335021272,0.709892137548979,0.206220181889389,0.294690204052795,0.0250285939086853
0.5,0.05,0.571753423753424,0.48484949110207,0.0247833187238618,0.371414930412003,0.128794851579455,0.594566117766273,0.154877987427575,0.285844233440861,0.0251380358550051
0.5,0.05,0.600269196269196,0.517612045776297,0.0272567392170588,0.298465420738822,0.072862662667547,0.435253328205525,0.051594583879507,0.299084328230913,0.0259887250350702
0.5,0.05,0.581527397527398,0.48171215176827,0.0217246293707824,0.477679702107583,0.108337715636642,0.472821510596125,0.0833532204736866,0.287976352489622,0.0250899419347167
0.5,0.05,0.610184254184254,0.505574454524441,0.0236381290171643,0.476860445957685,0.0946336639295939,0.375536325185954,0.0454430605963376,0.30094712667343,0.0262201355767562
0.5,0.05,0.631190983190983,0.509268616895478,0.0253103602305608,0.570014625540305,0.11055435934026,0.503894132669569,0.0566957414353081,0.326805121446247,0.0264289481840671
0.5,0.05,0.598509766509767,0.483684828060393,0.02222667541228,0.740703472237864,0.0717545736731657,0.469817942040444,0.0662012107334703,0.298352232773411,0.0239694742020708
0.5,0.05,0.617213873213873,0.454948912983609,0.0206021264415919,0.768950998596188,0.199849976841445,0.416562400769873,0.0521941507733862,0.290447272235227,0.0219706427352658
0.5,0.05,0.594940614940615,0.512913178389993,0.0260224670060188,0.362027320849775,0.0553383173731066,0.413191737889057,0.0526466610078121,0.299321794376577,0.0240841447267753
0.5,0.05,0.635632883632884,0.526787960705441,0.0254202792306319,0.363106928429458,0.0948687790202224,0.545394613474169,0.0969156157577325,0.346580212031594,0.0265074868213171
0.5,0.05,0.587272187272187,0.500823775009813,0.0229479555744074,0.862704819924526,0.263785746442471,0.506601069005609,0.0763521308513126,0.295763276619933,0.0241170495550019
0.5,0.05,0.603334119334119,0.521346272518465,0.024911392372098,0.824610677902912,0.208452947088338,0.505057085462392,0.0738232518129302,0.307108612220027,0.0237201546530253
0.5,0.05,0.60614331014331,0.537007042130176,0.0238974089553239,0.77068017145626,0.150170218823969,0.461279791257202,0.0469800345781254,0.344597818901462,0.0254645258087626
0.5,0.05,0.582281658281658,0.517327830021963,0.0258682386249763,0.435433022935314,0.0949653730915213,0.648871938637188,0.161593203334732,0.329671369683988,0.0253793753858251
0.5,0.05,0.609157857157857,0.467322630476612,0.0239218240205256,0.435577747367069,0.080711844789445,0.480002677942494,0.0727209120572638,0.296539290049925,0.0232332582492105
0.5,0.05,0.618216786216786,0.494305283485329,0.0246960272195741,0.595683860662048,0.0828374827388332,0.496320825303301,0.0577309084660679,0.32160675861891,0.0235787814991321
0.5,0.05,0.575063747063747,0.493607345289317,0.0239668112415533,0.514444467429131,0.0840108027193972,0.541802802953678,0.0843348403892868,0.322669501091289,0.0235655131219679
0.5,0.05,0.599633615633616,0.433117942601301,0.0230062138511872,0.554136727796476,0.064810521865357,0.397252947454401,0.0629691295229647,0.25661773551178,0.0237177235358946
0.5,0.05,0.579058455058455,0.454683031408491,0.0233056110948269,0.736668745087622,0.138956489061415,0.481487933879546,0.1061353701052,0.265660492324318,0.0245477070819973
0.5,0.05,0.574592014592015,0.497214588601291,0.0248846446048295,0.506896731105011,0.168482111752987,0.43525739627626,0.0600529821005178,0.292130914823109,0.0239704016657194
0.5,0.05,0.523309147309147,0.491836377328043,0.0237693381712013,0.506172966759033,0.134361332053786,0.69718710831523,0.22520598727319,0.250243908520747,0.0242452285774811
0.5,0.05,0.554046782046782,0.507195798087133,0.0239869332752857,0.664933637008298,0.137574962469191,0.462076524644832,0.066938103868074,0.282637884262159,0.0245297532656443
0.5,0.05,0.588542748542748,0.498051746864074,0.0245996928099504,0.611971334446414,0.151533458047396,0.542248114423661,0.0994153181226925,0.312620246928805,0.0221759393072769
0,0.25,0.599894387894388,0.00453065762425893,0.00612912552798679,-0.00381690469356097,0.0133685774670054,0.00471779533103359,0.0101745184093372,0.00267125572007402,0.00627735813169919
0,0.25,0.588907800907801,-0.00789406216509274,0.00603000258480626,0.000169203940183144,0.0129597102529544,-0.00456751859757044,0.00946431868274849,-0.00302558660927224,0.00640934820009586
0,0.25,0.556738972738973,-0.00568843012253195,0.00584396655054765,0.0090762665523298,0.0116516739078705,0.00282467512008117,0.00983172168331035,0.00172406130724976,0.00600008013743331
0,0.25,0.600108636108636,0.00193772670162394,0.00640393700511671,0.00266494751839225,0.0125280502133126,-0.00481997524748855,0.00948424307864204,-0.00300259044318405,0.00591100138316342
0,0.25,0.590928794928795,0.00671094086878157,0.00624011331310284,-0.00676646414609391,0.012522941759309,0.00952951001327086,0.0110006064045163,0.00547496770761289,0.0064180782882996
0,0.25,0.605584085584085,-0.00549103984033125,0.00617327047867715,-0.00772383232356239,0.0120534534377567,0.00198851211024118,0.00972727207996988,0.001222983192041,0.0056036510591726
0,0.25,0.58189934989935,0.00279584757744268,0.0060036594487363,0.00207234935833013,0.0126189791443474,0.00260731232758525,0.0105362376149058,0.00148618385750762,0.00607615013431336
0,0.25,0.577342561342561,-0.0117134741565448,0.00660629059923111,-0.0144140173649391,0.0117713291701853,-0.000706713499963822,0.0118464809767512,-0.000366828817120356,0.0062115499689199
0,0.25,0.593940977940978,-0.00667523543117326,0.0058904021852728,-0.0123898337769971,0.0127035671285281,-0.0100779639211137,0.00950618668931107,-0.0063116295495195,0.00581160194068982
0,0.25,0.595303459303459,-0.00740388750629617,0.00557959123157419,0.00628340790312134,0.011249800911874,0.00200467959284493,0.0108120453824916,0.0011423644234468,0.00614458717893256
0,0.25,0.613036297036297,0.00143446489682994,0.00593067745332298,-0.0116913514184002,0.0113658863460748,0.0155453440828655,0.0117458811466182,0.00839264662284146,0.00630477360294588
0,0.25,0.596920640920641,0.0100537895425433,0.00566457815874956,0.0104695181469758,0.0126726795782119,0.0155873889460816,0.0100997425513559,0.00920523179255603,0.00572210524638174
0,0.25,0.580974616974617,0.000941169385745165,0.00596602608583309,-0.0274182324513729,0.0121368560902537,0.00455629384344077,0.0105163800781008,0.0028154726474609,0.00613836098571819
0,0.25,0.607247563247563,-0.00484661337103497,0.00546629912172017,-0.00106396155010533,0.012013505882763,-0.000569788360462106,0.0095066902644694,-0.000374363984672438,0.00597971041164369
0,0.25,0.603611655611656,-0.0134079908651555,0.00607268128913459,-0.00803484317871632,0.0134469777577432,-0.0128330579631013,0.0108834168719948,-0.00721182825491439,0.00589386636127477
0,0.25,0.600849888849889,0.00188085267476981,0.00542547456876602,0.0081582902647258,0.0113378080921355,0.0142720331084002,0.00989006290638569,0.00818093073197384,0.00548265040475992
0,0.25,0.609125997125997,-0.0037803766137817,0.00614972292731027,0.00745432191158512,0.0126440590154712,-0.00695451326607051,0.00930280012902425,-0.00418667811517142,0.0056948052672949
0,0.25,0.60157018957019,0.000924557212913323,0.00596715094820054,0.0153666016253838,0.0132448952541589,-0.000330367307844618,0.0104648434248616,-0.000199977073167882,0.00608323286643834
0,0.25,0.596563136563137,-0.00638549320469997,0.00619199771734628,0.0100542841129354,0.0140982824252451,-0.014200034040924,0.00980739301773267,-0.00885356350237993,0.00614353871849437
0,0.25,0.558068694068694,-0.00413416328330287,0.0060282308282773,-0.0107375323945447,0.0120099257344867,-0.0145566690695522,0.0104355491494876,-0.00821165974846641,0.00607801318987932
0,0.25,0.634992382992383,0.0134384921941248,0.00626449722576231,0.0165128460773209,0.0131205658199065,0.00688076672551175,0.00965417200516075,0.00432972813356681,0.00572026806183474
0,0.25,0.626639882639883,0.0109345256839156,0.00575493204667628,0.0147234044769793,0.0108050528492691,0.00855750706369952,0.010001327541544,0.00515334431239691,0.00587681560339463
0,0.25,0.60240575040575,-0.00281916171050188,0.00564592092579204,-0.00124030141116273,0.0118517299793125,-0.00923951379691426,0.00908604469098244,-0.00614714579461737,0.00594237114643494
0,0.25,0.625692637692638,-0.00485040143574459,0.00564322945395656,-0.00289397927095268,0.0111697413952492,-0.00808574966632302,0.0091505364806212,-0.00524850328284745,0.00587335075559228
0,0.25,0.567411927411927,0.00122476180860945,0.00624328730302838,0.00157226989138318,0.0120450005759037,-0.00318100498663046,0.0104818273922291,-0.00180509060835356,0.00640468013997111
0,0.25,0.598272586272586,-0.00403499146198697,0.0052803592403687,-0.000171779916304154,0.00981670444063465,0.00990236400258677,0.00930522460347958,0.00616939624149926,0.00526331382771511
0,0.25,0.576575496575497,0.00503122138983273,0.00585204189860298,0.00214494679766551,0.0134737005570425,0.00675050310834791,0.011243740655452,0.00371406250645976,0.00600972561978281
0,0.25,0.589636921636922,-0.00434671328709493,0.0062107534303067,0.000334536634317,0.0114130260145335,-0.0154148745631725,0.0108786268385089,-0.00892804283426803,0.00641227207642411
0,0.25,0.576428832428832,0.0107583327885416,0.00602848265773247,0.00967863026106458,0.0123500192471861,0.00796975067933505,0.0105627605772696,0.00469740454359327,0.00611228967243126
0,0.25,0.580938340938341,-0.00517170585470116,0.00616823955644505,-0.0232874184705648,0.0115829469231781,-0.00470511816579928,0.010074417048221,-0.00279093754398959,0.00585152768400174
0,0.25,0.574792066792067,0.000949429374173646,0.00608259616484759,-0.00651473137423986,0.01184808575929,0.00327122947339227,0.0112157416575393,0.00174759080437045,0.00563003374325191
0,0.25,0.604261312261312,0.0017605811368784,0.00630048777987797,0.0179899635539429,0.0118884521005232,0.000787681628640854,0.00972492246388904,0.000492992955895684,0.0058855248385934
0,0.25,0.629810933810934,-0.00132684176544657,0.00603434542484266,-0.0144593821591707,0.0122453591595331,0.00253894927507903,0.00986081490730435,0.00156119776325858,0.00611055859189595
0,0.25,0.623116775116775,-0.000615066017658745,0.00578387930923578,0.0240326286280188,0.0115158356088127,0.000424029342791492,0.00940888418741117,0.000262853315373108,0.0056255237705129
0,0.25,0.59443461043461,0.00280573699883394,0.00580770671958164,-0.0105350982089905,0.0124680749722029,-0.00133841733268351,0.00990952563254463,-0.000862464900290443,0.00586988026284043
0,0.25,0.572426228426228,0.00759797355602803,0.00626832801037955,-0.00577510646474701,0.0130128016856659,0.00988765879242698,0.0111443449178261,0.00568179144444007,0.00632720973480316
0,0.25,0.616655104655105,-0.00221091499056973,0.00600737939808909,0.00721315408661682,0.0130500927044041,0.00134389698478042,0.0103340832415513,0.000775783522787719,0.00588769604096898
0,0.25,0.587291723291723,0.00257573961085543,0.00621358550772019,0.00476626560743528,0.0132358155111955,0.00756981096999295,0.0103707705353089,0.00436020291497762,0.00535853904010621
0,0.25,0.626669018669019,0.00571491129156472,0.00646953284940221,0.00622068415956145,0.0136478950255769,0.0111986891356431,0.00983882835980693,0.00736746987059261,0.00641768219786348
0,0.25,0.551486963486963,-1.1090068500989e-05,0.00604905131982076,-0.0118657157644347,0.0135493560059738,-0.00563211138500302,0.0117191446428422,-0.00299151893428839,0.00601405962617542
0,0.25,0.635093279093279,0.00856514288235515,0.00558054027120547,0.011930761633543,0.0108874803706973,0.0204676293191965,0.00964609883885844,0.0124644529133811,0.00593787320709414
0,0.25,0.579772503772504,0.00471375541779411,0.00648356594227777,-0.000602916470972517,0.0114131710603418,0.0111383047639773,0.0109071650201056,0.00676479855468661,0.00663628374927015
0,0.25,0.566116898116898,0.00551794113831274,0.00599084109066802,0.00488215776232846,0.012767544297598,0.00943675331963062,0.0111806736917044,0.00518486548996625,0.00591966194968417
0,0.25,0.569234453234453,-0.00948730134275745,0.00606568166558354,-0.00791739151154993,0.0103549796767971,-0.0159129616817826,0.0108641437296262,-0.00905786945888964,0.00618249388153192
0,0.25,0.584546084546084,-0.00258077942861681,0.0059922131047105,-0.0169708559129729,0.0115105212257297,0.00348040866140277,0.0100937547112066,0.00204156629321178,0.00580430393250157
0,0.25,0.579688191688192,-0.0053125941885654,0.00562073261170837,-0.0118844449137635,0.0105512585247131,-0.010606151071648,0.0101298074229396,-0.00623339558426799,0.00610542935383022
0,0.25,0.631539295539296,0.00521929578896758,0.00671654503750924,0.0194608190124856,0.0131112548399844,0.000841710369781438,0.00996090833804762,0.00052614364647822,0.00608381038993308
0,0.25,0.589164229164229,0.00222616110322904,0.00578191363461419,-0.0111405294306174,0.0103569250796885,0.00298670324702902,0.0112825537699903,0.00157260303212577,0.00592853764643736
0,0.25,0.579616731616732,-0.00205108752056858,0.00573179899330201,-0.0164305370405834,0.0109373450932657,0.00284564507989736,0.00954284968066074,0.00171359869955145,0.00579808862469491
0,0.25,0.536082392082392,0.00434219069065284,0.00630636054088137,-0.0114600896305402,0.0121410463132493,-0.00442901559761791,0.0114165247696885,-0.00243741023062763,0.00637059629381544
0,0.25,0.582394182394182,0.00124253572720257,0.00634784185559512,-0.00085304830840159,0.0128796525610773,0.0150117643077643,0.00990295912259626,0.00918165281758045,0.0057674335090306
0,0.25,0.629337293337293,-0.00831603614199926,0.00625237243273752,-0.00230121038457777,0.0100912142725542,-0.00711859634302966,0.00942449922604908,-0.00458797859202071,0.0060212203038094
0,0.25,0.583153231153231,0.0139662103100663,0.00657507173478859,-0.00451784202374053,0.0130473514838444,0.0202382895106869,0.010326652171339,0.0121491162028986,0.00564144788500729
0,0.25,0.599675123675124,0.000928181798269533,0.0059961357782015,0.0113080904207613,0.0135234157938016,0.00982677657535424,0.009923673082395,0.00628042533958887,0.00629643440574325
0,0.25,0.569293613293613,-0.000310643508810431,0.00591966280921449,0.00937428103944778,0.0121177093170996,0.00161485891391862,0.0111003127850705,0.000836069613865128,0.00570438447417635
0,0.25,0.585090573090573,0.0124974878458673,0.00614383748898855,0.021480177531058,0.0163006447453128,0.0154239046220334,0.0102375238165164,0.00949627077616226,0.00609400087605661
0,0.25,0.582366966366966,-0.00189946995329825,0.00633213440383179,-0.00216445713457234,0.0147889081026385,-0.00059388324922363,0.00992904977178718,-0.000361290997928249,0.00612997504862953
0,0.25,0.607424419424419,0.00147621905255469,0.00578945446811598,0.0068184916955363,0.0103704474070788,0.0251838966882517,0.0093834811834037,0.0155888749018497,0.00536543839290742
0,0.25,0.586348954348954,-0.000506806142446462,0.00606053362022376,-0.00242353215748278,0.0123812428012776,0.00868242434499139,0.0108358017939692,0.00493904615961455,0.00581841064566614
0,0.25,0.600720804720805,-0.00360074739802709,0.00681876740522807,0.0089939880355583,0.0119137283846309,-0.000820303750862385,0.00953859736725793,-0.000520885901680392,0.00644130856169651
0,0.25,0.636567972567972,0.00249151564818102,0.00576436928137537,0.00662320427345676,0.0142431978292527,-0.00089406799407978,0.0094179702474871,-0.000556208739194106,0.00572280480551565
0,0.25,0.589959913959914,0.000420190011719543,0.00606825140999262,0.0084546859716638,0.0133716808695197,-0.00052253461544857,0.0104781315256203,-0.000316398999655901,0.00647798480746428
0,0.25,0.601012297012297,-0.00886878929632762,0.00631996011360029,-0.0128255411863757,0.0125973368021231,-0.0109078970583621,0.0100513025687802,-0.00659917769266794,0.00588877532158405
0,0.25,0.58427354027354,0.00432611413608295,0.00606998535366082,-0.0323024492068466,0.0121717206959872,0.00608518603433547,0.0120033794892737,0.00306706144399342,0.0057644022751914
0,0.25,0.602111186111186,0.0101957811538335,0.00614139784212713,-0.0024137548059908,0.0107160266395031,0.0168244089945019,0.0106129801018326,0.00969859756134698,0.00595934726834536
0,0.25,0.570503478503478,0.001684195865709,0.00631734045007275,0.00628485110292653,0.0119987696317053,-0.0033698927069638,0.0115860502881982,-0.00181221699032705,0.00610411430417137
0,0.25,0.60399987999988,0.00186241003696022,0.00568509062003561,0.0100923497624368,0.0132068058934285,-0.00700747302102232,0.00942950988640815,-0.00444082556550726,0.005968760665292
0,0.25,0.561722553722554,-0.00154677360228364,0.00643304847750108,0.0157705715888832,0.0147492374412093,-0.00746277841657517,0.0119681099606243,-0.00382887855489709,0.00670894192950647
0,0.25,0.601949593949594,0.00276059080364204,0.00628355759963732,-0.0097194742410561,0.0119596109644071,-0.00662134019273345,0.0106629970460393,-0.00367171613304974,0.00588432576917123
0,0.25,0.57252086052086,0.00062277403180168,0.00578808445047007,-0.0011314487016114,0.0130291760316262,0.00301838046026486,0.0103118840751947,0.00167084896961828,0.00587498647998253
0,0.25,0.619221775221775,-0.000532566723114951,0.00598631825304109,-0.00253938572348404,0.0114582501365542,-0.0118642317880735,0.01082203191291,-0.00702291491627664,0.00681061524360854
0,0.25,0.585351621351621,0.00919656150362527,0.00603790648239269,0.0101788724875595,0.0136838549578425,0.000699847185471153,0.00998056664602974,0.000427257806706671,0.00595857214301619
0,0.25,0.603612951612952,0.0120459400481857,0.0062865902003545,0.00994658694009034,0.0136205651322494,0.0266391526837648,0.0108276672298214,0.0151569771835629,0.00585249037619478
0,0.25,0.603187431187431,0.00403142378122143,0.00621452320073579,0.000916423359868694,0.0119653490692948,-0.00894681852814838,0.0109885461506732,-0.00509138513941065,0.00609376144409092
0,0.25,0.568315984315984,-0.00130053566356791,0.00593324972982993,0.00231338611571586,0.0128577184744242,-0.0169746647678639,0.0105671763692502,-0.0097699646350434,0.0060825403456359
0,0.25,0.623949623949624,0.00466098977223469,0.00620009936004596,-0.0161846191786414,0.00979607990926345,-0.00630177720678865,0.00940741930183434,-0.0040300802770156,0.00611176408034273
0,0.25,0.591984615984616,-0.00739824122551117,0.00591426803700583,-0.0162901404175102,0.0119275671867069,-0.0188413614754015,0.011236093303713,-0.0101774998987914,0.00582010874507002
0,0.25,0.530725634725635,0.00249769992470296,0.00567708364072022,0.00251154041190237,0.010691655406695,0.010692641234316,0.0110686850388871,0.00569546932231193,0.00556489571851261
0,0.25,0.566201522201522,0.00295832361224624,0.00592322569279515,0.0109995072668782,0.0133062378086588,0.0176529926126177,0.0107990899668952,0.0100885427902053,0.00582288590995712
0,0.25,0.549446001446001,0.000222544456552575,0.00673544003457514,0.005805193642218,0.012697343164875,0.00691773938525721,0.0119603065102118,0.00370043583984344,0.00685148789773497
0,0.25,0.592733236733237,0.00265898999708793,0.00609664613530406,-0.00862766116153314,0.00950906540057547,-0.015392921448582,0.0106079552992863,-0.00907011675877338,0.00615754655202399
0,0.25,0.575863403863404,0.00541027838227725,0.00607209679612631,-0.000809852962919884,0.0120506195434992,0.0114246223938581,0.0112355384595965,0.0063775445439141,0.00673136836246091
0,0.25,0.610273054273054,0.00366678106834926,0.00595839209093778,0.0120844016060929,0.0112106423664692,0.00390139559466207,0.00936965985296375,0.00240820059303833,0.00595867164046203
0,0.25,0.606347286347286,-0.0115127097071547,0.00644340735316263,-0.00238371206429698,0.0113544423200113,-0.00576478584921168,0.0100460509971029,-0.00349291625426834,0.00600439127891059
0,0.25,0.578792450792451,0.000946276772598636,0.00654875904188975,0.0127614454057617,0.0117448822993387,0.00667261165163875,0.0111977175422411,0.00383336047830814,0.00648259100160879
0,0.25,0.622101634101634,-0.00087961625558902,0.00614371085704257,0.00316521877034504,0.0128597708818036,-0.00311880532862366,0.0101639198278183,-0.00193050601622459,0.00647587432668853
0,0.25,0.547044163044163,0.0018437422815751,0.00566603193666791,0.0160457765990906,0.012602749287005,9.37032624494708e-05,0.0126038554902137,4.46679239758912e-05,0.00643822271284015
0,0.25,0.581537057537058,0.00627644818421498,0.00581352135078482,0.0029050548185259,0.0103850022745062,0.0100549884322018,0.0109805339108068,0.0056881340832612,0.00610996149760741
0,0.25,0.587282579282579,0.0117978494489694,0.00597020059408783,0.00556765366746082,0.0110102371953834,0.0114645951442308,0.0100155506860894,0.00662200749043122,0.00574664460447534
0,0.25,0.600942780942781,-0.00356285588195492,0.00648869596610252,-0.0166854472278878,0.0128661380263645,-0.0173029526864668,0.00993116411554664,-0.0111732966922366,0.00655907648301318
0,0.25,0.597074097074097,-0.00162323842308648,0.00649699922461416,-0.00432509852203084,0.0123439152975133,-0.00216757265080915,0.0103343399412475,-0.00129376583085403,0.00636600773868392
0,0.25,0.647396639396639,-0.0135210398906945,0.00594541410798144,-0.0116984498511237,0.0120724185699303,-0.0110200073181497,0.00934917459626086,-0.00722724712777926,0.00583102753009001
0,0.25,0.611755043755044,0.00396616305720282,0.0056562019578644,0.00904317454121255,0.0115201424297143,0.00747940555193848,0.00892640589508705,0.00503308189277719,0.0058002213136735
0,0.25,0.570478122478122,0.00381580979118668,0.005918415705814,0.0253302953349518,0.0112317453893609,-0.0207634156182836,0.0112356725559803,-0.0112231566885111,0.00592215922454583
0,0.25,0.588558504558505,0.00169625733612715,0.00645728853872957,-0.0101553721833883,0.0157048214709025,-0.000115604395748424,0.0108887458255196,-6.84292380101513e-05,0.0059429361337731
0,0.25,0.60448714048714,-0.00365085828505682,0.0061455761980944,-0.0113042558082794,0.0126562164685513,-0.0238258627500731,0.010589042469481,-0.0136845405659731,0.00613378255922336
0,0.25,0.578959058959059,-0.00577870530241293,0.00536677801717115,-0.0076911814287895,0.0109512019234918,-0.0151470748700849,0.0112087207473057,-0.00837390594906317,0.00607992158463
0,0.25,0.619413583413583,-0.00127518149402258,0.00698447076208419,-0.0190225903291075,0.0111150235415271,-0.00945623025854353,0.00980409320011909,-0.00604584037152912,0.00664757765112964
0,0.25,0.58786853986854,0.0108608233626073,0.00640755112644019,0.00351875654164377,0.0124078358342342,0.019821616212921,0.00988898215986041,0.012414590058291,0.0067575186596559
0,0.25,0.622943686943687,0.000864845533932789,0.00676979277134933,0.00406776568084077,0.00933669384583235,0.000543265427745303,0.00972918504705281,0.000345578485268012,0.00597944275382872
0,0.25,0.616950400950401,-0.00914742522046139,0.00609611776876804,0.00486979169579269,0.0116091722425579,-0.0119449923159051,0.0100578788697713,-0.00720992136040698,0.00623770508359178
0,0.25,0.583230487230487,-0.00315049022262542,0.00613099121153267,-0.015134136291947,0.0110960443048793,0.00706360060736525,0.0117288204958841,0.0037221372038266,0.00645199302898561
0,0.25,0.595558447558448,0.0038905623573218,0.00627301962246745,0.0115636055578513,0.0145597899341911,-0.000983190516740306,0.0102214513029553,-0.000577411501902997,0.0061301577645726
0,0.25,0.565068637068637,0.00487996762385565,0.00563340267378376,0.00682733888153886,0.0118884680742513,0.00761463248970484,0.011188914187377,0.00422355259190647,0.00569277556168293
0,0.25,0.605645093645094,-0.00244415103244974,0.00597633451682221,-0.0250052928325236,0.0117943966081163,-0.00484934893273462,0.0105624556700435,-0.00281433205715144,0.00621542920111639
0,0.25,0.604449244449244,0.00502757328113656,0.0063813467564079,-0.0138736581573512,0.0122298932271198,-0.000409769621071545,0.0103004380415882,-0.000238820854778235,0.0059375874468085
0,0.25,0.624711312711313,0.00787188592377402,0.0060416893442839,0.00879650966704364,0.013507737052691,-0.000271223501721898,0.00955320558511042,-0.000170857389201138,0.00624147059007815
0,0.25,0.595236775236775,0.000497261544583668,0.00609973791658933,0.0188598392609269,0.0136441150487661,-0.00815545906544494,0.0106966360670327,-0.00465578715665843,0.0054179451377239
0,0.25,0.611280311280311,0.00253548905006841,0.00584396259774435,0.00584742517141732,0.0115523542727635,-9.06833302711474e-05,0.00936896587694148,-5.74877939438938e-05,0.005502741388847
0,0.25,0.595777927777928,-0.0048643067704606,0.00638546055366193,-0.0350724106424002,0.012277659617276,-0.00373388314287624,0.0117734983305998,-0.00195353071022177,0.00604594061396728
0,0.25,0.600497232497233,-0.00279246618244392,0.00606631170869935,0.00412561428462564,0.0118450119475195,-0.00588869842110187,0.0104713019522279,-0.00346152392609129,0.00594612541120154
0,0.25,0.589900273900274,-0.00254942380932768,0.00677794996927376,0.000240884670227457,0.0124240497241733,-0.0137057084237332,0.0115298444023335,-0.00740243486862831,0.00602600978052324
0,0.25,0.598027246027246,0.00855336825694486,0.00686820670392245,0.020391658506755,0.0124577022341453,0.0192439469140167,0.0107779075264082,0.0107723862958575,0.00589596287161587
0,0.25,0.597058953058953,-0.00538534918563136,0.00629550732052255,0.00389904188753027,0.0118975252730159,-0.00146280847382839,0.00956203454078857,-0.000915079386965242,0.00600459561917829
0,0.25,0.61623124023124,-0.00373230048135771,0.00578677004907568,-0.0049906490189293,0.0106149254546043,-0.0114688429210664,0.0109697960857559,-0.00642878180566444,0.00590532022982096
0,0.25,0.601068781068781,-0.00523661008619661,0.00602913403936271,-0.00158713983316914,0.0119212713742252,-0.00502367645686906,0.0108577321543893,-0.00289959059140402,0.00616759237589173
0,0.25,0.589236397236397,0.00391645841891135,0.00696630971148477,0.0167518925134146,0.013170171949059,0.00923244139975206,0.00995470617804432,0.00572475352613695,0.00688136444262071
0,0.25,0.574484722484722,-0.00758011631958152,0.00593718842486899,0.00234599560572201,0.0116551980403468,-0.0153770665724615,0.010937916240753,-0.00858721466848062,0.00585473061906445
0,0.25,0.57826595026595,0.00795196934477895,0.00615533415233062,-0.0269182324421399,0.0123758591777453,0.00719436844102773,0.0111165932785515,0.00427205641508674,0.00682642632222094
0,0.25,0.637588717588718,-5.09570580475447e-07,0.00581000803934291,0.0145896869890296,0.0100297261283576,-0.00706710744385862,0.00979445414272718,-0.00447565307762805,0.0055558502372088
0,0.25,0.618326454326454,-0.00282667160896862,0.0054474938700485,-0.0379015904664188,0.0114374246561036,-0.00575902262928859,0.00865433746877444,-0.0038173701953587,0.00589826960129205
0,0.25,0.572627864627865,-0.0100836564430332,0.00579545189500643,-0.00222011497377813,0.0122848481942422,-0.00923335436495894,0.0101619910782284,-0.00535580227867328,0.00610624888647607
0,0.25,0.591735471735472,-4.00323038218371e-05,0.00587287940998599,-0.00382123325098073,0.0119960901555976,0.00194631561463657,0.0095143573607455,0.00119396841203058,0.00599276768855792
0,0.25,0.64760975960976,0.00295826492298375,0.00691596156697636,0.0095035259945461,0.0131406925754617,0.00139160213953008,0.0103474514406171,0.000852255270569193,0.00593579312223375
0,0.25,0.570805818805819,-0.00829489150736373,0.00592181284342564,0.00482946179700802,0.01232126600878,0.00355464925049288,0.0109263872086818,0.00200971887238799,0.00639157854038676
0,0.25,0.577441825441825,0.00408117235568346,0.00690597729445031,0.000268657806247167,0.0112988737125285,0.00700491732626824,0.0110532784954607,0.00396069239649965,0.00645331777465028
0,0.25,0.578412698412698,0.00114803038142109,0.00630353745871795,-0.00308773286501522,0.0113145639810374,0.00116990808556625,0.0110986235582293,0.000664078619295896,0.00682971515399562
0,0.25,0.607531303531303,-0.00941543723893716,0.00634492711802603,-0.00635455490694876,0.0136965878979161,-0.0143549771253089,0.0102030019923613,-0.00879754277073945,0.00611944530657949
0,0.25,0.619004479004479,0.00353782979115357,0.00608284481233988,-0.00589844313071027,0.0101972026516867,-0.00288580795393706,0.0097252482758151,-0.00179498683298504,0.00612386325738036
0,0.25,0.574659814659815,-0.00441266955193899,0.00597426700282367,-0.00544470368605556,0.011293373273486,-0.0075696055195594,0.0117228428602953,-0.00418349087997649,0.00627060351798479
0,0.25,0.587967323967324,-0.00452649037943724,0.00585695406020811,-0.00223757236561531,0.0121749939984623,-0.0160351562083706,0.00929374411895095,-0.0104261627236712,0.00563788324768237
0,0.25,0.566656730656731,-0.00344717509730618,0.00624304310495798,0.00411255980429521,0.0144491123598403,-0.0137059864409311,0.0125231575199787,-0.00676133974683555,0.00599323994789176
0,0.25,0.619714375714376,-0.00821809413206525,0.00612695355446418,-0.0121995199836789,0.0106428747222983,-0.00166490049308836,0.0112307961883107,-0.000928530167703783,0.00699006985937659
0,0.25,0.618385902385902,0.00570248447516562,0.00588213234140204,0.0112267217766525,0.0136095944234069,-0.00130814066377765,0.00927257002132017,-0.000879825387240707,0.00623492619166834
0,0.25,0.579684855684856,-0.00468893598931329,0.00541080608302196,-0.0116776669573578,0.0112969085542642,0.00104779600376396,0.0103602863897144,0.00063603139170824,0.00628649512631946
0,0.25,0.556315528315528,0.0139873707406804,0.00615134089910642,0.0261630729028639,0.0133674917060731,0.0144636078433531,0.0100989221398844,0.00866762907013307,0.00604657017898057
0,0.25,0.536065712065712,0.00210180542680832,0.00613560141271172,0.00513737670861122,0.0108078077135952,0.0141769035246152,0.0134025286453257,0.0064722429354296,0.00598949020100852
0,0.25,0.562639642639643,-0.00923324502754581,0.00637082353798814,-0.00291188124640314,0.0115468385609975,-0.017203561481349,0.0113347483656074,-0.00955542674970639,0.00615521758593101
0,0.25,0.584908328908329,0.00879165283594056,0.00646059209764415,0.00596668900947894,0.0131404585371261,0.00263396173026699,0.00968776977414945,0.00171293878310222,0.00591308472219065
0,0.25,0.633965973965974,0.00413223852594328,0.00597819015035307,-0.0106105074771231,0.0132548273309562,0.0163917794276919,0.00988781035687955,0.0103496096291864,0.00619187281443279
0,0.25,0.611600135600136,-0.00319963532644425,0.00565801636212014,-0.00359833121018944,0.0113567063111605,-0.00594561576989517,0.00931821691201294,-0.0036444125238528,0.00552305665599318
0,0.25,0.578973374973375,0.00534261077951302,0.00654370281667468,0.011340561691616,0.0123342311101301,0.00810011460861453,0.00999596446025691,0.00483006400765687,0.00617935793450295
0,0.25,0.592127452127452,0.00741349803894005,0.00592778875979947,-0.00238686821494828,0.0117167259886959,0.0104977573171675,0.0104868114901518,0.00623118461597491,0.00610473944453027
0,0.25,0.608688824688825,-0.00656969822415726,0.00618718235099322,-0.0114784894916616,0.0140461515219184,-0.00278445351710204,0.00978471121367574,-0.00175909494996042,0.00596246530119213
0,0.25,0.577848397848398,-0.00216007807079073,0.00596908076848166,-0.024259981140341,0.0105712671510008,-0.00365257312079179,0.0114278132040317,-0.00192082633770667,0.00610301454172231
0,0.25,0.602871926871927,0.0120220382180801,0.00640738701460425,0.00502911863861015,0.0106761185553396,0.0169475454172429,0.00932914148226976,0.0108069171276003,0.00586388746367907
0,0.25,0.640620952620953,-0.00344248525206928,0.00605698027695699,-0.00243204873684837,0.0123389855890435,-0.0118038736791948,0.00857692391779804,-0.00815111663719098,0.00605704527077861
0,0.25,0.608671604671605,-0.00679308955155957,0.00643632935524663,-0.0108359949264633,0.0127569432846665,-0.00445914703860712,0.0105796858512554,-0.00258090428770398,0.00614599664466134
0,0.25,0.614566502566503,-0.000811420458134186,0.0053211420736515,-0.0259662559482165,0.011785363888526,-0.000939906981519957,0.0092162606389266,-0.000623990907247527,0.00539326324219882
0,0.25,0.584665904665905,0.00378265792537986,0.00644110843818651,0.00825414035476153,0.0126846309648833,0.0106630768046158,0.0113935794562906,0.00583602463409459,0.00659678223047829
0,0.25,0.603080943080943,-0.0010489257116443,0.00614755585758898,0.0070057088382972,0.0130474168924209,-0.00629851391092603,0.00979763234630401,-0.00394599013501727,0.00628945486860146
0,0.25,0.66235007035007,-0.0035393829823085,0.00594282825976975,-0.00057778671345771,0.013129149723176,-0.00394576402728737,0.00914394020815052,-0.00255675303362408,0.00557501226515091
0,0.25,0.604116196116196,0.00285436010756637,0.00604341873381332,-0.00704533483867734,0.0128600451557862,0.00236840831763504,0.0109474839217362,0.00136879216842215,0.00600289536496728
0,0.25,0.572327672327672,-0.00153168077025587,0.00493355384005115,-0.0108099261965477,0.0101477202051117,0.00509368026287567,0.0106948984259597,0.00268554210562094,0.0050562369502073
0,0.25,0.587975447975448,4.70978664365638e-05,0.00610654163582693,-0.00921668162031765,0.0106893551640739,-0.000201954373879265,0.00954598038606593,-0.000126578406921528,0.00605131710084798
0,0.25,0.595789531789532,0.00238182611492087,0.00603055324175735,0.0070811297136113,0.0133362215881952,-0.00207230598418016,0.0105951133349768,-0.00115876328979758,0.00583438817061227
0,0.25,0.578273702273702,0.0055802057061644,0.0057800293980807,0.00118031251146932,0.0110825959807332,-0.0130833933017788,0.0110383859091893,-0.00731346697887071,0.00604819003440519
0,0.25,0.558238578238578,-0.0163057362854691,0.00607679413542641,-0.0230555526810146,0.0125170372349958,-0.0159265999748096,0.0102990239087957,-0.00937632151041414,0.00663215271510204
0,0.25,0.599652767652768,0.00543542284361192,0.00609369157801363,0.0113940550860242,0.011215292582197,0.0160963020655612,0.0108342777848449,0.00904512955486955,0.0061774406435075
0,0.25,0.630932418932419,-0.0095555170790503,0.00602782793144843,0.00765260345620151,0.0119664961642628,-0.00878265232058988,0.00883852477793415,-0.00597662064319225,0.00586384236715242
0,0.25,0.581998841998842,-0.00471749672298832,0.00610394289791322,-0.00770827707684297,0.0122399902586033,-0.0184432182548241,0.0120168892726319,-0.00994385142004737,0.00594096936431972
0,0.25,0.60579650979651,-0.00706499591255421,0.00591443658877529,-0.00882694116808324,0.0120992126985706,-0.003071136829369,0.00893642285046821,-0.00201080605920632,0.00596047270146337
0,0.25,0.601690417690418,-0.000929150762962874,0.00639415997404015,-0.00972923230585386,0.0114912947165194,-0.0107076009054882,0.00915958173170011,-0.00659105855040136,0.00565449533643695
0,0.25,0.570756438756439,-0.00132592939589715,0.00540615587466222,0.00831189149258425,0.0104153063319333,0.00572799355102178,0.00915941545868423,0.00365037938967718,0.00570914878210672
0,0.25,0.587900087900088,-0.00557170750509196,0.00629825181179882,-0.0109283883974795,0.0126706823056514,0.00278841799204523,0.0114471561533823,0.00143216845223823,0.00561466416369262
0,0.25,0.605851601851602,0.0139011540176555,0.00558850829153247,0.0171581580098503,0.0117022537105755,0.018655895756427,0.00973308694303103,0.0109576061674817,0.00598120825290982
0,0.25,0.611882243882244,-0.00486541595874099,0.00577997000098949,-0.00815027377051001,0.0103778367562988,-0.00815926218196892,0.00943985643723717,-0.00521970337059565,0.00598252176191769
0,0.25,0.612106692106692,-0.00611539642448183,0.00590253428013232,-0.0140259481849407,0.0114814341335109,-0.00969620978005959,0.00864776937503848,-0.00643727091769943,0.00546344739850519
0,0.25,0.547490263490264,5.66908969675905e-05,0.00599072534974816,0.00300835379501975,0.0108969990489831,0.00657685610061531,0.0119115734481014,0.00332834727914271,0.00651861384179673
0,0.25,0.577576621576622,5.50767542418693e-05,0.00601976887143554,-0.0106239853080823,0.011013093467552,0.000426142894344908,0.00992919656353255,0.000269804754022762,0.00619534605180313
0,0.25,0.572659784659785,-0.00832000078720966,0.00639751811793293,0.0093951043434927,0.012847874704369,-0.00442789579759447,0.0100815302088759,-0.00266355296020138,0.00626755850467617
0,0.25,0.604230724230724,0.00451994314633487,0.00559293780716178,0.0116486323113089,0.0106599260983737,0.0135486747296503,0.00904187156771116,0.00886350931005989,0.00613572112076866
0,0.25,0.609704601704602,-0.00482734801352597,0.00628252724517028,-0.00958845360793482,0.0112687443214695,0.00808309459961721,0.00955360537799842,0.00516336328270532,0.00636659124145113
0,0.25,0.590569334569335,-0.00011017240621235,0.00589733183664703,0.00339526754600195,0.0112020398467749,-0.00268613794412852,0.0114420353994253,-0.00143096446777786,0.00587616969991632
0,0.25,0.562691002691003,-0.00198737360779056,0.00652872786187229,0.00123445868859938,0.0123751024850905,-0.00262958466041024,0.0104794788613429,-0.00147117522563651,0.00593098725346471
0,0.25,0.58214091014091,0.00149467795904639,0.00588291567802088,0.0178151516195051,0.011407049017406,0.00420638658947488,0.00967592419241378,0.00265519240084706,0.00608738782006759
0,0.25,0.607243291243291,0.000726710283277003,0.00559377694369142,0.0107722862710739,0.00999549792814894,0.00990835535396051,0.00938242456149034,0.00612015148285407,0.00601613067145833
0,0.25,0.605119685119685,0.00237739306341279,0.00610072028344857,0.00342762811254609,0.0110462609889705,0.011574534663364,0.00951419371039353,0.00685018838882405,0.00623639837841859
0,0.25,0.609828381828382,-0.00413053647391273,0.00603337085154577,-0.00883617617803674,0.0137841059623571,-0.00668317169298854,0.0102626540113157,-0.00403216523487638,0.00605263661848604
0,0.25,0.587073803073803,-0.000419057203346791,0.00614170312393329,0.0182380329511819,0.00971796621198077,-0.0210077454210861,0.0104388933921437,-0.0121535711711167,0.00551424974871077
0,0.25,0.584132888132888,0.000761731987721994,0.00654772170048064,-0.0143549572014269,0.0105545856358371,-0.00770104451816386,0.00892026469021011,-0.00511730558915422,0.00576831083912981
0,0.25,0.620716448716449,0.00604302365371951,0.00653790433254428,0.00218997106150206,0.0114792514733042,0.00698917237703727,0.00957074744312016,0.00472714634405077,0.00675654436895494
0,0.25,0.563378699378699,-0.00905320919445695,0.00637720223710199,0.00404143887719108,0.0108519600723578,-0.0216695511625535,0.011315131244241,-0.0117789552984855,0.00612921065732641
0,0.25,0.572827652827653,0.018691673956572,0.00588997834448132,0.0189631954870742,0.0115531658922809,0.00645313771704631,0.0094909527426868,0.00407440021806252,0.00626033629979825
0,0.25,0.595445455445455,-0.00327783579308193,0.00617212572893477,0.0111849221253226,0.0118356396437805,-0.0234390223065855,0.0100699099189739,-0.0142601697393157,0.00609177810844884
0,0.25,0.595072795072795,-0.0168955415026731,0.00598857672358321,-0.017234700794142,0.0106069529859917,-0.021346360632738,0.00980540938361955,-0.0129857359635411,0.00616398812178434
0,0.25,0.604675192675193,0.00963681407937484,0.00579819385346528,0.0132419864048292,0.0125623282262929,0.00577019948560007,0.0107098884746532,0.00330413206969664,0.00594861670943763
0,0.25,0.588875964875965,-0.0124068174292961,0.00584788698553038,-0.00507267931640885,0.0114666946818866,-0.00924031399974287,0.010351055474724,-0.00566125320597532,0.00650000169466764
0,0.25,0.586132678132678,-0.00427638054461405,0.00613358904843921,-0.0108950344958303,0.0102583528995886,-0.0099738848327957,0.0104918577968469,-0.00566325758350036,0.00604206490236794
0,0.25,0.620555468555469,0.00310412429672248,0.00701017057473294,0.0091002568038967,0.0114612664366965,-0.00491991233037818,0.00925190446300253,-0.00330496211731874,0.00663910613938083
0,0.25,0.57650772050772,0.00159431877448036,0.00553481739294544,0.00629693772223551,0.0120065957275587,-0.00802761749735461,0.0120822700990499,-0.00401743507969666,0.00562842021416361
0,0.25,0.596052548052548,-0.00699127582508643,0.0065761254645159,-0.0125132548368109,0.0110084906946827,-0.0109862484780698,0.0118490281456568,-0.00616369112192873,0.00640745501358424
0,0.25,0.551413259413259,0.0136146581888196,0.00613510005010591,0.0293286789991834,0.0153656001023076,0.0165125176276838,0.0108199505298464,0.00894131535101374,0.00593062096246897
0,0.25,0.573826245826246,-0.00302009960080966,0.00634054436015812,0.0109573434198248,0.0139864900248482,0.0030018987247727,0.0113066370368875,0.0015551432342794,0.00573051723787777
0,0.25,0.596036348036348,-0.00342897933890694,0.00592695383831066,0.0134794919236827,0.0127937787363937,-0.00495302143459968,0.0103272242304504,-0.00289397561369527,0.00611047116286759
0,0.25,0.576814128814129,-0.00811970022133426,0.00542904768461158,-0.010977234333135,0.0122225988061366,-0.0157900261383852,0.010819603808137,-0.00842856336928884,0.00556735030302755
0,0.25,0.609914277914278,0.000228786887857779,0.00590863275713449,-0.0053217137942957,0.0112883143830761,0.00600314222532365,0.00923070675791321,0.0038359002783574,0.00594061602934415
0,0.25,0.574837774837775,0.00729336451576358,0.00597586155269025,0.0180199848402459,0.0124500089526744,0.00876532064744039,0.0110424289325147,0.0049690778534259,0.00616447289488087
0,0.25,0.581485193485193,0.00420235490845246,0.00528774399021773,0.00324308997211725,0.0138990713530949,0.00794102636058022,0.0097818776710279,0.0047822686469693,0.00592889625859281
0,0.25,0.595932223932224,0.000659523049540903,0.00593968250530001,0.0183950556249562,0.013893700084717,0.00289711607061402,0.0106006291937882,0.00169751412438817,0.00624216433329005
0,0.25,0.595491403491404,-0.0010320420067985,0.00606008971949936,0.00680879800244984,0.0121197393311083,0.0070073667169674,0.00981170244400898,0.00420160368339579,0.00594366599072209
0,0.25,0.604477336477336,0.00475417202093906,0.00579804511769171,-0.00081551101141503,0.011224897625062,0.00718172523090431,0.00971611442606913,0.00450243461661998,0.00553629685281489
0,0.25,0.595333075333075,-0.000964440867245693,0.00568163717031537,0.0189641554226176,0.0130259915676571,0.00107555572350411,0.0103241021862464,0.000644472372197765,0.00616621236842678
0,0.25,0.594192042192042,-0.0115143708562034,0.00613420562667118,-0.0147188137748948,0.0167587859900469,-0.00727677472778895,0.0109917141901954,-0.00427480797829449,0.00603982293000013
0,0.25,0.576244392244392,0.000707120769163522,0.00597350418389756,-0.013928528785597,0.0120411834755225,0.0152545269200801,0.0100644234310378,0.00907822161229521,0.00618793213496585
0,0.25,0.57428341028341,-0.000217665857545048,0.00606299833324632,-0.00583542977293641,0.0104843802529454,0.00697646469973251,0.0116810076685529,0.00376347455092037,0.00621957110139278
0,0.25,0.579072963072963,0.000366646185727962,0.00650871255124318,-0.00824191245744719,0.0157157366503024,0.0151954321735264,0.0116058629686351,0.00822684656867955,0.00593522161622658
0,0.25,0.595333735333735,-0.004017067692035,0.00654096679462193,-0.0133261632427704,0.011986424563006,-0.0110740848385027,0.0113013197326274,-0.00624259846993136,0.00654735660305707
0,0.25,0.593117225117225,0.0086293969870861,0.00657948722170097,0.00837915582921322,0.0114551736375838,-0.021208918966436,0.012069161849319,-0.0110915483874197,0.00609853715644866
0,0.25,0.63425053025053,0.00305406879147124,0.00599989421946715,-0.00423658754313806,0.0117666045751395,0.00239530979140561,0.0095926816356886,0.00144738185201201,0.00594563947844201
0,0.25,0.590127422127422,0.000853115731186092,0.00683089021645725,0.0271197997190419,0.0125299579021923,-0.00177223402846912,0.0106272462216488,-0.00101532927174506,0.00620614083999269
0,0.25,0.606682602682603,-0.00274634170666319,0.00590558804985628,0.00447182493544705,0.0123782222272557,-0.0119897845850863,0.0114418226508914,-0.0065391640478367,0.00570635049101536
0,0.25,0.622707070707071,0.00528336911431605,0.00659044567697374,0.0152619902190572,0.0122386215174778,0.00283033509973497,0.00942680641809752,0.00188759911599161,0.00623209796277599
0,0.25,0.550554646554646,0.000644682427812895,0.0058096366897945,0.0153761544084975,0.0105909337322073,-7.15833281950149e-05,0.0113235035345188,-3.66863017705308e-05,0.00578860039154167
0,0.25,0.590463614463615,0.00952881888191084,0.00555703391841006,0.00935183476530055,0.0122544430946434,0.0141431660653502,0.0109643792217141,0.00780123306803976,0.00520165430135721
0,0.25,0.59243566043566,-0.00701578178999394,0.00610726477353954,-0.00493020900254479,0.010111490484835,-0.0121452160108367,0.0103543881777511,-0.00684111320339671,0.00582825903478446
0,0.25,0.569140973140973,0.00841612185464456,0.00584362855706257,0.0303732224222009,0.0122781410960624,-0.00665170558983697,0.0107119104149394,-0.00385473449361448,0.00659003374115288
0,0.25,0.602450114450114,0.00132836064535675,0.00587163538756525,0.026760517332436,0.0114106755617118,-0.001422669211681,0.010158466476462,-0.000845647498114646,0.00598462237495699
0,0.25,0.579697251697252,-0.00893366294933408,0.0060127052824769,0.0105623289744658,0.0125777832257817,-0.00756029659171325,0.0118695157282652,-0.00402446221026429,0.00604416167854161
0,0.25,0.590471306471306,-0.00083699796534943,0.00582267531968285,-0.0144044443264544,0.0117629491679991,-0.00803215175017939,0.0106307873425896,-0.00458356893763764,0.00627043734482233
0,0.25,0.608257352257352,-0.00208265767639133,0.00588285224476917,0.0073988049126747,0.0121964326332558,-0.00757500623380705,0.00980704699382051,-0.00461392106094654,0.00597405242992914
0,0.25,0.607615675615676,0.0054956742403084,0.00607325689514513,0.00900232724183236,0.01372654708443,0.000697011986836902,0.00984802621370669,0.000425755260988363,0.00584490214005091
0,0.25,0.585826557826558,0.0150534749030051,0.00591226913348475,0.00396088309282075,0.0103753864228455,0.00769995520261123,0.0101504499410776,0.00463913796192587,0.00639372683128654
0,0.25,0.584794964794965,-0.000399889165472894,0.00579691659823117,-0.00377560818525327,0.0102983561369817,-0.011887029262322,0.0100400287332492,-0.00709944623635883,0.00537656776158019
0,0.25,0.589510129510129,0.0011287564500489,0.00613112879353125,-0.0105528901358651,0.0112263772168677,0.002769644248989,0.00956688546753559,0.00179163378411689,0.00559956983914715
0,0.25,0.578640182640183,0.00486586722010461,0.00610590127401184,-0.0052159239551971,0.0123990086740349,-0.00823428133220345,0.00943329920156163,-0.00511589697264684,0.00590080210484736
0,0.25,0.573535677535678,-0.000797425009121506,0.00608414960312873,0.0051050725412588,0.0117794970800205,-0.00154408224259749,0.0101574509507691,-0.00094180155142729,0.00652260949747985
0,0.25,0.59773140973141,-0.00756079923139283,0.00594183304085991,-0.0184347524403507,0.0102109360008791,-0.0119755377153221,0.00989128212041472,-0.00719611651120407,0.00570193402857219
0,0.25,0.597669345669346,-0.00497362031128355,0.00649153663311267,0.00551299082023668,0.0112431240249451,-0.00421751199720958,0.00916547417456568,-0.00275334938899967,0.00558771869587034
0,0.25,0.582629910629911,0.0105580183253553,0.00592007081087034,0.0117443891665111,0.0126347474759364,-0.000535112045737415,0.0101074355070802,-0.000337609120000028,0.00641106620587704
0,0.25,0.574488802488803,0.00252116416124167,0.00602355144568222,-0.00276659835080966,0.0127215562378261,0.00406504969479197,0.0113833265914329,0.00220342164232568,0.00614284204464938
0,0.25,0.598649890649891,0.0067458629958423,0.00621467422126248,0.0197672463325454,0.0118294773413105,0.00702182566649067,0.00963561950827864,0.00423668507637528,0.00563333063693222
0,0.25,0.581417069417069,-3.33620359580189e-05,0.00564086818422641,0.00821391178331095,0.0130526093054927,-0.00336265212981429,0.0110971888915834,-0.00177342971278392,0.00597918390052804
0,0.25,0.568750600750601,-0.00770968039340591,0.00614767760160283,0.000270108990948175,0.0111597114138716,-0.00706136726460852,0.0107170340268366,-0.00404109497247596,0.0061407283882187
0,0.25,0.582724314724315,-0.00326382888593155,0.00604789536751934,-0.000336545865485402,0.0118064955188309,-0.0157997300755051,0.0103890107553938,-0.00932787458863977,0.00634938573805043
0,0.25,0.591498255498256,0.00632274393281425,0.00595269043598599,0.00876021322414459,0.01195955332285,-0.0109685192601487,0.0096020350354808,-0.00712380495342487,0.00640038790902304
0,0.25,0.58012558012558,-0.000894288890571361,0.00715879147185507,-0.00808046320922906,0.0130932752105917,0.0127099657389754,0.009701416028051,0.00814400880486167,0.00676642572497895
0,0.25,0.578641562641563,0.00923541385209689,0.00627749893813095,0.0109120531829961,0.0133080986099359,-0.00380857876083464,0.0109771322696917,-0.00213687748105009,0.00588812843058288
0,0.25,0.578467346467346,0.0100622853485637,0.00618087977861777,0.0195406400061484,0.0115890422778896,0.00974736921620347,0.0108240966679932,0.00554240334890562,0.00665029912864667
0,0.25,0.607674667674668,0.0128911014631717,0.00546570995786361,0.0253261385451486,0.0108252309188739,0.016508170203876,0.0088072382638576,0.0108450253394793,0.00569404092599481
0,0.25,0.591641955641956,0.00284249200824316,0.00561568206414801,0.0299556852030743,0.0132954811236997,-0.00335225679285023,0.0103100840094199,-0.00195861028855241,0.00608732538845881
0,0.25,0.583582951582952,0.00505898676456421,0.00622107328004047,0.0209647606973743,0.0103228845955166,0.00811147791805645,0.0101481099339136,0.00491475252121522,0.00620018081406761
0,0.25,0.607558483558484,-0.00585841978565765,0.00619278754257516,-0.00201597866112166,0.0152837196982622,-0.00774014514144129,0.00979171458196711,-0.00488167647480962,0.00675126768711389
0,0.25,0.58564284964285,0.00806811691359714,0.00589788648320409,0.0102812449769091,0.0117960016899088,0.0101983937215733,0.0104310737100706,0.00586266014067161,0.00621871609169923
0,0.25,0.566145134145134,0.00271392758300378,0.00625807608515169,0.0158174722826009,0.0131469828583484,-0.0147498618890263,0.0105552879337446,-0.00882945334595337,0.0061229729440241
0,0.25,0.625703761703762,-0.0143364982066093,0.00545335349400775,-0.0121832759555916,0.00985847712272803,-0.0148149105191203,0.00881612192578472,-0.00993491701221202,0.00599215959325654
0,0.25,0.611833583833584,0.00741802997064549,0.00610557651332818,0.0179467193421443,0.0118340222235129,0.0141290096117114,0.0101529236521299,0.00847764857338091,0.00620831146905168
0,0.25,0.567216615216615,0.000466171082979262,0.00618477542520477,-0.00885956563580779,0.012520715466467,0.00411627609818509,0.0113544721494173,0.00231947823968472,0.00625122719697392
0,0.25,0.553960897960898,-0.00933518581404204,0.00583910819322895,0.0171410638029518,0.0110177319036781,0.00981458561545081,0.0105125568047364,0.00558804058761433,0.00589505611555549
0,0.25,0.584200064200064,0.00496275479845806,0.00635638033351533,-0.00737653177143201,0.0112183437776833,0.0127892076246125,0.0108859311718703,0.0073707625418245,0.00627446426531653
0,0.25,0.564485712485712,0.00704988835782716,0.00659493891979725,-0.00359918254932893,0.0123378975174127,-0.000858016722525889,0.0122692245832608,-0.000460739674014457,0.00657909950310084
0,0.25,0.584541212541213,0.0116088257066397,0.00548265564828935,-0.00592761101699115,0.0124420248822453,0.00526868905613441,0.0110202719822226,0.00280460708316993,0.00576249682151732
0,0.25,0.629053565053565,0.00193077028083464,0.00588945578802048,0.0104808356802077,0.0114548854335619,-0.00471505512012104,0.00934894881207054,-0.00304011674826962,0.0060300431446167
0,0.25,0.568036492036492,-0.00522949322894942,0.00587797271508811,-0.0101352010996809,0.0125285090894127,0.00639435831354216,0.0106237117853415,0.00362670729577779,0.00547636656708205
0,0.25,0.582260754260754,-0.00132232344105517,0.00620165764641291,-0.0094096015731555,0.0127052653189851,-0.00811779598986072,0.00992377387973664,-0.00500759293382435,0.00660706175208133
0,0.25,0.59555353955354,0.0108048960530307,0.00592835090584011,0.020297887051041,0.0129811600785043,0.00596860880665835,0.0105401063667426,0.00348163433681801,0.00611483670868227
0,0.25,0.597131841131841,-0.0052155212900281,0.00601099786411879,-0.00446816456660895,0.0111432348606808,-0.0055607406678648,0.00989835107936503,-0.00341571859396114,0.00630405228352778
0,0.25,0.613086517086517,-0.00152079567757782,0.00574261315288711,-0.00369905495167009,0.0118237125554599,-0.00197793557318047,0.00901369671233448,-0.00130514020491021,0.00635158344717956
0,0.25,0.570722598722599,0.00694954442432015,0.00575541150812029,0.00976484917799039,0.0108820285373556,0.00493185692133353,0.0105660679407154,0.00268794547429558,0.00579566005661844
0,0.25,0.580631836631837,0.000550800123824402,0.00547984498939326,0.00747051403191931,0.0122591519874519,-0.0162771099316369,0.0108502813327303,-0.00881612288540058,0.00624501633995235
0,0.25,0.597410637410637,-0.00228748104548909,0.00593726219543276,-0.00741315269532203,0.0127333636055817,-0.00484479850753828,0.00923543239730135,-0.00303932650126882,0.00573634786388084
0,0.25,0.627520035520036,0.00641378376561286,0.0054150283943345,-0.00553995365906527,0.00875146626340483,0.000760506437824877,0.0111070834775193,0.000423478369915826,0.00592862172029983
0,0.25,0.626700554700555,-0.0108880433071141,0.00604390099878606,-0.0100234428723234,0.0112920468986585,0.0052587285060038,0.00933353212986789,0.00337358986004047,0.00638827201893046
0,0.25,0.60375321975322,0.0119688087535511,0.00589262805936442,0.0192562344199298,0.00991212387808611,0.00285294765334899,0.0103913887215723,0.00165288875936004,0.00621008975565132
0,0.25,0.587634515634516,-0.0173382573011108,0.0064591151853389,-0.0266737303067605,0.0143792281745156,-0.0231307621957532,0.0107416634196534,-0.0142626235403181,0.00655956218166893
0,0.25,0.597646941646942,0.0131979083887483,0.00599256467166369,0.00818977198897115,0.0120997872086452,0.00905437977957277,0.0100495498222428,0.0054027794000577,0.00586130915343942
0,0.25,0.594979194979195,0.00823615409428943,0.00647063193453712,-0.00165208176652844,0.0142469471912366,0.0156357842758194,0.0100912721418691,0.0101258776490511,0.00656089192093633
0,0.25,0.552478692478693,-0.0114393665095673,0.00611038267931834,-0.00486467211861031,0.0145350478965851,-0.0232450406772324,0.0103407370554254,-0.013304102042271,0.0060176589801081
0,0.25,0.606377106377106,-0.00615355859024303,0.00642058608532777,0.0130245860516938,0.0129787151497159,-0.00194728001995924,0.010831813131062,-0.00109003138862665,0.0060181002654593
0,0.25,0.587161091161091,0.00176876988031653,0.00634684382931032,-0.000944179696973271,0.0128642385168303,0.0022184764761092,0.010406915496437,0.00128518506799707,0.00596900759566836
0,0.25,0.568754008754009,-0.0127878286918598,0.00619204926129439,-0.021976208383314,0.0139004988610596,-0.0138618527619203,0.0104960476507312,-0.00786635004117045,0.00597333577114044
0,0.25,0.575797283797284,0.0149056506775778,0.00601271817666537,0.0128761473634493,0.0104494585293299,0.00622614471896105,0.00953179819955949,0.00376487719539087,0.00609529599011385
0,0.25,0.587912123912124,0.0019431402419575,0.00607984009724476,-0.00762985243074218,0.0127648226269956,0.00571587839505576,0.010393975582342,0.00331527801780651,0.00624679718176967
0,0.25,0.584338772338772,-0.0019087894866869,0.00609372784497625,0.00652619459333545,0.0136933052717557,-0.00650241422072797,0.00992669371982583,-0.0041284260561821,0.00622487894030456
0,0.25,0.594798342798343,0.000573829078992285,0.00658269001410014,-0.00140372233598165,0.0124425782214063,-0.00564206153213672,0.0106301309081306,-0.00330847499953091,0.00640886840138229
0,0.25,0.589301077301077,-0.00439171769843941,0.00624031349367935,0.00264972912200725,0.0113950603865086,-0.00833317610986281,0.00993634703121085,-0.00506762806040091,0.0057594800016085
0,0.25,0.585713781713782,0.012794343506049,0.00584998560824388,0.00191247199062556,0.012327275212591,0.00757989111315156,0.0118908899059714,0.00390866361906525,0.00574735305083601
0,0.25,0.591656163656164,0.000438441428840628,0.00579862057695925,0.0160553487794224,0.0127517568206641,0.00833648722829492,0.0115104921660369,0.00457425669342063,0.00582685825519901
0,0.25,0.594053382053382,-0.00347809674410014,0.00564174688869509,-0.00180885146549929,0.0123756635570649,0.00568944011327509,0.0101097570816958,0.00350586839867161,0.00613290171137503
0,0.25,0.605220377220377,-0.000668058659257049,0.00604427666215306,0.0115033253154263,0.0112632584743885,0.00509020047362425,0.00922710358776868,0.00326754963332103,0.00593309004741985
0,0.25,0.582200358200358,0.00188576543273439,0.00596698892027224,0.00511721548271954,0.0109251567791822,-0.00388460046167385,0.0104317132181702,-0.00223111732105044,0.00583730346725053
0,0.25,0.626637230637231,-0.00285192298945256,0.00612505992215657,0.00515431785549943,0.01304816711619,-0.0030836720072127,0.0100390391303653,-0.00189346903721698,0.0057206235039253
0,0.25,0.606498618498619,-0.00360875516811309,0.00596926754346395,-0.0207232560295444,0.0133874982892499,-0.0047645902239312,0.00920828134359816,-0.00312939630498835,0.00617338744243044
0,0.25,0.567517671517672,0.00198423667837748,0.00589087884278376,0.00816963376715197,0.00839126083653725,-0.00731433604709406,0.0101159528773786,-0.0042862079084168,0.00570814533282992
0,0.25,0.622116658116658,0.00442773442500979,0.00646856897461937,3.19084616818445e-05,0.0113856656896524,0.00538409104051056,0.0101316045118417,0.00337831622563481,0.00636388938641848
0,0.25,0.626673662673663,-0.00168719122479072,0.00612090854825902,-0.0139774027209011,0.0132961039087374,-0.000903060886083247,0.0101127479112841,-0.000558618369340225,0.00628074900390769
0,0.25,0.571760791760792,-0.00534416929531891,0.00627097202556685,0.000873327669255046,0.0137344191802375,-0.00849554277283664,0.0104247605558321,-0.00508569550341456,0.00673271286393778
0,0.25,0.612398016398016,-0.00551577682914821,0.00600511352967723,0.00169764440795572,0.0128583387562284,-0.00763633751218196,0.00998056645418064,-0.00446630732303133,0.00546514019360945
0,0.25,0.575431883431883,0.000276804935502577,0.00601463913429148,0.000219666118011958,0.0124963966800169,-0.00103401648130443,0.0102319728536623,-0.000637500595158801,0.00600742738225563
0,0.25,0.564834480834481,0.00510670986723649,0.00546467333222599,0.00843970793267994,0.0121841792421512,0.015064716519847,0.0108582366417365,0.00843634896962802,0.00613255472123607
0,0.25,0.609734037734038,-0.00704730580679946,0.00615384282095695,-0.0141340178000732,0.0142592662296319,-0.00219708056343337,0.010680384142857,-0.00134291172254575,0.00633815336653528
0,0.25,0.598616122616123,0.00603946893102191,0.00574541240338308,-0.00686772470531616,0.011974069523222,0.0040426857285401,0.0100487183223993,0.00241469411171675,0.00554915690538032
0,0.25,0.577998097998098,0.00970395780788166,0.00565755519523178,-0.000436398256928493,0.010813579537586,0.023228518172869,0.0119181462518011,0.0120242397887208,0.00590132874914891
0,0.25,0.603277707277707,-0.00330666818556824,0.00616476437350937,0.00321537807929454,0.0120096289811153,-0.00160366977640299,0.0101808637282765,-0.000960500158016934,0.0056548648658138
0,0.25,0.620111996111996,-0.000189210133582903,0.0061042744906216,0.0103122830200663,0.0108737134314638,0.0133776820089466,0.0100365623773844,0.00815543755097298,0.00576341578805223
0,0.25,0.593941541941542,0.00821882488708923,0.00585416590309088,-0.0026938776724993,0.0124716997155635,0.00418924929147525,0.0107671702581158,0.00235592865147328,0.00572764774370343
0,0.25,0.612579420579421,0.00456961308227817,0.00609362673227578,0.000930703685433905,0.0119213117180364,0.00332941485510899,0.00925121722331784,0.00221153926371317,0.00604355781821094
0,0.25,0.587762051762052,0.00651195075967026,0.00568321786532982,0.00419387092044549,0.0128850385382015,0.00452583590808469,0.0111051222599967,0.00241380551186326,0.00581013134621781
0,0.25,0.540669432669433,-0.00120106251951244,0.00644338513052451,-0.000955941673117895,0.0135851192295094,0.00789592444508148,0.0120171983419811,0.00419322702111002,0.0062896893545623
0,0.25,0.609826281826282,0.00325644555936895,0.00650849261878146,-0.0122785061871217,0.0108729455364811,0.00199759499271043,0.0096513156385622,0.00128591954714766,0.0067016938722538
0,0.25,0.588230544230544,-0.00844104320607317,0.00569293762020811,-0.00118694505303787,0.0111413520949076,-0.00392408801131832,0.00917501268833921,-0.00251390683027878,0.00585929780298712
0,0.25,0.616296544296544,0.00550534968994157,0.00575428462557441,-0.00889450976381946,0.0116801623299716,-0.00313796710068473,0.0107013779611548,-0.00178789366198985,0.00611319663819338
0,0.25,0.587197667197667,0.00934054482032632,0.00602997391729065,0.00561419428711012,0.0104489352048245,0.0110914810941703,0.00989648785217887,0.00684708175629477,0.00584441083560562
0,0.25,0.608893784893785,-0.00168737705117533,0.00610387516175611,-0.00503717416271499,0.0119574658445244,0.00784707678685868,0.0107306278272585,0.00444349579843361,0.00616032162443947
0,0.25,0.587490203490204,-0.0115932446424061,0.00586458558817277,-0.0129538606017261,0.0126891909479035,-0.00377030761171129,0.011420652532478,-0.0020916509927124,0.00629481379811773
0,0.25,0.620680688680689,0.00520757686517916,0.00562739509071451,0.0186024814780542,0.0129730139413063,0.00394121186473508,0.0102326713367662,0.00239582843294386,0.00608014931764118
0,0.25,0.605233517233517,0.00144244191001942,0.00558468879478627,0.00889747804630996,0.0104170526296734,0.00596803342119202,0.00955879456850276,0.0037411581580371,0.00590813573855006
0,0.25,0.611196083196083,-0.00664094589358147,0.00667999441546145,-0.0210782027895149,0.0112454176658635,-0.00235947078990039,0.0114896076267853,-0.00130765831579605,0.00606985179918069
0,0.25,0.605468573468573,-0.00990887993531703,0.00635129548709778,-0.0247017476894778,0.0131919653448646,-0.006719825508848,0.0107220871411571,-0.00398535349247613,0.00680699442944162
0,0.25,0.611879543879544,0.00853895367518247,0.00633034396792344,0.00188662938631743,0.0128154092008441,0.00775338693989128,0.0101247866651867,0.00465081318206294,0.00570412151162774
0,0.25,0.548936492936493,0.00527142889267548,0.00631935462575418,0.0144066246357074,0.01378294941075,0.00136985567897189,0.0112334506017246,0.00075699490018666,0.00626499048095096
0,0.25,0.56352167952168,-0.00414560421456905,0.00560304338689141,-0.0224055021360044,0.0108875746655766,-0.0109961436991534,0.0100792400253856,-0.00649830891978483,0.00507964169347425
0,0.25,0.596694860694861,-0.00385339469931519,0.00605659892178459,0.00113845350765207,0.0121408882403707,-0.00744581001897576,0.0105067936656775,-0.00447030368310721,0.0060333070113614
0,0.25,0.581723633723634,-0.0045342429792312,0.00656472078983281,-0.00782877773244032,0.0121848798702305,-0.00892995369061839,0.0101601432529562,-0.00541496965598498,0.00618879152912133
0,0.25,0.609613533613534,-0.00433471944414792,0.00608883467046952,0.000404631914559822,0.0118437872848855,-0.00334432765793478,0.00981485663326305,-0.00204586458249019,0.00579322401908366
0,0.25,0.598060666060666,-0.000854061087742479,0.005799728659527,-0.00182232695700777,0.0130003277761124,0.00955999586274309,0.0100242126271028,0.00580573565485709,0.00639630322790508
0,0.25,0.593321537321537,0.00371141177850194,0.00562029032573174,0.00637370354714167,0.0105968245543645,-0.00114872450031823,0.00971693337756335,-0.00068832811306161,0.00590228997127272
0,0.25,0.603148155148155,0.00322204142140914,0.00588422065274777,0.0139578859328629,0.0109512325684645,0.0307227259874981,0.0112297834875235,0.0170221981856821,0.00582100192846585
0,0.25,0.588008028008028,-0.00101252374509693,0.00659052790696582,0.0140132881996388,0.011537549243649,0.00855328524427185,0.0104675409357571,0.00511761552046005,0.00656502329605542
0,0.25,0.617168069168069,-0.00729604298200694,0.00514405195720624,-0.00394757329064292,0.0122943394336831,-0.0151915172788229,0.0110534025414688,-0.0080922166792092,0.00609067048843717
0,0.25,0.582170106170106,-0.00548130594625989,0.00620830682657468,-0.00795559441411091,0.011524826598613,-0.0176159015290126,0.0112748453042223,-0.0094359181416548,0.0055359949766216
0,0.25,0.574729594729595,-0.00271898366633306,0.00549136391269409,-0.00386293165196024,0.012742946984114,-0.00554365222168726,0.0105711357388195,-0.00316495972926624,0.00556486947337001
0,0.25,0.599408375408375,0.00411229322837936,0.00627129499923344,0.0171450085715594,0.0113851085765331,0.0021072436968398,0.00975549638794229,0.00126195769264112,0.00596708925350387
0,0.25,0.565615045615046,-0.00330351577820523,0.00598902166546984,0.00862032823565027,0.0113723786620312,0.0223287329669579,0.0109804480397239,0.0127113487119829,0.00634727251525614
0,0.25,0.586542466542467,0.00186429810662462,0.00637928946716405,0.0060051696966311,0.0112608755533873,0.0160370791279649,0.0108787918522975,0.0090794432731088,0.00551773700367088
0,0.25,0.585908505908506,-0.00530096106944835,0.00572993268853852,-0.0192257644698685,0.013172955164712,0.00340146191132884,0.00980084060468272,0.00208870999699906,0.00577187173360106
0,0.25,0.605351957351957,0.00377800917966993,0.00624530034440354,0.0107764488554993,0.0130571462762739,0.0120187003399875,0.00954484245230827,0.00778747467751951,0.00635902606545259
0,0.25,0.580517800517801,0.00289854244750719,0.00624721866016732,-0.00578837087924105,0.0139076877431656,0.00141431144166533,0.0113632551709961,0.000798429590860959,0.00645892574028262
0,0.25,0.595551271551272,0.00355243522893238,0.005980589732783,-0.00617709000110348,0.0115109452932988,-0.0101611687156841,0.010869163668041,-0.00584269390633031,0.00617312400263384
0,0.25,0.619247779247779,0.00303450128502485,0.0061650438018361,0.011216696466422,0.0135730180272251,0.0159801910379134,0.0103141310339472,0.00942116722291964,0.00616923052229023
0,0.25,0.603475035475036,-0.00594919338048159,0.00624566620621547,-0.00653522147364469,0.0125208369675095,-0.00719825903834554,0.00987401370463248,-0.00445975619882372,0.00616265200490213
0,0.25,0.606334734334734,-0.00384991200714097,0.00639735106480966,0.00700942567876081,0.00921587759653335,-0.0170280124882795,0.0106762046222831,-0.00999694146159468,0.00604638104326896
0,0.25,0.572886188886189,-0.00208678248900534,0.00650370292560946,-0.00884908191754104,0.0130852090292596,-0.0140365944570751,0.00990244167489894,-0.0087897581997986,0.00614682140225134
0,0.25,0.570080274080274,0.00101604937103746,0.00618493840925156,0.0115416134743665,0.0121528233862175,-0.00271699901681777,0.0102822138424021,-0.00159315937662895,0.00624527491399955
0,0.25,0.572599568599569,-0.0101855471853369,0.00533181036568855,0.00337870029211876,0.0115018797725542,-0.00204884928527897,0.0103398968178791,-0.00115421500739312,0.00581798625166459
0,0.25,0.582327174327174,0.0096767352215581,0.00621844839524215,0.00346351747396986,0.0115093886393432,0.0226037329962968,0.00968382597314647,0.0137214581595871,0.00603736175285427
0,0.25,0.583465711465711,0.0140379291711162,0.00574398000192619,0.0142472383026688,0.0121897917909286,0.012452558588197,0.0104758497508138,0.00719687574203709,0.00573831406945601
0,0.25,0.603135435135435,0.00415261394708916,0.00609196836863806,0.0224278761085606,0.0144739156251564,0.0057697238602368,0.00967756059476833,0.0038007377753068,0.00616245666132592
0,0.25,0.602492954492954,0.00504084694791472,0.00585025069358213,-0.00112487249529551,0.0132017598557496,0.00787460110304418,0.00899685235025789,0.00512470297876813,0.00620886880363986
0,0.25,0.578629766629767,-0.00131948213907969,0.00568428008416606,0.0088549591821962,0.0110284207903226,-0.00746105228573237,0.00938349132040826,-0.00468642700607785,0.0059326584712206
0,0.25,0.621628053628054,-0.00700985983220275,0.00618303832050568,-0.00517831789773848,0.0109167469863378,-0.00746168480653164,0.0125106434860161,-0.00373651954565138,0.00672447106487569
0,0.25,0.571046551046551,0.00525933094820805,0.00561290803865269,0.000293566495040169,0.0104906301534482,0.00373947572915964,0.00966257753311718,0.00225803923101313,0.00576669826158394
0,0.25,0.58618219018219,-0.00633301641239799,0.00559304732779758,-0.022310425689923,0.0123928693460959,-0.00712058121816719,0.0107006798574381,-0.00413371767074469,0.00643436726474074
0,0.25,0.594556734556735,0.000626684188110634,0.00634827397133603,0.00481750498147321,0.0117220812942477,0.00286487791920097,0.00976219107864192,0.00175870662198332,0.00598844332157003
0,0.25,0.60176704976705,0.00729094417981773,0.00630310964305372,0.0174066395409989,0.0127018774845605,0.00915023803758964,0.0107315479403568,0.00530552022725183,0.00631916067020633
0,0.25,0.632974148974149,-0.00211188625083928,0.00588527315833184,0.0212071237402409,0.0105669437875248,-0.00804089201380957,0.00941229138062629,-0.00496798735407926,0.00576189545541454
0,0.25,0.61817961017961,2.40044672126101e-05,0.00585153435925184,-0.00175633134449447,0.0135211238823928,-0.0127212131956168,0.00975210977638821,-0.00780978582194032,0.00609636621678539
0,0.25,0.575310779310779,-0.0102643741236882,0.00598528689592618,-0.016736667619565,0.012243769362565,0.0012195895772686,0.00972128219156517,0.000770707593066645,0.00628369385726671
0,0.25,0.586631758631759,0.00775923494796512,0.00655756761253756,0.00203121441358191,0.0109814759351812,0.00840316095199203,0.009534140988976,0.00508369614213389,0.00605516690650228
0,0.25,0.614394314394314,0.00640844648221688,0.00609916814500181,0.0168372125985676,0.0115471758006703,0.00956351784074001,0.00987909677509323,0.00601707049104977,0.00608280045170415
0,0.25,0.621489177489177,-0.00555140388712083,0.00617313673107814,-0.00808201829832726,0.00973214326424967,-0.00114357741614505,0.00971729185155623,-0.000717997236418903,0.00627967613810603
0,0.25,0.576683772683773,-0.00627547660757285,0.00595124968141417,0.00680044949980083,0.012978792613024,-0.0105143161970172,0.0115599589877309,-0.00572218445499726,0.0056001902509263
0,0.25,0.626437334437335,-0.00600809778136328,0.0061070110626716,-0.012953105175267,0.0109658877495226,-0.000139058553446919,0.0109970026262775,-8.00989032711445e-05,0.00593957529802917
0,0.25,0.591850851850852,0.00542122658966219,0.00620537784667365,-0.0215713237970558,0.0117012313396199,-0.00216088915023062,0.00957030807753201,-0.00133336767458087,0.00634686964797001
0,0.25,0.622266478266478,-0.00370249886893029,0.0059626344246743,-0.00107901261478233,0.0100140595161382,-0.00582090491939998,0.00989858468625053,-0.00366199962365186,0.00624412853773016
0,0.25,0.59808367008367,-0.00527802074523236,0.00615455455517032,-0.0083224259128251,0.0128676165512152,0.000644415576460603,0.00946734748443408,0.00043189324075961,0.00565045469152952
0,0.25,0.571609411609412,0.00373031619858707,0.00610495185262194,0.00463709087693328,0.0109045889967853,-0.0179093296860993,0.0113757714307804,-0.00997536048748772,0.00674812430650866
0,0.25,0.60973080973081,0.00139873545332722,0.00601132432398486,0.00998655542628928,0.0131722733396442,0.0040751657572707,0.0102836570318362,0.00239780594431388,0.00590355592798551
0,0.25,0.594766074766075,-0.0117235164647214,0.00612898673784715,-0.0232625460528824,0.0117310782522761,-0.0140484517579614,0.0103070840223134,-0.00836493051038196,0.00622047118486477
0,0.25,0.567401043401043,0.00988648601770513,0.00679563474935571,0.0094339157602603,0.0102263485866086,0.0110422492933408,0.0105784008943695,0.0065700448390116,0.00667513142896065
0,0.25,0.577446085446085,-0.0013043839883636,0.00574206893540877,-0.0022671282431704,0.0113522454994724,-0.0070169541726737,0.00969606169381025,-0.00422208983094329,0.00604595068253505
0,0.25,0.602458994458994,-0.00762628803667859,0.00618215535701158,-0.00843171511038475,0.0142532611087214,-0.00989959139934123,0.0101908673514569,-0.00578659276453539,0.00596296931874173
0,0.25,0.604542808542809,0.00427670279782663,0.00598014215052774,0.0111834974865567,0.0129171497718206,-0.00795598241767166,0.0104259356960307,-0.00473830052301336,0.00629576430001564
0,0.25,0.571895311895312,-0.00274446127526113,0.00586425178247727,-0.0086469752617838,0.0119631432038521,-0.00830565019759543,0.0110252479489718,-0.00452446442419715,0.0057183525824936
0,0.25,0.610017862017862,0.00229371111907465,0.00595209861967407,0.00881200130860054,0.0116544103118656,4.04205180191982e-05,0.0113719691077524,2.18246668382898e-05,0.00601905056603625
0,0.25,0.630061002061002,-0.00770111890396817,0.0055696984132166,-0.00563000654394876,0.0118927451306271,-0.00549875813488611,0.00956575886914839,-0.0036988047230281,0.00598934777016519
0,0.25,0.61420559020559,0.0153539043378557,0.00656902756930151,0.00747755225096987,0.01421085582279,0.0011078989340289,0.00995314566418088,0.000684014285864888,0.00571344021230462
0,0.25,0.588689424689425,-0.00581354763368705,0.00585164525793551,0.00380430411014774,0.0104424454072194,-0.00778007156722139,0.0098713332270388,-0.00487986899989392,0.00588414748696568
0,0.25,0.5918742998743,-0.00205896634138316,0.00650019997562555,-0.00926281352042605,0.0129713265153351,0.00732908360423382,0.0102394878372431,0.00407557868571479,0.00555926849836374
0,0.25,0.609331965331965,-0.0117725188825009,0.00516287715435846,-0.0281211529771196,0.013297878832975,-0.0143169395486554,0.00970704730064539,-0.00853777433884822,0.00597528744451553
0,0.25,0.604975456975457,-0.00763181812110962,0.00587323424728761,0.00622460027511531,0.0134405143942575,-0.00154124246727044,0.0109658038856932,-0.000895257125235884,0.00629825459367767
0,0.25,0.636127032127032,-0.00628207235016575,0.00586882965198032,0.0100360862195585,0.0139754815136936,0.00243150621362318,0.00976002579086334,0.00151135016608923,0.00600381665470871
0,0.25,0.566405342405342,-0.00347717105024634,0.00647035583870928,0.0073586158413411,0.0144785126691509,0.0108892092133558,0.0109215535130723,0.00622494950432712,0.00643400848521316
0,0.25,0.584602352602353,0.000290940320487174,0.00643508699145439,0.00825824346739526,0.0109403468758433,0.00592434552303452,0.0107410696490991,0.00368625311714222,0.00664591702044845
0,0.25,0.630892902892903,-0.0078100081911938,0.0060002105728071,-0.00521865422511608,0.0141110728674274,-0.00570674767781024,0.00894185516387682,-0.00381989258127715,0.00615690327646832
0,0.25,0.610309594309594,-0.00340959397431148,0.00606213988108464,-0.0125773086112992,0.012337714754262,-0.00564854398927459,0.00980936038214475,-0.00355005152020773,0.00604156914098405
0,0.25,0.600847800847801,-0.0049289521466939,0.00592537047596392,0.0176941037841234,0.01247972551385,-0.0156230163982898,0.010842992200333,-0.00878582132954603,0.00590090359798409
0,0.25,0.608614472614473,-0.00386092788678673,0.00665709516648238,0.00641388937378739,0.0127146691011538,-0.000364579135489191,0.00957754990922977,-0.000222760854260087,0.00608579146705912
0,0.25,0.621546417546418,0.000790592080947164,0.00654236350531603,0.0217540324537062,0.0148031708925917,0.00709866028275465,0.0102011645272019,0.00450808372613743,0.00642951729256421
0,0.25,0.589093369093369,-0.00162877465169368,0.00624769280703273,-0.0219008134929191,0.0104766639536985,0.00789042371492069,0.0110250194032347,0.00455544617067089,0.00618755529016079
0,0.25,0.559888711888712,-0.00311559888196842,0.00606209473013658,0.00322047610739795,0.0121940891693923,-0.00555264640876218,0.0125012468540515,-0.00276888507376152,0.00615048228448386
0,0.25,0.578624078624079,0.00033045331344744,0.00636900112742053,-0.0220453369135256,0.012183700204253,0.0037777646752337,0.0104518741229544,0.00227102371751987,0.00638105915291331
0,0.25,0.586638010638011,-0.00311716967057574,0.00621916460166263,0.00329487055397053,0.0118630720676739,-0.00654764246404377,0.0101015752969839,-0.00396361706698929,0.00629133971161849
0,0.25,0.589131409131409,-0.000867999427614567,0.00609885435209823,-0.00636470731773664,0.00993275615588899,-0.00322890393477702,0.0101746721100516,-0.00187343501163659,0.00617265683958664
0,0.25,0.603107931107931,-0.000827904715117672,0.00639749841482099,0.00473669333857917,0.0119397299882132,0.00429992351053575,0.0107569891039306,0.00245760897234917,0.00602013270612163
0,0.25,0.593343941343941,-0.0042477482426977,0.00555051411699688,0.00702885496813605,0.0102658963917746,0.00344511513462725,0.00943542163363979,0.00199963472873632,0.00543013992914893
0,0.25,0.547540111540112,-0.000686730471571842,0.00592733829641158,-0.00725118221472847,0.013074863645644,-0.0110168913843446,0.0105841096866474,-0.00617442123669525,0.00544337249599935
0,0.25,0.624996252996253,-0.00246065959267205,0.00616888522652289,-0.0209212570187382,0.0116553736918597,-0.0100162173033926,0.00911085523895674,-0.00660318418084314,0.00618844630938931
0,0.25,0.631042339042339,0.0113310342124899,0.00572293060501553,0.0103514147698391,0.0134784832173906,0.0226228247286725,0.0103215087189169,0.0136491717406603,0.00587113932954957
0,0.25,0.618784002784003,0.00240729531504468,0.00569717470492941,0.0104871522221673,0.0135638485120454,0.00370750465756149,0.00966496877012412,0.0022861756088611,0.0055389315237089
0,0.25,0.605560625560626,0.004741934558999,0.00634930775020013,-0.00675110064717724,0.0111595421056279,0.0037052183580011,0.0102544513683007,0.00225856962286388,0.00644460747416637
0,0.25,0.558317046317046,-0.00563242184867191,0.00622223502614899,-0.00103382013649828,0.00879279201943148,-0.0252406799022786,0.0115448339992403,-0.0138969051525909,0.00649019452293565
0,0.25,0.566134634134634,0.00637155505728539,0.00673511572275898,-0.0190975891727246,0.0128101883963306,-3.30493930936463e-05,0.0103372789578323,-1.97207411992558e-05,0.00657727989204227
0,0.25,0.588876408876409,-0.0105521140858602,0.00612831991792034,-0.00851094405950067,0.0103852495945689,-0.0148158710731706,0.01038896637761,-0.00892283754708117,0.00603027895309292
0,0.25,0.564588396588397,-0.00228969127652852,0.005872580276689,-0.0208675135237595,0.0127703126657524,-0.00439106958915207,0.0103009761497711,-0.00255969706647164,0.00598489793361353
0,0.25,0.613602817602818,-0.000679177505951383,0.00623609087755129,-0.00898094766701367,0.011161878555122,-0.0113739555226134,0.00881619759947099,-0.00757265925609416,0.00567732982991819
0,0.25,0.637727461727462,0.00605726609871316,0.00593204463294,0.00592763586653499,0.0118540894838196,0.00646909574135451,0.00958302802052534,0.00405491749790238,0.00565732857893403
0,0.25,0.590850290850291,0.000646875181994346,0.00554040700400116,-0.0222699376783498,0.0131421592972272,-0.0014543302850882,0.0101722971427733,-0.000828381833215299,0.00597698706473804
0,0.25,0.588515880515881,-0.00635612095834104,0.00620330280257049,-0.0160961171962631,0.0116924362121056,-0.0181640463676199,0.0102944276584163,-0.0107182768487826,0.00604801138242956
0,0.25,0.594426726426726,0.000542343598885449,0.00592938056806628,0.012457525170545,0.0131263829828378,-0.0218210719074762,0.0101791979194401,-0.0131117798219278,0.00596431199978401
0,0.25,0.625040641040641,-0.00704962672018674,0.006073190594426,0.0147535790645052,0.0118082101208063,-0.00112587561868982,0.00926601928618665,-0.000738945679667582,0.00580016911477223
0,0.25,0.611518559518559,-0.00378739929784534,0.00579099750929277,-0.000427065767907399,0.0120169954429739,0.0105123724202579,0.0100275401968553,0.00653237248434568,0.00580020667871895
0,0.25,0.598876978876979,-0.0021017003241785,0.00563076692501507,-0.00730479641763142,0.0120195565337634,-0.0055158962440539,0.0110307680475604,-0.00326622071707075,0.00621446997694393
0,0.25,0.621271581271581,-0.000802488942624006,0.00638097784890503,-0.0192337107034092,0.0108838830966462,-0.00979732561439683,0.0100204213693448,-0.00632671814292595,0.00637762790012542
0,0.25,0.597047361047361,0.00720758572922344,0.00578524359408844,-0.0124146286709728,0.0131142414324433,-0.00169806357263627,0.0110198310177724,-0.000927353726242292,0.00597196013161513
0,0.25,0.574683586683587,0.00359285650704242,0.00591431914548689,0.00941623543245955,0.0149151827109342,0.00663894034361509,0.0100050238374463,0.00385010198092682,0.00574029566430991
0,0.25,0.576862968862969,-0.00340196924772657,0.00612137106679646,-0.0105690447401113,0.0132898508985722,0.00516247934867266,0.00989612464961322,0.00308920080056205,0.00625288375617196
0,0.25,0.606699966699967,0.00975651358174333,0.00630896998592912,-0.00479327315745557,0.0107409153122619,0.0103213797080515,0.00920649788321265,0.0067570407942958,0.00589111335114011
0,0.25,0.606648030648031,0.00981151434795996,0.00571929207059609,0.00163225726862575,0.0129806925917859,0.0119983326006036,0.0096666302011443,0.00740532981340451,0.00585758382104608
0,0.25,0.617018285018285,-0.00770232658569993,0.00583058618360949,0.0061810331995393,0.0120622716324544,-0.00845208969182453,0.0105222345633066,-0.00488185430711253,0.00561155062771474
0,0.25,0.610870294870295,0.0130575785318599,0.00662406481816789,0.0212934554604159,0.0124874840318603,0.0118300836314966,0.0102663848952952,0.0069888256327667,0.00621428052664446
0,0.25,0.58985236985237,-0.00745678561943165,0.00585809604104257,-0.0153336340046532,0.0123997908992708,-0.0117035902929984,0.0107929285936964,-0.0064462289315238,0.00618476537787029
0,0.25,0.602180126180126,-0.000237062751662623,0.00659254145747772,-0.00863266958561188,0.0122630906913789,-0.00120871577686853,0.0115280555711899,-0.000688697432396794,0.00653054329576589
0,0.25,0.616835464835465,-0.00238109403160173,0.00608593828716451,-0.0103453145500993,0.0118415533398085,5.87047939318017e-05,0.00946842865932908,3.7568599666084e-05,0.00633046077391054
0,0.25,0.632258216258216,0.00172058466810418,0.00649746263254071,-0.00876623469957163,0.01256702342657,0.0146219922503725,0.0100953684226411,0.00915668009866092,0.00623778169835253
0,0.25,0.562551430551431,-0.000581844345538982,0.00586783866968116,-0.00944276340558556,0.0106625812514678,-0.00712265021225484,0.00996527272531062,-0.00414517636095188,0.00558105279852804
0,0.25,0.5560246000246,0.0021997566771285,0.00639538023313284,-0.00290929583525497,0.0128890390801558,-0.00814055856248645,0.0125120269239953,-0.00418413501102394,0.00669742001718457
0,0.25,0.57196327996328,0.00297102863567941,0.00625261829524771,0.0038327947812906,0.0102869550207974,0.0118122092575175,0.0109422989624342,0.00675441111239168,0.00558747078716783
0,0.25,0.604270264270264,0.00315501000666207,0.00604273990704884,0.0200309492605045,0.0126553308214721,0.00505502118746883,0.0104034067055388,0.00297784756897869,0.00648214482545352
0,0.25,0.592711156711157,-0.000644403157656792,0.00583145510724015,0.00603340775252842,0.0123177229913195,0.00870475589586201,0.00979961985580836,0.00517277581420817,0.00588107168860866
0,0.25,0.599461955461955,-0.00509611703215518,0.00550557008891543,-0.0249739755044005,0.0127812686086079,-0.00657010473981203,0.00977224410767016,-0.00399368178143448,0.00518456049735414
0,0.25,0.59577037977038,0.00377466250915518,0.0064482808701211,-0.000578821324697874,0.0115465340273052,-0.00344888345788081,0.0101654257267532,-0.00206768329680142,0.00602396860133686
0,0.25,0.596449268449268,0.0121467333000088,0.00602134074834324,0.00572393284717253,0.0119003605273971,0.00964217760573305,0.0103853240797721,0.00594926268244896,0.00567539579740594
0,0.25,0.583149967149967,0.00492273344153962,0.00604699007802747,0.0244381281678877,0.0109296742096197,0.00767032391193324,0.0111357864882201,0.00424978934822181,0.00575612244460156
0,0.25,0.620990744990745,-0.00134396013991008,0.00531104821218674,-0.00460886226938821,0.011958381087275,-0.00508545550820672,0.0104180404736492,-0.00291372928451565,0.00558882547377155
0,0.25,0.588782484782485,-0.00482291710845109,0.00610336101531525,0.00172788435560544,0.0120601530991336,-0.00467261710015058,0.011059865360938,-0.00253417618379095,0.00644068037155023
0,0.25,0.600806160806161,0.00970557422436086,0.00555314927387622,0.0248563274512502,0.0118722984870256,-0.0044737203172831,0.0100388665571379,-0.00264320983000494,0.00593653719487995
0,0.25,0.610899406899407,-0.00151030763773417,0.00590853047741683,-0.00548847862495888,0.0115207447001124,-0.00550308422205393,0.0115498243430917,-0.00308731783363962,0.00643019820535235
0,0.25,0.572023604023604,0.00905603910029463,0.00657630424897923,0.0357163493246458,0.0145752881351643,0.0271011139207992,0.011789374354862,0.0142762933402272,0.00610938471062687
0,0.25,0.595464031464031,-0.00136402679781842,0.00618988147818335,8.52082628377464e-06,0.0124183540924326,-0.0123801405536309,0.0109856349259628,-0.00718761563971936,0.00635639396990011
0,0.25,0.632225012225012,-0.00922287783451414,0.00638029823786026,-0.0130952691871744,0.0126623764366091,0.00496494762371992,0.00993832465952952,0.00309435727248665,0.00607396118073305
0,0.25,0.589933237933238,-0.0024042438040307,0.00588200101133834,-0.0117381981336651,0.00990199495598523,-0.000564284271046394,0.00939539335807212,-0.000341457451784508,0.00570137908021822
0,0.25,0.588162228162228,-0.00330731721448393,0.00579078528925117,-0.00759401724686589,0.0116926152078535,0.00465361215875615,0.0103125723770785,0.00288114811760566,0.00588116167388987
0,0.25,0.598086802086802,-0.00465928037270852,0.00568120817367999,-0.00910345673496429,0.009178629742931,-0.00268298445219032,0.0101375047183674,-0.0015833966216185,0.00543035117176477
0,0.25,0.597834117834118,0.00150443191891548,0.00522977747925873,-0.000589884859506881,0.0101306192436023,0.00936619870173229,0.00989827699208278,0.00552594652938927,0.00581248380844732
0,0.25,0.620151368151368,-0.000447789269616642,0.0061360131144484,-0.0109802734041104,0.0133705858420351,-0.0150395642103777,0.0103559676692476,-0.00888413911417736,0.00598749419318791
0,0.25,0.586174714174714,-0.00316940395158802,0.00620575012390483,0.00151051111990163,0.0127326172410967,-0.0012029682461109,0.01058713196598,-0.000707514549823606,0.00599034704021637
0,0.25,0.537304521304521,-0.00314788832752015,0.00576371814801031,0.00115201610764248,0.0125083927260114,-0.00630485774516636,0.0108916506571609,-0.00362670611851867,0.00561270238509123
0,0.25,0.594725946725947,0.00680163197651281,0.00560692247057483,-0.000931260874889689,0.0108582646149361,0.0187017207359505,0.0103279227183601,0.0109047814350918,0.00593333476519065
0,0.25,0.618788166788167,0.0059341822078716,0.00645795483752524,0.0163492942650595,0.0117833306831768,0.000693899612750513,0.00889462995649283,0.000477473213550097,0.00623244176345221
0,0.25,0.591520767520768,-0.00147242304683105,0.00593094761042576,-0.000671516896158832,0.0128089451518632,0.00451874575932692,0.00990076360509663,0.00270945184470827,0.00642531708329365
0,0.25,0.590159162159162,0.00167122673141035,0.00608834608789637,0.00209077088835864,0.0113851812584129,-0.00421524633821995,0.0100672732971167,-0.00243666629478336,0.00604980425542287
0,0.25,0.600813144813145,0.0054997207209477,0.00621866463443843,-0.00701032710622992,0.0119175590399319,-0.000864626783666954,0.010468454293899,-0.000512330917043192,0.00616051969338873
0,0.25,0.585595197595198,-0.00700362301511051,0.00628308394243508,-0.0112185593066605,0.0131001366660653,0.00512773226384134,0.0104643252765135,0.00303063537138653,0.00695741666899202
0,0.25,0.591872427872428,0.00199986184444561,0.00590045401899981,-0.0024522573797412,0.0123367797760823,0.00225532790274058,0.0110494201820259,0.00125444696802385,0.00578659889518412
0,0.25,0.605278013278013,-0.000108467756300038,0.00594781787596476,0.0113562538073856,0.0125860835133182,0.00427641225343968,0.00980214045378608,0.00259863699434863,0.00585100722286258
0,0.25,0.57809651009651,-0.00690108053761749,0.00591278788628582,-0.0127750554222802,0.0112156096438839,-0.00202702279508993,0.0105511219583158,-0.00119127975324579,0.00579516504568483
0,0.25,0.579736095736096,-0.00639662826448494,0.00641823370086314,-0.00525817605221963,0.0105655786953219,-0.00174845358466811,0.0105198736764636,-0.000985676449967359,0.00611505492283078
0,0.25,0.570642678642679,0.0049837917977058,0.00649051316063641,-0.00911681837535874,0.012387973372866,0.00721721933690938,0.0106540936184167,0.00425459805795292,0.00693144306583075
0,0.25,0.626108666108666,-0.00485821377534828,0.0068703723844251,0.0127177722679115,0.0118672945555224,-0.00371338086790001,0.0100587193038276,-0.00233186237589998,0.00634413511965041
0,0.25,0.605590493590494,-0.00266755650188303,0.00602047893847236,-0.0113892206400598,0.0149600590161704,-0.00393176167506547,0.0107704336415413,-0.002259680316931,0.00636231070264636
0,0.25,0.610582690582691,-7.71673276191817e-05,0.00603100813359523,-0.00659502321708701,0.0127161597674735,0.00786090045200631,0.00949392408990266,0.00483872978684254,0.00571680878115181
0,0.25,0.60967020967021,0.00786349123428732,0.00645796279779223,0.00281327365042704,0.0122203791335184,0.0124783105162558,0.0102724562781079,0.00761734820644029,0.00655940474440425
0,0.25,0.61613596013596,-0.00177391789084249,0.0057999623403663,-0.00368783951898009,0.0114066259265758,0.00398700791192394,0.00970324759338637,0.00243437161630547,0.00575430823498608
0,0.25,0.577142449142449,-0.00425093352083307,0.00642160125094987,0.000332565612125196,0.0116112527640206,-0.000873309243464705,0.0103057467813983,-0.000519647376211854,0.00561199021471115
0,0.25,0.583746487746488,-0.00634586901340194,0.00589037049480934,-0.00196028813259914,0.0129735624931996,-0.0125267373429542,0.0103044930816335,-0.00740633817839674,0.00598445521443305
0,0.25,0.600253248253248,0.00679609700014329,0.00539442396082372,0.0174258524671738,0.0116112198795232,0.00864505998420951,0.00953131744071984,0.00514662580990798,0.00524661245036369
0,0.25,0.586770706770707,0.00402375855830775,0.00623165468221125,-0.0105106885023909,0.0117873564975257,-0.00822825072861034,0.0106620615069697,-0.00473013042784653,0.00626966986284942
0,0.25,0.597286497286497,0.013267969711256,0.0056841289067425,0.0173925141090081,0.010998804841439,0.0204520408798804,0.0108965554801536,0.0112850150530631,0.00562786926523603
0,0.25,0.585075333075333,-0.0064767802091556,0.00634593144422554,-0.00389133471403979,0.0131331102254198,-0.00358255553232958,0.00980452510298854,-0.00227562802903953,0.00639726040150745
0,0.25,0.629240393240393,0.00869164249271234,0.00590383072532908,0.0165762126246217,0.0104877404992461,-0.00145034383693071,0.0102306919661521,-0.000873626894051953,0.00624554173828135
0,0.25,0.616588936588937,0.00011854709404189,0.00616049116522324,0.00698414250963564,0.0110325739065732,-0.0144848455255993,0.0101022710839419,-0.00850160827016812,0.0054855241219295
0,0.25,0.621078585078585,-0.00696492870227795,0.00557202919461178,0.0132647398439358,0.011443756708225,-0.00661334735185361,0.00932551220426129,-0.00424922159636199,0.00567337772121333
0,0.25,0.611243903243903,-0.00598917607976835,0.00613144482940241,-0.00730252961724212,0.0121721781917522,0.00263161634231461,0.00946202886148238,0.00158881088022698,0.00516903272155811
0,0.25,0.573345009345009,-0.00445063238615453,0.00631449528201344,-0.00768462898886786,0.0127796459129962,-0.0103206546798696,0.0120480602515638,-0.00546451596431681,0.00634915369673561
0,0.25,0.585106521106521,0.00498767047605292,0.00623466517160305,-0.0233354019590223,0.0112263524256621,0.0105418955937826,0.0105178530624731,0.00629848626131873,0.00593349785930782
0,0.25,0.591575163575164,-0.00037288801765082,0.005692353787694,0.0111401249149003,0.0095429309324959,0.00871332572677218,0.0106792188257385,0.00498297766408007,0.00566935870391079
0,0.25,0.565408057408057,-0.00209246633435998,0.0056972730204459,-0.0221863852015461,0.0106951343010891,-0.000433204406246315,0.0109879372012274,-0.000240051123746739,0.00611996411611026
0,0.25,0.581405309405309,-0.00275514677509599,0.0058413751210774,-0.00461334058079077,0.0120982773785719,0.00696656442620108,0.0111569886030183,0.0037848283520104,0.0056887958998517
0,0.25,0.597025989025989,-0.007834450654349,0.00566847003848968,-0.0183916301935178,0.0111094413406303,0.000250937583198473,0.00970726305965917,0.000147788043079257,0.00602020234078758
0,0.25,0.596877344877345,0.00496269134265221,0.006001085968354,0.0181015545193152,0.0133435238660131,0.00235415728179092,0.00935733156322635,0.00150226685671525,0.00630565617645698
0,0.25,0.597349761349761,0.00527499948952238,0.00612677927833764,0.0104191100901928,0.0122146052478856,-0.00345687484464435,0.00965848460771445,-0.00214070802541432,0.00653734142131316
0,0.25,0.597225741225741,-0.00243665297624345,0.0060378313406038,-0.00206923759461359,0.0133462700705284,0.00657022481967513,0.0109264745749698,0.0037186278660593,0.00601062972585471
0,0.25,0.583071595071595,-0.00524160214755749,0.00602838389889989,-0.0071438650999962,0.014001267175995,0.000281099061898908,0.0106260167385965,0.000164651306720774,0.00598838016436139
0,0.25,0.589143937143937,-0.00516547260371916,0.00636158977137138,0.00208766254496912,0.0128441453219674,-0.0076263626152541,0.00898448611495318,-0.0049407352675378,0.00510672317930121
0,0.25,0.572474780474781,-0.00111351230310313,0.00553823287493757,-0.00895488241914399,0.0121822386566536,0.00233238724324067,0.0109881932480574,0.00125042373104288,0.00537492998525514
0,0.25,0.5756693996694,-0.00282241084554343,0.00569922879546988,-0.00122450459674155,0.0109756794593429,0.000162641798039222,0.0109008260546014,8.79558319354198e-05,0.00597343129587621
0,0.25,0.594219318219318,-0.00122390168233908,0.00593217255574143,-0.00371409344686405,0.0117284894997614,-0.0130087751129556,0.0100940567455157,-0.00793867112334129,0.00694516700359145
0,0.25,0.603046323046323,-0.0151438526298334,0.00629899119700763,-0.0326453873637627,0.0143622927167067,-0.00994809349783535,0.0120244619307573,-0.00531752305638614,0.00684429768108855
0,0.25,0.618025482025482,-0.00186099623581793,0.00559065198201797,-0.00395649871061428,0.0110528806602951,-0.0044550302016189,0.00976060459124924,-0.00276506021193282,0.00610222806706499
0,0.25,0.584436092436092,0.0115686726984024,0.00540454823068451,0.0115479617394605,0.011308626696669,0.0106044998414707,0.0091966451746595,0.00652288564217284,0.00541565942704624
0,0.25,0.600425172425172,-0.00337585213549042,0.00577093277624509,0.0137550357994213,0.0116425863009403,0.00254532359019014,0.00881109048043566,0.00171942144815613,0.00585047659045954
0,0.25,0.595590667590668,-0.00395701182721053,0.00585599762998377,-0.0204101774088309,0.0100635733366335,0.000678480125531334,0.00988541551886391,0.000401558807628004,0.00596814532173689
0,0.25,0.603161079161079,-0.000307391681028617,0.00605600888942742,0.0171764815707349,0.0103594770243365,-0.00327699672108941,0.00998993549333783,-0.00197274212592256,0.00603227175536943
0,0.25,0.611792255792256,-0.00026981883030379,0.00582930879590874,-0.00694896199434657,0.0114903366825309,0.00440470720131255,0.00975704260121022,0.00269541100961046,0.00602096314106312
0,0.25,0.573663201663202,-0.00186360827382344,0.00603335300296534,-0.000889691194694615,0.0132354320247962,-0.0145778790091552,0.0105595273332674,-0.00846086715103686,0.00590689208897409
0,0.25,0.592291708291708,0.0020209422022526,0.00561105219166162,-0.0103601591465981,0.013310779038913,0.0047820512234874,0.0107968618242294,0.00275381189318261,0.00600227952042764
0,0.25,0.569997713997714,0.00894565946198663,0.00608417292573788,0.00861623970361019,0.0140917328568357,0.0181852126813316,0.0099298749167132,0.010923594098002,0.00595547664461088
0,0.25,0.612640344640345,-0.000529362343865217,0.00608732262182068,0.0241587538383874,0.0104752318771796,0.00160127114623894,0.00953952326291765,0.0010081628909993,0.00603836806907116
0,0.25,0.573918513918514,-0.000965922255584256,0.00581439301195509,-0.00803348723866888,0.0111635083356529,0.0083060658372048,0.00992985483859091,0.00500725834059194,0.00586746730724373
0,0.25,0.575839703839704,-0.00292067014937961,0.00609812015012224,0.001707235305113,0.0107847556273978,0.00242065927962479,0.0112001379015942,0.00132972172574986,0.00642884113433903
0,0.25,0.595464247464248,-1.11653635217859e-05,0.00590568354695393,-0.00328685016477826,0.0127855075600811,-0.015317921084129,0.0108892622727347,-0.00883606677465877,0.00585721430375208
0,0.25,0.606566622566623,6.05067292738303e-06,0.00570002221347913,0.0108912988700663,0.011165323497389,0.00375456561057899,0.00948615332416653,0.00237605073977706,0.00572652799884905
0,0.25,0.600279372279372,-0.00142171386529228,0.00653480450175581,-0.00042576682646898,0.0125131423509644,0.00255440316176954,0.0106186119178454,0.00150877406772376,0.00633493130319638
0,0.25,0.598658146658147,-0.00198123923553388,0.00588414032969947,-0.00125205970599266,0.0133978176401027,-0.010277726591002,0.0101749012080525,-0.00621058376247167,0.00604075911919368
0,0.25,0.569867885867886,0.000715206078456239,0.0058044486112442,-0.0119501105891823,0.0112428093757166,0.018263252657125,0.011551502691948,0.00951272032725566,0.00589746733981475
0,0.25,0.581095313095313,0.00298797083263524,0.00624745278815396,-0.010479931199716,0.0118085357930749,0.00292959979408029,0.0103925131210187,0.00176179580981948,0.00583923801863024
0,0.25,0.638776766776767,0.00152575549628909,0.00565751833829955,0.00952278992188464,0.0103307073745171,-0.00625235533327446,0.00982539245908999,-0.00379532055524249,0.00560083630583518
0,0.25,0.593100173100173,-0.00433090036795915,0.00582797030644782,0.0149894511559495,0.0107275234909933,-0.00692388482179853,0.0109068984943595,-0.00396883694469226,0.00605830174283558
0,0.25,0.639338775338775,-0.0110484249003401,0.00634653445665859,-0.0125732769810846,0.0109031565355329,-0.0276715300027643,0.00895272313033011,-0.017381737947473,0.00553875291141643
0,0.25,0.601372633372633,-0.0126139263112447,0.00618749034319849,-0.00911416767256489,0.0131982407746468,-0.0197824535719649,0.0117076916416234,-0.0102715852536034,0.00597100286531602
0,0.25,0.589742881742882,-0.00162504590199634,0.00625576620544425,0.0050111137649583,0.0117743355942844,-0.0029638142487508,0.0100892027009076,-0.00174261633467981,0.00566241708149079
0,0.25,0.588247812247812,0.00751107334981186,0.0062609615353953,0.0176910085720967,0.0125131115223509,0.0106893660032368,0.0120788759142017,0.00567461720739748,0.0068276381562199
0,0.25,0.587033279033279,-0.010728106999198,0.00569039698575169,-0.000986390891275345,0.0107288490830271,-0.0217071326662817,0.00991193330379505,-0.013342034435281,0.00577612726434985
0,0.25,0.588629304629305,0.00838131074180115,0.00572748465741759,0.00870466195035284,0.0122117401943221,-0.0093358749135954,0.0105934895818958,-0.005397876462417,0.00600701282717073
0,0.25,0.598894006894007,-0.00239157086434735,0.00569018192280385,-0.0170933815229317,0.0111423978153716,-0.000702457493012777,0.00905959297117051,-0.000457948698514566,0.00610624955141522
0,0.25,0.601336345336345,-0.00267754859033759,0.00582715146428957,0.00183631680502765,0.0126441282769775,-0.0115300344808212,0.00973886421561148,-0.00740137071313257,0.00575997574780496
0,0.25,0.603597147597148,-0.00545496844994316,0.00609393318786181,-0.0182883620488392,0.00942063666046975,0.00177488606303822,0.010586709546715,0.00107268191049516,0.00637887846542273
0,0.25,0.578501402501402,0.00159837366289737,0.00604191519238415,0.00238189970794911,0.0124770317230656,0.00331768758807299,0.0100776127849786,0.00204120265209434,0.00606797900190605
0,0.25,0.565127773127773,-0.000998263437659259,0.00612448322384639,-0.00532866056094593,0.011505903174706,0.00221656494895117,0.0112036991320383,0.00124651532745848,0.0062727625872452
0,0.25,0.640598752598753,-0.000656123082429269,0.00574045411158536,-0.00377376639960734,0.00895883412582688,-0.00130023859426654,0.00947862536732343,-0.000787763563577292,0.00554670049273214
0,0.25,0.608759012759013,0.0113376326686372,0.00625369585019013,-0.00524208453779044,0.0126178499622188,0.0128015956324251,0.011881590756199,0.00673268048002927,0.00616912781690784
0,0.25,0.624410304410304,0.00492814393244997,0.00609205638520575,0.0141907882131126,0.0113465051378382,0.00874057173529766,0.00873718570325975,0.00583819950937491,0.00587951776915093
0,0.25,0.578919110919111,0.00511802761212658,0.00594848561542341,0.00329202129779944,0.0131030291998191,0.00255426224354549,0.0122394243270295,0.0013183476884823,0.00617574322605467
0,0.25,0.604956484956485,0.00336949080653294,0.00549413639873684,0.00703173025688356,0.0124626296896955,0.00647084150739225,0.00932427847470795,0.00406222005072161,0.00584089340980395
0,0.25,0.595003711003711,0.0103315310281913,0.0068001653172396,0.0094251667918229,0.0125763223229102,-0.00410800026895015,0.0115271372258508,-0.00226229611135658,0.00631476931888808
0,0.25,0.561543921543922,0.00755377520749987,0.00615567731548308,0.00684931998643737,0.0120925033617173,0.0134742275216532,0.0106562158393294,0.0075733408755304,0.00615521176714777
0,0.25,0.568152532152532,-0.00142366529649262,0.00601718030554857,-0.010399992037128,0.0126981960546511,0.012221313791566,0.0103851517245404,0.00755367545927064,0.00628813678180466
0,0.25,0.600533712533713,0.0037391797857714,0.00547489717041226,0.011017115179501,0.00965900144899111,0.00687656628870089,0.00977328891693943,0.00445765284653264,0.00639050611199639
0,0.25,0.583186963186963,-0.00683318169467535,0.00566694814958243,-0.0039410621755573,0.0124956432086408,-0.0160007154173507,0.0107223958297618,-0.00908175079839161,0.00644120593627872
0,0.25,0.650388362388362,0.00109383430342655,0.00627394322097884,-0.0130002157648082,0.0137795245362952,-0.00495754876027383,0.00944917021122172,-0.00317489180905878,0.00669572453658829
0,0.25,0.621938901938902,0.000918018344099348,0.00593991475674937,0.0210055276928183,0.011735151658712,0.00534869303384296,0.00942686514377102,0.00350700141945462,0.0062235745249548
0,0.25,0.624144888144888,-0.00391685205404799,0.0065420526899427,-0.00217763683678211,0.0130736038851231,-0.00344484024499449,0.00934562063756205,-0.00224441833177514,0.00614548686572361
0,0.25,0.599332403332403,0.00841575085684645,0.00638053115940921,0.014092520507171,0.0134241941231103,0.0239739275295747,0.00964999193786161,0.0152789778943129,0.00619927818574679
0,0.25,0.593445641445641,5.60869875303158e-05,0.00583066796835411,0.00784613236569791,0.0118759252971393,-0.0113316008131105,0.0102696425826126,-0.00648001720919178,0.00579327648279862
0,0.25,0.603412599412599,0.00195969402451884,0.00659853839199525,0.0170551006513341,0.0120752332105304,-0.015140893001615,0.00991860160724629,-0.00981837907178378,0.00686044849478082
0,0.25,0.611765795765796,-0.00383315189630222,0.00615014425550584,-0.00481721673998673,0.0118648569323526,-0.0137285649654849,0.0109169365578037,-0.00802070289089669,0.00668642052246729
0,0.25,0.582561342561343,0.000301041162939422,0.00631546671802433,-0.00289303016746224,0.0122663307776127,0.000203445548555317,0.0109653374029192,0.000113038782879535,0.00576618469042056
0,0.25,0.585831297831298,-0.00645315691311672,0.00620411554389833,-0.00382602922415356,0.010748565862014,-0.017645141136181,0.0103870549525156,-0.00995032979809938,0.00602454841509257
0,0.25,0.618882390882391,-0.00606509063169173,0.00598186360440985,-0.02299121290735,0.0126284919629382,-0.00519292542256054,0.00904270962187145,-0.00346556428085038,0.00594815912635889
0,0.25,0.610204774204774,0.000252162547664298,0.00602871088802702,-0.00112082975475842,0.0130976217255896,0.00779925935267144,0.00955122057463026,0.00486832262431799,0.00602473746345243
0,0.25,0.609508557508557,-0.00265473085095812,0.00603395937691916,-0.00803835050047149,0.0119391149204518,-0.0147416061434651,0.0103616647997614,-0.00881336762969707,0.00598621522183933
0,0.25,0.603822687822688,0.000645635200537843,0.0060177198832798,0.00929879795916116,0.0104911971776923,-0.00152714313747311,0.00986028705168815,-0.000947000717318065,0.00582900585414713
0,0.25,0.576568740568741,0.0103400533079835,0.00601590217582975,0.0129749218347669,0.0104843094034337,0.0172509388033423,0.00999057873681839,0.0101875098158,0.00596528101091876
0,0.25,0.599412107412107,0.00208181755839231,0.00600045371912579,-0.0319330945391586,0.0117448810014186,-0.00796975126613634,0.0111451416884293,-0.00444587359208926,0.00575724215875604
0,0.25,0.571110979110979,0.007578628178647,0.00625423125589721,0.0216285362852488,0.0110615655395415,0.00661698202501384,0.0115652382709486,0.00359752772856832,0.00573389371789266
0,0.25,0.58846098046098,-0.00180718808117296,0.00662795546193934,0.00782425629771642,0.0114537552044344,0.00238467244798972,0.0106609520489951,0.00139413331719582,0.00660506905014133
0,0.25,0.570670086670087,0.00736855616384837,0.00650738127231556,0.00967519345315804,0.013126909321159,0.00830391844553536,0.0115426172585214,0.00465936201096308,0.00630985743757731
0,0.25,0.590308046308046,0.00754618074213644,0.00576189067510478,0.00853001197156321,0.0113040863445013,0.00553081603058415,0.00955260933161276,0.0034582179025537,0.00617193387295396
0,0.25,0.537654573654574,-0.000791657428941933,0.00617470074586763,-0.0144912673259993,0.0117396136047218,-0.00198509135605628,0.0105380235186434,-0.00106626227449955,0.00608516688742968
0,0.25,0.551401847401847,0.00459140220335276,0.00595820534091191,0.00730119006493862,0.01270906022975,-0.00325023442527779,0.0112615224637038,-0.00180098447519546,0.00609723000445284
0,0.25,0.593230433230433,-0.00335794246762625,0.00606257429971698,-0.0105115327119039,0.0124577165347372,-0.00778755034482649,0.0102751381050748,-0.00471278763100558,0.00650612673094562
0,0.25,0.565988893988894,0.00184850799116831,0.00571849626403818,0.00399109497273394,0.00997114918257475,0.00217314218933104,0.00973033430485542,0.00133867191547616,0.00622375324064577
0,0.25,0.606796194796195,0.000624385637110818,0.00606866394730726,-0.0105201265306009,0.0110978538391275,0.00221378473612319,0.00925401175553995,0.00143122688242282,0.0060345194741928
0,0.25,0.624141624141624,0.00651123924207825,0.00627125740981322,0.00344631550358964,0.0105025099777068,-0.00709240147835052,0.0101307995593867,-0.00437206580589979,0.00632393493725206
0,0.25,0.585297729297729,0.0102497102410806,0.00647069688407766,0.0144684744821595,0.0127671682327811,0.011581182086781,0.0113477009997993,0.0064576076554397,0.00662258880660565
0,0.25,0.552590100590101,-0.00102702884433736,0.00562769005376368,-0.0285482846823047,0.0104607983460713,0.00714480531641667,0.0118565358107659,0.00360096726040214,0.00579044900076412
0,0.25,0.622639054639055,-0.00330990348291815,0.00535488412452963,-0.0213749275428429,0.0113313577578355,-0.00230382028690236,0.00865127117924909,-0.00152438341694275,0.00560221945814594
0,0.25,0.603285591285591,-0.00414034759413428,0.00641181477301604,0.000297465376166543,0.0139394064566463,-0.0105634284731076,0.00986109948020798,-0.0067151244698897,0.00696512172491816
0,0.25,0.574190866190866,-0.005929218090806,0.00573837041144981,-0.0107449771522388,0.0115390932113341,-0.00256748025596369,0.00940140387579014,-0.00162451602632827,0.00591658896198509
0,0.25,0.573131337131337,0.00976364493591488,0.00591916939207938,-0.00612262432617816,0.0126974069483448,0.0214096942380185,0.0122631855221474,0.0110830327235486,0.00635471764066405
0,0.25,0.618836418836419,-0.00246995708102335,0.00621072685316216,-0.0104537055569617,0.0135685773770302,-0.00954756761666588,0.0090846285433459,-0.00615278111125008,0.00593366222576219
0,0.25,0.597478833478833,-0.000165984044211547,0.00576981292025051,0.0106876230926523,0.0112250984749048,-0.0095430099126323,0.00959885120131686,-0.00586580805939896,0.00593503380256859
0,0.25,0.625179133179133,0.00043645767899561,0.00666995857584767,-0.00937558304805786,0.012902019186862,0.0110035660790944,0.0100761908343536,0.00706288170625489,0.0063921600575921
0,0.25,0.593100293100293,-0.000437938210286788,0.00673959617124706,-0.00726006410663127,0.0117352457769171,-0.00775187725735493,0.0106835322629133,-0.0044637397205668,0.0062570960971059
0,0.25,0.556485016485016,0.00500211094560573,0.00662668030871816,0.0102972565175,0.0112723400956612,0.00479068327598577,0.00936544118767669,0.00302639252278296,0.00594069808392207
0,0.25,0.631621747621748,0.00619287846079654,0.00581350904851045,0.00414964927158777,0.0116213645214325,0.00258863696798966,0.0108218968758052,0.00139769524122075,0.00576788826692393
0,0.25,0.598479202479202,0.00157238565319537,0.00555495362139869,0.000396072672201971,0.00959055255222226,-0.00173232359092468,0.00839093951947699,-0.00118829343650809,0.00578225431224072
0,0.25,0.643666951666952,-0.000656023910479972,0.0060736292590589,-0.00214292916728394,0.0126059707891922,0.000969462339900446,0.008894030911247,0.000651854360720346,0.00620911463853898
0,0.25,0.585071361071361,0.00430991739085222,0.00585323103606049,0.00947411370775563,0.0119188990400853,0.0128665339105226,0.0103933309152727,0.00747485447227986,0.00558066795000344
0,0.25,0.610348774348774,-0.00545371256244451,0.00607407526311759,-0.00552481180030067,0.011892749108856,-0.0176548047763425,0.00913876876133074,-0.0114136100657279,0.00581106343119193
0,0.25,0.577347445347445,-0.00215799067578488,0.00617596637066107,-0.00989044593048985,0.0109967695692854,-0.0237952176168619,0.0110193821463644,-0.0140733537560416,0.00719023297933377
0,0.25,0.580502896502896,0.00376819796155313,0.00575399871637968,0.00668335392673691,0.011391292155253,0.010607514288146,0.00958025763485106,0.00657671754800715,0.00596971926939877
0,0.25,0.627860775860776,0.00489447828320883,0.00598651514234934,6.78106901482662e-05,0.011576544598918,0.015158523904566,0.00953977674816359,0.00965956882957405,0.00599562638434917
0,0.25,0.590453234453234,0.0073317143583666,0.00574942552067886,0.00569690107276399,0.0121435254629935,0.000925725306996469,0.00904074629318658,0.000603521333044641,0.00623403487773213
0,0.25,0.599390171390171,0.0118843161325987,0.00545210712085329,0.00810806997297179,0.0116958732620131,0.00624949506339796,0.00955697900967516,0.00385918466918648,0.00561835000801554
0,0.25,0.591886443886444,-0.00438981733888477,0.00652083826234014,-0.0105414931059511,0.0138590832054998,0.00810236697434239,0.0109136510703552,0.004776241898462,0.00657686067574283
0,0.25,0.586678810678811,-0.000725096369278177,0.00681308641429204,0.00872257600987994,0.0136519425179461,-0.0107869695547941,0.00990929056462506,-0.00679569539999474,0.00641803800044993
0,0.25,0.60604161004161,-0.00190560364848324,0.00559049014586642,-0.000912542178370614,0.00992536191549879,0.00694627036857915,0.0110521748517741,0.00367799126469488,0.00544693082159813
0,0.25,0.60424972024972,0.00442482570059833,0.00676409606088665,0.0291114464222084,0.0151566216537223,0.0141970195072774,0.0101983162504881,0.00853778436761126,0.00624152564252603
0,0.25,0.579133803133803,-0.0058297793713246,0.00666618601800697,-0.0144985342430336,0.0116358426138923,-0.00816904612558974,0.0101973134600665,-0.00474380002460697,0.00584367269894361
0,0.25,0.609641313641314,-0.00550958178488565,0.00584598706297743,0.0162143466530834,0.0103436025578049,-0.00216004771385072,0.00943765905715693,-0.00132456484254707,0.00557214582984341
0,0.25,0.570816558816559,0.0101477479166059,0.0053591262089699,0.00839150527896549,0.0119823359677173,0.00918253829321176,0.0102785236048375,0.00520383502417989,0.00529056780379083
0,0.25,0.618419166419166,0.00819003427199108,0.00634452944806561,-0.00293740155929316,0.0124888209437202,0.00530517667537836,0.00965600731429319,0.00334692626940715,0.005961777372651
0,0.25,0.559114567114567,0.00389280010743443,0.00658744369311766,0.00602107283365928,0.0116025891415551,0.008118556290042,0.0113668223760038,0.00448160325616214,0.00615364581528243
0,0.25,0.591922671922672,0.00410850251991918,0.0064184225253019,0.0297650827476372,0.0115317422107743,-0.00845588085418706,0.0105184372853866,-0.00505807922972189,0.00635373771836244
0,0.25,0.596499284499284,-0.000495121648885559,0.00599465545445109,-0.00174780741391033,0.0111463589841228,-0.00344813908271388,0.0102928190763525,-0.00202963652552836,0.00591756834857067
0,0.25,0.563882795882796,0.0105125221804888,0.00599145524141539,0.00981158410741717,0.0136149237035099,0.0202523536572453,0.0107312925318258,0.0115106551946587,0.00579015159009301
0,0.25,0.628021552021552,0.003728793921154,0.0060790132609053,-0.00791438067336947,0.0103799904074554,-0.0192652846567804,0.00961884336425178,-0.0122794958744781,0.00584848151786545
0,0.25,0.570241626241626,0.004698247707202,0.00585262623799196,0.00403311526054116,0.0115694435283742,-0.00162292250958755,0.010386994067537,-0.000921271001815708,0.00599431098179804
0,0.25,0.582851394851395,0.00127654187639995,0.00625482683756538,-0.000902283203012904,0.0147199672265036,0.00495955961095945,0.0101270432527335,0.00290424963886026,0.00532048027133632
0,0.25,0.602448686448686,-0.00949534699236078,0.00572600146825558,0.00547226400579056,0.0116149219388869,-0.00886262902104286,0.0103060219391474,-0.00544768059211832,0.00621057935357023
0,0.25,0.569453501453501,-0.000322992327743871,0.00582984849650132,-0.00479447766548321,0.00981016981718984,-0.0126995371550273,0.010849706730783,-0.00739164992918851,0.00627257073098446
0,0.25,0.601006333006333,0.00108770219517676,0.00631989424520051,0.00474442224147505,0.0123609036541788,0.0058039661343726,0.00999405845483115,0.00365483716313951,0.00642509408364581
0,0.25,0.617234153234153,-0.00199082583389438,0.00595664929638042,-0.00459660996131864,0.0132060117474323,0.000473199737447421,0.0102796051463318,0.000293269147657208,0.0062701659648112
0,0.25,0.562984462984463,-0.00252128752730404,0.00550399785158825,0.00667282212622254,0.0110518118521727,-0.0110412624932825,0.0109338790409939,-0.00600541363152349,0.00543744811373193
0,0.25,0.60243491043491,0.0055190228293719,0.00679353011781517,0.0159807063517227,0.0139949457725522,-0.00482422175030661,0.0105726797263186,-0.00285720925864298,0.0059322690500334
0,0.25,0.579750363750364,-0.00250304609664594,0.00610239212195007,0.00426671911899628,0.0118257658771691,-0.0057420500231831,0.00983721678569574,-0.00351363132287607,0.00619561976019539
0,0.25,0.613026577026577,0.00698677763588841,0.00596715766626267,-0.00684748367418782,0.0122855469752137,0.00490476624077443,0.00894391965373749,0.00327117290240299,0.00604030121277557
0,0.25,0.552557448557448,0.00137083772534093,0.00605022417880363,0.00607608310467418,0.0114223624711327,0.00429215082521781,0.0114644641559754,0.00221919087332392,0.00599289450437616
0,0.25,0.545999381999382,0.00823871713858304,0.00644799296295526,0.0154429691012517,0.0123019449246144,4.1297666212856e-05,0.0117572053145756,2.19316745970475e-05,0.00625054611335233
0,0.25,0.566784554784555,0.000534390087278902,0.00596973353113475,-0.00828612965257642,0.0115373013531832,-0.0044595398280073,0.0111097102556639,-0.00238517864754078,0.00605639037836766
0,0.25,0.568449676449676,0.00288349453050317,0.0054442744766207,0.012588446612628,0.0120851301089917,-0.0078057776877379,0.0105873700383557,-0.00445845411944426,0.00581657370075271
0,0.25,0.588548388548389,0.00167286161300337,0.006678786117275,0.00796913111305109,0.011872065887691,0.00247039120387553,0.0106565276367339,0.00142215096148056,0.0060360841931221
0,0.25,0.632008868008868,-0.0101241268287313,0.00630815127588306,-0.019013356500875,0.0127428276404753,-0.00929829536627115,0.0101047205458558,-0.00574137304038387,0.00598618098847047
0,0.25,0.577314445314445,0.00383428245879634,0.00618325601507981,0.000816977060826142,0.0136432855215575,0.000268245707274785,0.00946446274631772,0.000174385533106033,0.00646320365264713
0,0.25,0.577111669111669,-0.00561382163645503,0.00627446529948885,-0.0101575113246895,0.0104769435873266,-0.00516402643513175,0.0112719305730322,-0.00278548165949249,0.00598731719855141
0,0.25,0.60632541032541,0.00461944274671478,0.00579936145321397,-0.0088235528022718,0.0117960803228114,-0.01191087246683,0.009874190369343,-0.00741967473531067,0.0060675660223518
0,0.25,0.5963219003219,-0.00690153063000519,0.00570879732381374,-0.0105409874286015,0.0105672470477446,-0.00834482341701414,0.00987467820997651,-0.00497450165742219,0.00575192623494487
0,0.25,0.619657063657064,0.000878206339588484,0.00587190760635552,0.000436957025248015,0.0105637571402597,0.0026098477371767,0.00851568914692647,0.00178899462995695,0.00604053524485828
0,0.25,0.578084426084426,0.00517641007788612,0.00623023582489637,0.00598725937645842,0.0104789575429634,0.0119836719706229,0.00992515522097198,0.00780467763122341,0.00629364755521067
0,0.25,0.598321138321138,-0.007809872963461,0.00664984085789591,-0.00740942054011851,0.0161377397732716,-0.00629958611935677,0.011411673030638,-0.00354768310757504,0.00655355320603294
0,0.25,0.576580188580189,-0.00807671127537385,0.006669183837994,0.00371635877809614,0.014246725026761,-0.00770731960406297,0.0108520800426645,-0.00450399714570105,0.0061414344351641
0,0.25,0.604695388695389,0.00181003459109323,0.00639653274522365,-0.00341314685247327,0.0121876665994147,-0.0029494596637031,0.0103350689640362,-0.00175883706805942,0.00605315657323957
0,0.25,0.646628926628927,0.00398615570299151,0.00638232241785641,-0.0136211225440591,0.0123269207305716,0.00407572587718148,0.00938738796226388,0.00273592641933808,0.00643448800664201
0,0.25,0.569596325596326,0.00546298002359625,0.00653812855276611,-0.00197501584949216,0.0128766739636614,-2.18613660619086e-07,0.0108673297198467,-1.24611775008364e-07,0.0062618762527863
0,0.25,0.614227826227826,0.0124895608604004,0.00597772831799342,0.0106307520242873,0.011409369126751,0.0288722990310954,0.0103674729955515,0.01686613892032,0.00582658081165755
0,0.25,0.608818484818485,0.00597133025148248,0.00596429670697428,0.0117521774745487,0.0121470638647628,0.00836815522682178,0.0101062688395145,0.00513736345505934,0.00611973320660559
0,0.25,0.601995073995074,0.00731103757600997,0.00598274456270752,0.000700644301418048,0.0117165878368102,0.00743408300613779,0.00973717277805512,0.00456937861837037,0.0056523050177708
0,0.25,0.560896172896173,0.00384521766183114,0.0057587387757809,-0.00620077941541339,0.0111738860891007,0.0143488595197857,0.0112153258660712,0.0078785730241274,0.00585454821067177
0,0.25,0.582779922779923,0.00590834196112894,0.00659213248985277,-0.00360459448775713,0.0117864422678488,0.00774247032668238,0.0106337453887969,0.00459717692499585,0.00623822103094053
0,0.25,0.63359700959701,0.0118498490652804,0.00552454376970138,0.0126601386236341,0.00941847780970592,0.0183631819213311,0.0110499752607356,0.0102038871483856,0.00598190957361919
0,0.25,0.584629868629869,0.00451518643107751,0.00593775536105379,0.0103978711332711,0.0111415468149964,0.012868001507505,0.0105783999264956,0.00723762605368216,0.00595411611981924
0,0.25,0.59797398997399,0.00556234979490381,0.00626069739782881,-0.00370372318192848,0.0133151606750716,0.00868042848238079,0.0101141001411014,0.00527716723295784,0.00578630378288733
0,0.25,0.616268848268848,-0.0069632641893209,0.00626588823999941,0.00802498124787808,0.0113170882458227,-0.0058174683484516,0.0100920144626623,-0.00343633653280855,0.00575215332681556
0,0.25,0.587799167799168,0.00404828381854251,0.00636331783800938,-0.00366246724385446,0.012021869013871,-0.00788096755240539,0.00951896786106714,-0.00488090447318147,0.00578636149336141
0,0.25,0.564379248379248,0.00304053876165148,0.00603059335404782,-0.00952528834275455,0.0128679102552044,0.0120856133211804,0.0105914626898777,0.0069781023625346,0.00605811323584225
0,0.25,0.599369987369987,0.00189660210522047,0.00585856818619007,1.0184117006658e-06,0.0117533860534989,0.0121312530911595,0.0113319433190968,0.00664413234943397,0.00573950106014628
0,0.25,0.594681558681559,0.00800192058061647,0.00608080820154577,0.0048944701381662,0.0116636604710436,0.0059195619205206,0.00965686164003428,0.00374622917600724,0.00613186069457226
0,0.25,0.616896412896413,0.00131285227778583,0.00591508868056878,0.00574664134091473,0.0124474637922597,-0.000439680614807863,0.00961947896914548,-0.000276835491671993,0.00632462875501339
0,0.25,0.619441783441783,0.00120862073315334,0.00737669444238785,0.0148143867785616,0.0162148464925075,0.000532976705538476,0.0109510190945897,0.000321744337616057,0.0067584587429213
0,0.25,0.589452145452146,-0.00388461269559363,0.00589460759036084,-0.0232542762624203,0.0118624352094502,-0.00746140442289567,0.00964247284018061,-0.00466922248234164,0.00619427334688943
0,0.25,0.574923346923347,0.00296358259752927,0.00562653155642302,0.00714001116706388,0.0117516317140611,0.00104299661390789,0.00973655256153453,0.000605567623926932,0.00542055725818611
0,0.25,0.563145659145659,0.00193631767072247,0.00559397095048002,0.0126368515889013,0.0109618975044498,-0.00269599963644625,0.0102693340658323,-0.00156102403091144,0.00560172325841107
0,0.25,0.611694023694024,-0.0143228075566677,0.00597246805664128,-0.0283369112831697,0.0101946043764251,-0.012287999212912,0.00980806545549308,-0.00751220483545279,0.00567032117891062
0,0.25,0.610040818040818,-0.00199601202206644,0.00621697427798496,0.00367549803518974,0.0117571905127138,-0.00596624003021906,0.010030399653727,-0.00371234579150698,0.00631814499219878
0,0.25,0.588097272097272,0.00379843155779498,0.00593102523791658,0.00640783094455096,0.0122388865102944,0.00347743828784725,0.01195343745907,0.00186015342255668,0.00624919847020941
0,0.25,0.572516672516672,0.00226802181665317,0.00547797905121514,0.00837188293889031,0.0102742434276493,-0.0136613791963033,0.0105006451389972,-0.00772272451733681,0.00578059980948636
0,0.25,0.580671460671461,0.000596865959635314,0.00635896915843081,-0.00174363450263468,0.0120757474492793,-0.0122061171415629,0.0104365687290273,-0.00709318884515572,0.00579237490974356
0,0.25,0.599026739026739,0.0118367477302909,0.006462680738229,0.019311154920078,0.0118425151996465,0.00388353311301977,0.0104630742384326,0.00232814116106687,0.00589718041528369
0,0.25,0.583093867093867,0.00143959628887331,0.0058042696808972,-0.0107022400560277,0.0116173311227721,0.00396248630810227,0.00976115878183895,0.00244919425379705,0.00582650307193533
0,0.25,0.591532815532816,-0.00590282516299553,0.0057358061304176,-0.0187806206644622,0.0107026217979022,0.012302279312768,0.0117282964483242,0.00632126119804117,0.00602042470422698
0,0.25,0.619670911670912,0.000453012076868037,0.00613836913275583,-0.00636102113863586,0.0145742899688971,0.00683740008744953,0.00997411356839877,0.00438691316982113,0.00625276588634517
0,0.25,0.600520284520284,-0.00260269011642864,0.00560371642129705,0.00167382161846793,0.0117239333382417,-0.0013623659293847,0.00976243555836239,-0.000839914671227637,0.00527161959942811
0,0.25,0.586511230511231,-0.00037024765521617,0.00579032491463968,-0.00173605413051748,0.0111456291549801,-0.0125589454347755,0.00903162219187196,-0.00802743652697482,0.00558628650922801
0,0.25,0.603185655185655,-0.00520881640699542,0.00669863007255568,-0.0109826109210548,0.0117485418119844,0.00355028950883473,0.0107287962527895,0.00204338505487049,0.00657175905069238
0,0.25,0.615048123048123,0.00837255877026785,0.00594158210220932,0.0102962751142288,0.0121454012820649,0.0184422076648812,0.00939112832833284,0.0118535370671789,0.00589266630088104
0,0.25,0.598352518352518,-0.0163874994409765,0.00562721741447817,-0.0265439550497548,0.00962613085486394,-0.0132377655342045,0.00934380661697182,-0.00802358342304718,0.00585480184502899
0,0.25,0.559001515001515,-0.000838207530642056,0.00597059597574252,-0.0201285901911083,0.0101980272363928,0.0185068861965692,0.011146946301934,0.01016813287579,0.00632467155748491
0,0.25,0.558730770730771,-0.00458171958033175,0.00582037143283806,-0.0039936794575661,0.0113613306159559,0.0044905943628017,0.0118536870613377,0.00226686197962862,0.00612509398167606
0,0.25,0.593184653184653,-0.0019596402614785,0.00607773382522789,-0.00484285002886604,0.0115343987893871,-0.00484474718534498,0.00988774658252758,-0.00291965138762854,0.00596682796052781
0,0.25,0.621719397719398,-0.00363876451261462,0.00666732093894816,-0.0111850858966362,0.0122085947248615,-0.00735811460940266,0.0104830369330633,-0.00430126358399443,0.00639642096208471
0,0.25,0.616146136146136,-0.00133788368052106,0.00612342061088291,-0.00858679384833515,0.0116823016460377,0.000286169228892832,0.00984311016859892,0.000179761448800806,0.00624849321006665
0,0.25,0.657201057201057,0.000110737760452636,0.00625697387643776,0.0265183578665383,0.0120336046645682,0.00289512723101115,0.00973145480718161,0.00182528400148738,0.00590383584700863
0,0.25,0.625080613080613,-0.00746344949762469,0.0065932497064609,-0.0257719577340196,0.0129906068225396,-0.00377996320703731,0.0105770099019684,-0.00222748655126509,0.00627250978170774
0,0.25,0.595100839100839,-0.00138467468387351,0.00620989040209378,6.32389171349371e-05,0.0133008422127961,-0.00671306746163488,0.0105628735314914,-0.00400456609215957,0.00625512866329234
0,0.25,0.558570966570966,-0.0160045062017473,0.00632172267031521,-0.0128212616986754,0.0109778997351726,-0.00420066443702161,0.010792773121442,-0.00239514071863773,0.00619807058472252
0,0.25,0.591888987888988,9.4552264139295e-05,0.00643317704690038,-0.00794123771093853,0.0135354578522836,-0.0105062214785296,0.0113826177217063,-0.00566606158036208,0.00598064437309184
0,0.25,0.635235731235731,0.00409392463102584,0.00588011321078241,-0.00291432019152335,0.0106621550480045,0.00307398300848183,0.00937792124737527,0.00196474972729862,0.00596140215992585
0,0.25,0.627879711879712,-0.0160870130941255,0.00648756271736038,-0.016958033257077,0.0115069560594531,-0.0233639925744664,0.0101335912782858,-0.0146863907873524,0.00612567674712352
0,0.25,0.571980103980104,-0.00564486294349662,0.00558492108569708,-0.00677892899290142,0.0128869054934962,0.00812690612115489,0.0112930961194263,0.00444602151691225,0.0061717643534917
0,0.25,0.619076551076551,0.00221371600058656,0.00723869660492272,0.0199847389633976,0.0154543401800813,-0.0127639088611569,0.0100613636874497,-0.00798609898290543,0.00612044468237422
0,0.25,0.592614844614845,0.00460948039223155,0.00602744619195353,0.0142240505331007,0.0132720418445428,-0.00673295960090649,0.0100513595190609,-0.00390235361207386,0.00611034793809511
0,0.25,0.603862551862552,0.00460558215097309,0.00676371690355525,0.00732721428973172,0.0130252721224186,0.0133681166633617,0.0110684024772003,0.00775582721490786,0.00678621099980684
0,0.25,0.577384237384237,0.00404921643942234,0.00673147016747324,0.0101926667938373,0.011487961880785,-0.00506930208340367,0.0113018734020945,-0.00287787142826134,0.00690250347722824
0,0.25,0.593711957711958,-0.00236506429280204,0.00615460297276219,0.00786408077752209,0.0108632580853148,0.0110625258717066,0.00937428274032513,0.00726468965225603,0.00610197552747255
0,0.25,0.595510303510303,0.0063004478588133,0.0061550035381574,0.011044253160015,0.0143842656673296,0.00329262158644454,0.0113458564073502,0.00178076499451934,0.00637736365217016
0,0.25,0.626795210795211,0.00421922480589976,0.00601317161982547,-0.00707191522217395,0.0127113474070091,0.00937312347306733,0.0102671761215021,0.00556717331797177,0.005915577453603
0,0.25,0.594197046197046,0.00531797120627944,0.00615952625735742,-0.00519180984129853,0.0124195184924099,0.0117612419999727,0.0104650938600886,0.00710001061822818,0.00645404154196702
0,0.25,0.626754086754087,-0.00120627968921315,0.00588988823974996,0.00401414339610835,0.010525255845984,-0.00680692442320463,0.00978370839623673,-0.00424083001143,0.00568977386330402
0,0.25,0.564744432744433,-0.00425477976776101,0.00612254545417185,-0.00932912628973987,0.0133630311715174,-0.00678319822830102,0.0116433682622046,-0.00351612503962607,0.0056899438294602
0,0.25,0.573290301290301,0.00189074838833095,0.00551121975070942,0.00678883907969022,0.0129185386498659,-0.000555676743111317,0.00983342072534742,-0.000329659620735326,0.005473334104014
0,0.25,0.623219423219423,-0.00163002475062241,0.00577426535161648,-0.00729294907033144,0.0137424049799538,-0.00955492016165972,0.00997950673020517,-0.00586188782290028,0.00561765799194564
0,0.25,0.587691803691804,-0.00137642568500442,0.00566056929603862,0.00534283417598096,0.011284724648189,0.00229168432769471,0.0108928577434343,0.00132674524922011,0.00631741604233003
0,0.25,0.556999324999325,0.00325386481520762,0.00565060793893117,-0.00300915876388414,0.012570387840906,0.0123393564740323,0.00962405459835038,0.0076309952879057,0.00557598623573746
0,0.25,0.58159898959899,-0.00628832952277044,0.00638425771583422,-0.0132430183612042,0.0114365226183285,-0.00266339540660358,0.010560108565035,-0.0015338689179281,0.0060855391703425
0,0.25,0.60961842961843,-0.00586251644041765,0.0056209365030248,0.0166779777444281,0.0107093579657565,-0.000522357156689773,0.00958933521247544,-0.000316597023270007,0.00548556874824428
0,0.25,0.598715338715339,0.00263314980394736,0.00639811066785249,0.000915215433419193,0.0106232049252866,0.00720307347080439,0.00992678852521532,0.00457262167772766,0.00646656612221412
0,0.25,0.58606975006975,-0.0049897985430681,0.00544328340087621,-0.0247370241290662,0.0100047638194034,-0.00969236687384891,0.0107681304873592,-0.00496177514451237,0.00547545742232953
0,0.25,0.60373425973426,0.00314131578419957,0.00605693556013954,0.0164269436207977,0.0120533318091643,0.00183680762448709,0.00979303166843895,0.00117057118678795,0.00658847409444432
0,0.25,0.557177333177333,0.0182959247207546,0.00567014114706123,0.0290043222190625,0.0129067529636804,0.00811718965162232,0.0101549739030448,0.0048588761886877,0.006258107783969
0,0.25,0.609965061965062,0.000369953931922226,0.00576203867485298,0.0076846757236381,0.012666670337533,0.00665393418440565,0.00900024822751394,0.00440355795412461,0.00591144290340667
0,0.25,0.614705678705679,8.93462293648601e-05,0.00561521156926685,-0.00191086274396721,0.0112361369048622,-0.00177583433350766,0.00948990916596275,-0.00111619968600776,0.00581558307268712
0,0.25,0.586221502221502,-0.00571460542590521,0.00575533546138924,-0.00554419258911476,0.0111029641516292,0.0126608912593767,0.00973787979407363,0.00800997666903455,0.00611466430125722
0,0.25,0.576401904401904,-0.00354798396508242,0.00640668015412634,0.00785242784431529,0.0124852045932284,0.000296827614771602,0.00994063386306675,0.000179053455467295,0.00650169956092778
0,0.25,0.602941190941191,0.00159783371021928,0.00623002954354715,-0.0117891924541095,0.012075983742244,0.0038391811285493,0.0105224402529225,0.00234306855059042,0.00627758724813624
0,0.25,0.579017523017523,0.00573688507018326,0.00562827428469957,0.00335374718630094,0.0123090301552705,-0.0065978249053108,0.0119718905760107,-0.003198069883934,0.00546311294122525
0,0.25,0.619523215523216,-0.00102189721080892,0.00616203996738851,-0.00222295900682789,0.0126148922139354,0.00503933474053184,0.00924679789913291,0.003201205111879,0.0062241549113604
0,0.25,0.623775371775372,-0.00150976159943946,0.0056335520954833,-0.00410019648468126,0.0122240685347783,0.00484823584183984,0.00981856286065808,0.00283721141016531,0.00573764287352081
0,0.25,0.59021531021531,0.00316678931849716,0.00626450091006967,-0.00307250118486642,0.0102302972438528,-0.00771209888301836,0.00913884793793903,-0.00508224394858316,0.00569057885980173
0,0.25,0.598153066153066,-0.0013798431411315,0.00577266642845564,0.0014210834367646,0.0116967823390718,-0.00539770244230239,0.0100646370913126,-0.00324772735526998,0.0059772920875556
0,0.25,0.639317667317667,-0.00191008016087176,0.00638170715092058,-0.00434604625072549,0.0130407784708493,-0.00904109462862497,0.00921012208970767,-0.00611011692634036,0.00654955432394838
0,0.25,0.560598728598729,0.00508476272731454,0.00615039937577483,0.0166006077940535,0.0134157139885667,0.00484291593645316,0.0103322660774905,0.00286429158238408,0.00550132364244649
0,0.25,0.588800028800029,0.000705431001440509,0.00651450926246633,-0.0098235281577841,0.0120713774465686,-0.00363751017498079,0.0105888739078118,-0.00215438808811074,0.00627645386021912
0,0.25,0.627741795741796,-0.00494364125212573,0.00565191861737346,-0.0143179897317911,0.0109744481957758,0.000152544852236919,0.0106820426663801,8.70494879921984e-05,0.00592224758256599
0,0.25,0.60433726033726,0.000703880140812577,0.00604218053681736,0.00323256416099965,0.0131659463783696,0.0180431710352083,0.0120920151576297,0.00949291882845401,0.00625033198064126
0,0.25,0.57449185049185,-0.00551642392339027,0.00627290666914753,-0.00744435437993262,0.0104739988825365,0.00691767541160152,0.00928682485146101,0.00432783140519366,0.00565213996533193
0,0.25,0.607760371760372,0.00396506826519504,0.00600460683199622,0.00625574796193808,0.0111347130542331,0.0214723027493301,0.00914602553888513,0.0138692626838167,0.0060534990665455
0,0.25,0.621280437280437,0.00496682888203838,0.0061663707102033,0.0127772588573557,0.0136454269006589,0.0102035126630278,0.00938845156267791,0.00663810855062591,0.00643525365015414
0,0.25,0.577860661860662,-0.0063023818344184,0.00579803616890837,-0.00510110767912448,0.0127909454770247,-0.0148826728140863,0.00937278127210133,-0.00949133605499741,0.00573010832542515
0,0.25,0.617192441192441,-0.00242313056420305,0.00606276401510491,-0.0155238248454919,0.010282936852694,-0.000832441082091483,0.0096911927109447,-0.000505724571046344,0.00592779844775134
0,0.25,0.610518526518527,-0.000875751650413712,0.00669419665075355,0.0121016341303238,0.0117244351400382,0.00438969601627264,0.00991438903159601,0.00279399860496146,0.00616361135421877
0,0.25,0.586733062733063,-0.00181784981545842,0.0062338159487468,0.00721166653131293,0.0113223001929773,0.0058243430937066,0.0102142573302746,0.00359164412956741,0.00629739009525556
0,0.25,0.602216474216474,-0.00245247887931879,0.00603284901928273,0.00716311908040917,0.0111177908008979,-0.00466018768263852,0.0099421165581608,-0.00267563025152181,0.00593238344293624
0,0.25,0.583183579183579,0.00821480850077896,0.0064852886173858,-0.002229423251626,0.0159595464560421,0.0146547439768267,0.0108443574179281,0.00861877338680127,0.00636361858348032
0,0.25,0.618296598296598,0.00398476007949133,0.00595063370274534,-0.00454215581052012,0.0106063183498886,0.000289440220681396,0.0109263841270586,0.000160705902966892,0.00585170655604565
0,0.25,0.563546267546268,-0.00175082222121907,0.00601881961293237,-0.00256209509347738,0.0122592363039092,-0.00649567538789014,0.0110121114972843,-0.00363492010510419,0.00587920909425944
0,0.25,0.592199632199632,0.006767970288924,0.00624592318039168,0.00330734403281453,0.0111989486372031,0.00766617390888561,0.0116949623842221,0.00411709025163522,0.0063062603287179
0,0.25,0.570985962985963,0.00379488597582159,0.00595624769177221,0.00332690883485412,0.0112146293316858,0.00423543588997669,0.0101174449650636,0.00258104569468786,0.00617570915840956
0,0.25,0.603311967311967,-0.000593085266277354,0.00577030313384684,0.00914186591973906,0.0110661003579477,0.00358886213625743,0.0106948264949704,0.0021096123199611,0.00614359252065226
0,0.25,0.626550662550662,0.0067067482755724,0.00612992244885579,0.00700165166626306,0.0116164825932658,0.0103166409907312,0.0111546957632099,0.00591612656443319,0.00619497556100535
0,0.25,0.580790272790273,-0.000108919753740659,0.00595706928725709,-0.00878664095576047,0.0121428326841792,-0.000254285433025291,0.0101826134557504,-0.000144697870189897,0.00539366170439989
0,0.25,0.570696762696763,-0.00209173728867892,0.00583438924681812,-0.0133265714426387,0.0114475195336812,0.000761217742498531,0.0104526439111676,0.00043827472257898,0.00600167119410638
0,0.25,0.602048138048138,-0.0035739770727172,0.00581674257246647,0.00652235145428858,0.0101290800828809,-0.00678536399054176,0.0102177351156448,-0.00397173048519443,0.00633275623363676
0,0.25,0.582138942138942,-0.00382510635723889,0.00629752515658781,-0.0057830077013526,0.0134207177144025,-0.00238481643110742,0.0103710691860801,-0.00137365181589621,0.0054604002632637
0,0.25,0.587114027114027,-0.0108960090649258,0.00638608363270287,-0.00939632955368573,0.0132063760012123,-0.00651000850492277,0.00968590050368492,-0.00410239705419313,0.00627129807030162
0,0.25,0.596384168384168,-0.00723999498572499,0.00640538389930692,-5.66624027752338e-05,0.0133966731450307,0.000587498034130879,0.0116512812963674,0.000312173798357612,0.00613659963910546
0,0.25,0.567676635676636,0.00433336832072562,0.00596739849971217,0.0179394513823874,0.0134569597110235,0.00846476467023793,0.00977722116544553,0.00525449458667524,0.00599720726952544
0,0.25,0.599078363078363,0.00646907907054837,0.00630427834554395,-0.0070145944191392,0.012107056848558,0.0133417227891601,0.0108966185806422,0.00775088980572101,0.006322443639777
0,0.25,0.565151437151437,-0.0023463586804967,0.00595352054582548,-0.00632338013902109,0.0100408993472627,-0.00114661652418072,0.0114861445592953,-0.000606904373861748,0.00610563805234171
0,0.25,0.598878226878227,-0.0101215625113543,0.00628024554876917,-0.0155085705605212,0.0123633279343857,-0.00984771126054296,0.0105031265617371,-0.00584187341559018,0.00603346559518688
0,0.25,0.600975192975193,0.00216918848256802,0.00588600356829146,0.00945702264816422,0.0113858895774871,-0.00148884728032275,0.0101026922557646,-0.000872380370035401,0.00600751875268207
0,0.25,0.605652113652114,0.0159663915085796,0.00589389832544628,0.0163815263180601,0.0133569154004214,0.0288346159809151,0.0100743940526115,0.018661618968213,0.00602311112865586
0,0.25,0.564036468036468,-0.00242615237075449,0.00591806494486714,0.00960491559270626,0.0118461660861647,0.00544821474830536,0.0112339975640524,0.00296892560877194,0.00616725539376143
0,0.25,0.593951417951418,0.00690172722958732,0.00620517545066918,-0.00220146845491308,0.0123899694285126,0.0050287517861826,0.00946336744927428,0.00322355582885909,0.00606791636850111
0,0.25,0.626797190797191,-0.00152978148069237,0.00606044463652878,0.017496292781087,0.0127496148606238,-0.00695379963502439,0.010479832582185,-0.00424032431920523,0.00631239621160393
0,0.25,0.573052077052077,-0.00831042314204584,0.00579729239877098,-0.00879499760277253,0.0118618399855326,-0.0139181159154433,0.0110086059377055,-0.00789141325862196,0.00592708853552148
0,0.25,0.623485715485716,0.00493859251107569,0.00634195895586857,-0.006929100752836,0.011544520633495,0.0100716464501169,0.00893530151744894,0.00685768630358414,0.00641001951358352
0,0.25,0.578856218856219,0.00657249827390706,0.00571820819220859,-0.00145594232704563,0.0117568657420475,0.00927842063503646,0.0118200094238329,0.00470566917230143,0.00592524792148154
0,0.25,0.588481788481789,-0.00351554404756984,0.00609535105157708,-0.0126463458611732,0.0109222516855568,-0.0180638467965439,0.0105897915789192,-0.0103357190288708,0.00613821501586056
0,0.25,0.591462771462771,0.00258751851511168,0.00567547064216415,-0.00803740396041527,0.0117006572588928,-0.00294080019495586,0.0104400699918228,-0.00168621176452828,0.00573990094775186
0,0.25,0.578226182226182,-0.00852343598999768,0.00653187446960809,0.016281359096919,0.0119906659405456,-0.000958588870809283,0.0110737640916307,-0.000552844928675901,0.00633809749903093
0,0.25,0.619385035385035,-0.00687689465595904,0.00584877541524591,-0.0127055626244016,0.0118474878096478,-0.00812198536213644,0.0113034362042794,-0.00441949119950695,0.00579997365040656
0,0.25,0.604549084549085,0.00190313981451601,0.00603960117661259,-0.00986654138861038,0.0109940671191122,0.00887530014542079,0.0105252908263587,0.00553062001347334,0.00572712599375154
0,0.25,0.588857340857341,-0.000894955665819141,0.00598420370760782,0.00855548545903245,0.0139604854290317,0.00553861288678491,0.0100085645470755,0.00340949115401289,0.00647165680557359
0,0.25,0.559072207072207,-0.000939130702912417,0.00607823524814499,0.0110244351618454,0.014100358792155,-0.00238483621943542,0.0122530221702221,-0.00120501696178371,0.0062791194384582
0,0.25,0.631666327666328,-0.00119804204142499,0.00624320226913936,0.00228785759176993,0.0133199794947302,0.000592670831708612,0.0100982089600487,0.000356734109815996,0.00587638509113337
0,0.25,0.580763512763513,0.00229986874699039,0.00551250040961812,-0.00847922579474593,0.0128530209163906,-0.000435782937772727,0.00938702623809842,-0.000281478033678884,0.00606120247028093
0,0.25,0.623141723141723,-0.000137815091897739,0.00621805954579141,-0.00311218794782812,0.011538464186234,-0.013191929719971,0.0104187491098465,-0.00779723093664512,0.00582504895173007
0,0.25,0.586419994419994,-0.00898469070481831,0.00518442404117042,0.00383239928512663,0.0124376241950516,0.00310418232542477,0.00870951415787433,0.00214287998574289,0.00582944070177397
0,0.25,0.592970416970417,0.00363963490211302,0.00619684117775326,0.0138299658264301,0.0130431084918938,0.0101477167149218,0.0112127804652356,0.00577264617485818,0.00634579423997887
0,0.25,0.621908457908458,-0.00129239468902285,0.00558519233905804,0.000198166718844328,0.00891325599734407,0.012543665027881,0.008731796937405,0.00817044153742249,0.00566861744029526
0,0.25,0.592884244884245,-0.00560478383581774,0.00579790706344875,-0.0100965804510841,0.0137136436126734,-0.00564991334387441,0.0106077873445625,-0.00313477770742181,0.00563439742614179
0,0.25,0.622053574053574,-0.00561514825652433,0.00616142169599117,-0.0119838924092384,0.0116092899672368,-0.0105444597609786,0.00978469416685008,-0.00682055226126837,0.00619742784895065
0,0.25,0.60835448035448,0.00246640860667228,0.00609499636673367,-0.000464174229655062,0.0118673757780224,-0.00116159105243854,0.00981157628571747,-0.00070664867929123,0.00598915633168801
0,0.25,0.596871368871369,-0.0129102066394943,0.00636753394227012,-0.00699689804596628,0.0144864225685395,-0.00273763256832823,0.0102922815257315,-0.00161278066866599,0.00579250950706725
0,0.25,0.57989517989518,0.00429558877346534,0.00703826546383403,-0.00343276548864651,0.0109799834548579,0.0117916476943893,0.0102026625293583,0.00718069235644656,0.00714496972777667
0,0.25,0.590971238971239,-0.0166326849882599,0.00565619593474258,-0.00555017116234669,0.0104617567219616,-0.00875640863406359,0.010732973108462,-0.00514003453059168,0.00615601634292656
0,0.25,0.60799207999208,0.000306160418206391,0.00566900098484291,-0.0118193138663179,0.0112773013623839,-0.00390725615313794,0.010677871562862,-0.00233006059629738,0.00639904252784442
0,0.25,0.583663711663712,-0.00676357024612241,0.00603299355961762,-0.00287898382876297,0.0106891411911133,-0.00110383237412382,0.0101561627708189,-0.000662302181895109,0.00585617798904325
0,0.25,0.634054438054438,0.00696097789507287,0.00625149834606356,0.032634553728751,0.0126236812106029,0.014142630933799,0.00948622833504159,0.00913167672023601,0.00623379752192819
0,0.25,0.629787005787006,-0.000206153902357033,0.00693473766616937,0.00524802814595397,0.0119088232257559,0.0108735678335623,0.00963369760247755,0.00697553766582779,0.00629380346804347
0,0.25,0.582127422127422,-0.00252153713110311,0.00593760363352398,0.00838530436871054,0.012066597340747,0.00474558525204126,0.0101805727716638,0.00296316012066529,0.00623690334104037
0,0.25,0.566206058206058,-0.00685458081384561,0.00681308635727724,0.0172992264230215,0.0127296170681891,-0.0175327794572852,0.0121481492048057,-0.00941617807039099,0.0061915461848124
0,0.25,0.596121968121968,0.00727477245760111,0.00643938311760381,0.00528332284769837,0.0121477252534991,0.00274117859689344,0.0101546793825053,0.0016831822141675,0.00658604047699837
0,0.25,0.59050853050853,0.00276519276573865,0.00569599872518855,0.0132130527709152,0.0108358944018877,-0.00480147672161062,0.00947653711300075,-0.003013827651934,0.00633089713946988
0,0.25,0.590307866307866,-0.003192830000323,0.00615453194419969,-0.0137741007283073,0.011303322024825,0.00479432086733195,0.00999278173667304,0.0028799543624064,0.00604916588745447
0,0.25,0.59948921948922,-0.00509120287236339,0.00637194930080497,-0.0140610348568874,0.0115869836552448,0.0109474054068963,0.0104342371145075,0.00633569232024538,0.00546383206750605
0,0.25,0.618343698343698,-0.00339506256942518,0.00614483108233681,0.0140099137223145,0.0127635974240139,0.000328592427126716,0.0100944607754707,0.000207969942874298,0.00628561914612533
0,0.25,0.626699450699451,-0.00561063971673643,0.00592254476662455,-4.14743392684499e-05,0.0108036029879536,-0.0083062871633193,0.00918775008631169,-0.00548199601191994,0.00624465341594043
0,0.25,0.619708723708724,0.000475934133966195,0.00581075684215095,0.00767062056383317,0.0105022986315677,-0.0138844902976728,0.00895216282611866,-0.0088801864992997,0.00542572851192691
0,0.25,0.614797802797803,0.00475024763937019,0.00588091529048832,0.00468835995200822,0.0120843775931356,0.00188994640578206,0.0100377274657238,0.00119589841033213,0.00681238910175228
0,0.25,0.543500967500968,-0.00154185904384736,0.00628081979811645,0.0155903922290796,0.0114992073832417,0.0204291219926383,0.0118960766264328,0.0108681650957753,0.00629402056249201
0,0.25,0.619673743673744,-0.00102901180900745,0.0061479651626157,-0.015075286169016,0.012150813668138,-0.00280636769883962,0.0098996584172586,-0.00176001181632451,0.0060756377353057
0,0.25,0.583141027141027,-0.0024604592230949,0.00551430062077211,-0.00970274780917458,0.0121003823877936,0.0141803342261826,0.0119794945047351,0.00724515511924838,0.00598530357670843
0,0.25,0.593437637437637,7.49024140531288e-05,0.0066735378442321,-0.0125570798332873,0.014851399454386,0.0112881885749847,0.0108128754256071,0.00673724578178037,0.00625251199119118
0,0.25,0.597302589302589,0.00165608430663213,0.00598572028695581,0.00587275089328504,0.0140123870182592,-0.00045437746392762,0.00983047765890536,-0.000273369085127068,0.00545277231610284
0,0.25,0.5598583998584,-0.0033720094499231,0.00545119824912891,-0.00951083041403903,0.0146436238399611,0.00242526261616777,0.0122885984409487,0.00120231027351975,0.00601531328482654
0,0.25,0.599605463605464,-0.000932373376747584,0.00622498254957735,-9.96758144213128e-05,0.0124970099632475,0.001347816676775,0.00931367180670812,0.000864746635586888,0.00618818221116898
0,0.25,0.59781528981529,0.00180451240827297,0.006008938881881,-0.012390491081649,0.0125593314303926,0.00137184014165319,0.0101580893055626,0.000850849852761896,0.00554421916014907
0,0.25,0.587541515541516,0.00158351224764384,0.00601525878369501,-0.00232041149250998,0.0117523902636043,0.00605939903737722,0.0102945424197365,0.00362834946105792,0.0062590989903235
0,0.25,0.588845364845365,0.00197557231980672,0.00682818276536142,0.00021029467845986,0.0124995314105388,0.00280455119363049,0.0103033951442711,0.00169326268934999,0.00614936701287754
0,0.25,0.543733095733096,0.000372623545629022,0.00631775704801793,0.00730553488006211,0.0120199617804962,0.0138607452214509,0.0126137382072275,0.00676980157580663,0.00623392786793154
0,0.25,0.594359346359346,0.00459512335984794,0.00562642042347957,0.00403360162141695,0.0100813217450166,-0.00545705626193823,0.00998004718117208,-0.00331801685499856,0.00558217717191605
0,0.25,0.584123684123684,-0.00589419754662386,0.00589094695546762,-0.0112176360480643,0.0117146502902196,-0.00563921230490118,0.00986245817387195,-0.00338353354192837,0.00593951814645181
0,0.25,0.582663414663415,0.00117910711488436,0.00564582774243728,-0.0124738979973791,0.00974991577506464,-0.00946118916432863,0.0106210491811008,-0.00534512147239985,0.0061662406288142
0,0.25,0.581515277515278,-0.000524731757748746,0.00531297172350853,-0.00238516418076307,0.0109937242585685,-0.0113697871378237,0.0111490474638494,-0.00615084622259767,0.00578595467919869
0,0.25,0.575241671241671,0.00514771579599587,0.00601379493402441,0.0244630828654614,0.011209960426109,0.00523270620401246,0.0106619517799172,0.00297879035280829,0.00609956739692362
0,0.25,0.56427948027948,-0.00415832359149662,0.00591719243017503,-0.0159114055781613,0.0113480428411866,-0.00262135128581779,0.0135064748676812,-0.0011776817150225,0.00630418638599364
0,0.25,0.597805977805978,0.00426542596197517,0.00574596914989747,0.00925044479994198,0.0117624761125473,0.00785103159782385,0.0106108002816122,0.00461217589226521,0.00576191033790798
0,0.25,0.59625248025248,0.00673085161290662,0.00612483062451276,-0.00362365816262612,0.014651882306727,-0.0114844531113535,0.0103617900097331,-0.00711070624748095,0.00633994099839875
0,0.25,0.588014136014136,-0.0039568483642154,0.00590063888027442,-0.0018110873290226,0.0113237040449721,0.00265881046779561,0.010942742081633,0.0014350694476863,0.00592862795201233
0,0.25,0.593768537768538,0.00168689449760165,0.00582166355008307,0.0113892248680734,0.0112219252627738,0.00608347467025818,0.00864185484059644,0.00418453180380183,0.00574304262674857
0,0.25,0.58994926994927,-0.00662086528441697,0.00614248647874044,-0.00116789554537935,0.0123944364397551,-0.0258486136023569,0.0109251366256753,-0.0150534644475698,0.00594433739782028
0,0.25,0.551240123240123,0.00900633789700483,0.00579169421156983,0.00998149337837184,0.0100328365684173,0.0204838995355859,0.0111649180204202,0.0114150915038511,0.00580395828547379
0,0.25,0.610585702585703,0.00111105477685934,0.00600707862692678,-0.00251527310769536,0.014197769100334,-0.0034257530372139,0.0097795195725611,-0.00221982232371715,0.00613708379659411
0,0.25,0.553134985134985,-0.0105162156010902,0.00614682828135726,-0.015228378302971,0.0120661961291391,-0.00898194610290149,0.010283226860051,-0.00522979355742548,0.00603760035205693
0,0.25,0.627293679293679,0.00220493519683317,0.00563373718300424,0.028012929855885,0.0111871165481506,0.000397727064675384,0.00937624144384177,0.000258099448538425,0.00588949613633511
0,0.25,0.588608712608713,-0.0038404291816963,0.00594362334628421,-0.0065106764339069,0.0134494706792579,0.000233422821173963,0.00888984507845186,0.000154941485219586,0.00588790638086133
0,0.25,0.611367515367515,-0.00495307421344125,0.00597152620940561,-0.00453511542501066,0.0133017551902275,-0.00559695062495622,0.00927047746095619,-0.00363685401915879,0.0061791110539228
0,0.25,0.541478905478905,-0.00546902333024702,0.00553654580633132,0.0119184215377487,0.0123970778188742,-0.0124957663444474,0.0114463523188683,-0.0064969082777324,0.00611274138209451
0,0.25,0.602803574803575,-0.00309683616347861,0.0056896832970496,-0.00397335021792243,0.0102470539678758,0.0108849844875347,0.0088827005790967,0.007214698478762,0.00579727217032867
0,0.25,0.625431541431541,-0.00185167095124737,0.00646474968335786,0.00650048383331104,0.0138934427707866,0.00783949347195293,0.00979538839693711,0.00502112920334875,0.00610609028224052
0,0.25,0.605008829008829,0.0108120313247634,0.00616424338660515,0.00988316859520233,0.0115650643153259,0.0169786531922353,0.0109706150935044,0.00975917054515697,0.00640337428295507
0,0.25,0.61426949026949,-0.00157397957143951,0.00613847163678521,-0.0170131345305704,0.0127733281757809,0.00522026819982921,0.00951649372964745,0.00327390245787187,0.00591484828569722
0,0.25,0.542669414669415,0.00563336992262677,0.00615800583360476,-0.00384588117248315,0.0130631049645227,-0.00249358768672884,0.0108286731439137,-0.00135790968939076,0.00564721857892823
0,0.25,0.582954402954403,-0.00620890431464294,0.00599958840498119,0.00140208681110747,0.0103939063533194,-0.010662023782319,0.0106176352335603,-0.00628471783799504,0.00619838045239424
0,0.25,0.596211848211848,-0.0113684784778024,0.00663778566774783,-0.0360670307040741,0.0126264031865783,-0.0148009103080169,0.0115407099512094,-0.00834330008102416,0.00625805291199303
0,0.25,0.604575952575953,-0.0124429672545003,0.00564419658341295,-0.0160885919701529,0.0120945473323746,-0.0160503711553152,0.00917050123217927,-0.0104434412747372,0.00598301372979205
0,0.25,0.582192222192222,0.00675668816472911,0.00618440673494953,-0.0145911366788555,0.0115364722674734,0.00753853563275373,0.0101346963607416,0.00461310572363848,0.00617953311481942
0,0.25,0.54962106962107,0.00552265877733443,0.00579897220555122,0.00463033471760888,0.0106777759371009,0.00635219457847764,0.0113940554240753,0.00338433685752331,0.00617813320008423
0,0.25,0.622149274149274,-0.00292906760458458,0.00694584346223963,0.000816666264263655,0.0136251688803694,0.00045777286596471,0.0104232464926901,0.000286181396293254,0.00711736858745247
0,0.25,0.633514665514666,0.00519924233140984,0.00618350978040587,0.012862895319092,0.0123609757324338,-0.019661229378495,0.0100980837671279,-0.0123760873315906,0.00608846216550952
0,0.25,0.554168246168246,-0.00250554118143514,0.0074019337116933,-0.00371045128706907,0.015722766426696,-0.00378673819505348,0.0112501165621238,-0.00219107383797137,0.00642287946413463
0,0.25,0.584164172164172,0.00693392585402079,0.00584537375865188,-0.00913475068539754,0.0121889167336113,0.00522402273637898,0.0111354489472203,0.00293028983235388,0.00617814710311792
0,0.25,0.594678630678631,0.00656879613957821,0.00538298879459745,0.0152817485921313,0.0101878195223619,0.0133507303944939,0.0105595067313869,0.00769488611516443,0.0057746358158194
0,0.25,0.598676638676639,0.000825619809205665,0.0056636736480842,-0.00506689764039051,0.0105292962918645,0.0120554075628842,0.00916455347776366,0.0073831826945033,0.00555816332047954
0,0.25,0.59634062034062,0.00125134625622728,0.00616276253610411,0.00577952194363846,0.0118446780967412,-0.00358261371820543,0.00965630879377351,-0.00231032100950699,0.00621170792093307
0,0.25,0.613689433689434,0.00411457089053989,0.00604713317596153,-0.0109870759480966,0.0101791764808843,0.00724876409476772,0.00963101586254448,0.00466320194704638,0.00624781460354153
0,0.25,0.581685413685414,0.0132879937215293,0.00594503076762024,-0.000581142739089544,0.0115943171229372,0.00955933169481341,0.00970806077256622,0.00603444676860281,0.00562161521458705
0,0.25,0.586156966156966,-0.00815750658702429,0.00599163776054617,-0.019514504194713,0.0110613977673065,-0.00926237319153121,0.00980215849744142,-0.00569546410785665,0.00632402356944654
0,0.25,0.633891837891838,0.010171063467844,0.00624016385120254,-0.00725055706372133,0.0117753632557914,0.0125111267972813,0.00950898346207247,0.00778993746270224,0.00614242437230469
0,0.25,0.597100089100089,-0.0155557803250655,0.00632251006800851,-0.00915250521496923,0.0121095266822406,-0.0198342065386348,0.0126979181596221,-0.00975981598263361,0.00639136080149715
0,0.25,0.57618888018888,-0.00319973994850482,0.00538303313997507,-0.0174352463084943,0.0106429407384668,0.000290708075044693,0.00972163016621933,0.00017622400035718,0.00563146356310081
0,0.25,0.602843822843823,0.00193237562056397,0.00593898287923037,0.0201799364982825,0.0121006292991348,-0.017475446105569,0.0103788878595383,-0.010332288195278,0.00607843420638025
0,0.25,0.543839595839596,0.00934533724592723,0.00603646290559996,0.000351296333872596,0.0133781971451286,0.0226408673334318,0.0105138464603586,0.01314147919705,0.00604697869467647
0,0.25,0.611342735342735,0.00296213432487123,0.0058880243938882,-0.00705144151406322,0.0111635013213397,0.0123199998854105,0.00917345718390748,0.00773813998021781,0.00619362781796864
0,0.25,0.618840162840163,0.00642555596617388,0.00621533705814469,0.0148186197481503,0.0131784068268926,-0.00589565302816743,0.00951811493845488,-0.00387821922830318,0.00603078153086895
0,0.25,0.589026997026997,0.000687023069656838,0.00580647718758943,-0.002617405155907,0.0110495396491936,0.0011631051767481,0.00978092333462332,0.000739535209773308,0.00576746038295902
0,0.25,0.593101913101913,0.00545273374622513,0.00590167861532765,0.012293134468819,0.0103663953724906,-0.00305303626075471,0.0092177541609905,-0.00194591085023088,0.0061089287144639
0,0.25,0.600966228966229,0.00188776710853364,0.00643483742913374,0.0223358300011619,0.0134944322017574,-0.00752996180828562,0.0125748741407592,-0.00381733272329961,0.0069926830097198
0,0.25,0.540970152970153,0.00406092354169406,0.00626551693012793,0.0123112429521986,0.013364960161818,0.00866333173287025,0.0105660383391011,0.00496723953319382,0.00616213985817516
0,0.25,0.584240192240192,-0.00246814277033723,0.00617404652348257,-0.00963977268364314,0.0111193221220385,-0.00542132849556837,0.010245330180292,-0.00328782965844197,0.00615625652198383
0,0.25,0.549375237375237,0.00667409391516902,0.00593803213625157,-0.00428760182113672,0.0117317156199978,0.0148679825526908,0.0106466438101642,0.00836872601695683,0.00620766905325707
0,0.25,0.603281451281451,0.00126947957473662,0.00601017703022306,-0.0100170197402702,0.0124525192751752,0.00788766792983416,0.00943241090462999,0.00502932133786429,0.00591140539294759
0,0.25,0.56195946995947,3.84188930101773e-05,0.00688483957184465,-0.0192462600513192,0.0129672026027326,0.00687304030715032,0.010472189526587,0.00404514301930138,0.00657888378992151
0,0.25,0.561045777045777,0.000362067894999197,0.00610747541905163,-0.0137119338621377,0.0121752769913625,-0.00818147794752454,0.00967902717298881,-0.00482611732013055,0.00566252793264163
0,0.25,0.602134994134994,0.00388336026915913,0.00583002561202617,-0.00164173477313064,0.0119259426478602,-0.00290049229992172,0.00926377374951543,-0.0018696034071324,0.00594097752027846
0,0.25,0.582458346458346,0.00282441226022854,0.00605307983422441,0.0105127053001222,0.0118139623875517,-0.0129807656946787,0.0107184080247497,-0.00718929569857122,0.00579201048336129
0,0.25,0.585692553692554,-0.00650897758049622,0.00578961478980837,-0.00855205006614487,0.0102514671997895,-0.0038479997421446,0.0101988910761119,-0.002172322304682,0.00541447506631842
0,0.25,0.603016899016899,-0.00345638313189145,0.0059732909418627,-0.00760123828062437,0.0125473922447488,-0.0132145493699148,0.0109166775491425,-0.00755469247695145,0.00655829791941676
0,0.25,0.631409095409095,0.0110086593805417,0.00595162586763231,-0.00161331440326157,0.0126076790797836,0.0145028971515445,0.0101964469943394,0.00896493191773209,0.00618009583782954
0,0.25,0.572143928143928,0.0111951040793,0.0062956113565279,0.0116110931865575,0.0113101559425239,0.00738901780466729,0.0119339574285276,0.00383625156391996,0.00573143706788279
0,0.25,0.573473577473577,0.00664151769082262,0.00696989832459694,0.0171486343856586,0.0137922123554817,0.0183714304845128,0.0105179474019386,0.0111100268493991,0.00664861072663848
0,0.25,0.584815916815917,0.00696731485503266,0.00576376955753875,0.00281334525531949,0.0131048466764201,0.00748597687966995,0.00921994899456689,0.00472156529464514,0.00609135456355371
0,0.25,0.553525273525273,-0.0104528556410947,0.00597931879872453,-0.000374682224605972,0.0117183181810418,-0.0127059506552021,0.0108153703986401,-0.00708719518883652,0.00616630639949734
0,0.25,0.580622440622441,-0.0166350289189045,0.00558648708430415,-0.0209971054842715,0.0114709686996119,-0.0245790699471539,0.0109603468511511,-0.0135755051349659,0.00576165269671474
0,0.25,0.581082089082089,-0.00678077137534667,0.0064234190408237,-0.0288614358263724,0.0138251855624817,-0.00176258695207116,0.0106512344579785,-0.00107969785801826,0.00677022457555947
0,0.25,0.585812181812182,-0.00168574439843014,0.00599034561722397,-0.0218353855361861,0.014045867220361,-0.00741515860402469,0.0109800936850853,-0.00410691473309252,0.00601219772997814
0,0.25,0.595036867036867,-0.00156542455349579,0.00563828602328665,-0.00382089057674098,0.0118693239471553,0.0023432835124532,0.00964805839731415,0.00141832142645789,0.00587626686140859
0,0.25,0.578246954246954,-0.00814729421094957,0.00607853471844701,-0.008966059115037,0.0116339402027218,0.00222047467187728,0.0108261854121637,0.00130847900052035,0.00616646467499302
0,0.25,0.571973635973636,0.0062662459394231,0.00636702056743946,0.000247205753887338,0.0142671447590981,-0.000772766439196975,0.0119686663316971,-0.000397842669816766,0.00558547393212486
0,0.25,0.555185619185619,0.00296841006822093,0.00601742916758239,0.0074645130114648,0.0128516915800721,0.0115173227712179,0.0110121699448286,0.00663767582725295,0.00661897330902696
0,0.25,0.589393369393369,0.00866407020920059,0.00620157468773729,0.0211246657281195,0.0137599327387978,0.0125249432967149,0.0110024975158997,0.00694586858583986,0.00591072437373208
0,0.25,0.568956712956713,-0.00205663382162623,0.00579974262003454,0.0174563599895894,0.0126989478440172,0.00846470787888377,0.0101050158647736,0.0049599863432788,0.00541110881644638
0,0.25,0.58805664005664,0.000784014833190068,0.00640610789967768,0.0148385492480928,0.0123813841978954,-0.00549160409427289,0.0108328637089473,-0.00297816661045401,0.00597026990156947
0,0.25,0.632327276327276,0.00146854575994258,0.00611075071490976,0.00143511941257384,0.0117666774554154,0.00517394414355276,0.0100496315656782,0.00317844344075877,0.00613047025404181
0,0.25,0.573101757101757,-0.00160953931063287,0.00553978255256803,-0.0223385827627031,0.0111328095361339,-0.00866750501989562,0.0102277189033612,-0.00498978158761556,0.0060077209398763
0,0.25,0.581871977871978,0.00418206419031219,0.00655275712312959,0.00430161761511578,0.0114468802685262,0.0125902263367002,0.0102468783903883,0.007710094650472,0.00585427198923723
0,0.25,0.590674298674299,0.00568247407501361,0.00695535130837703,0.0191045545733371,0.0118996272782612,0.0140858134639623,0.0106034445046505,0.00832649320597277,0.00651080540939494
0,0.25,0.587005811005811,-0.00128474818927747,0.00620858358791481,-0.0153621408117298,0.0123267032931201,0.00498738510401091,0.0114854281198217,0.00273236526033298,0.00607480849434822
0,0.25,0.618813870813871,-0.00377627558747111,0.00664140210622237,0.0242773375803142,0.0121659804834874,7.99380221878543e-05,0.010038738901427,5.0403081693009e-05,0.00656998798926822
0,0.25,0.590175518175518,-0.00671144347283014,0.00598986396476295,-0.011406357569803,0.011536035581607,-0.00171116980815541,0.0100794307915985,-0.00105519515257841,0.00632347682681932
0,0.25,0.619094683094683,-0.0024673626095784,0.00637161941157901,0.00597009164858393,0.0125445479526285,-0.0177698028622978,0.00989831123835454,-0.01065733711991,0.00643182610434474
0,0.25,0.564966048966049,-0.00334235703924003,0.0058171194932113,0.0154776536288815,0.0113529341791719,0.0111389454591434,0.0102402466902074,0.00658466521976991,0.00637417469311528
0,0.25,0.599299943299943,0.00324102360018821,0.00564074827527586,6.86549345512583e-06,0.0115243881111009,-0.00237852525145951,0.00972451146598589,-0.00145181948414468,0.0054390947572884
0,0.25,0.630283698283698,-0.0062733903354917,0.00619195197476385,-0.00493476936468634,0.0120746645948811,-0.00842889430637929,0.00871297440322951,-0.00599067538021466,0.00573680564476877
0,0.25,0.595798315798316,0.00282514754800948,0.00626997342028959,-0.00505802464964826,0.0133600656559169,-0.0125011268489095,0.0109383492951465,-0.00691265567652004,0.0058925738810794
0,0.25,0.614711186711187,-0.00723895030106167,0.00614058240635921,-0.00218621995738841,0.0129772454573609,-0.0159248162710676,0.0112711673304435,-0.00900669028700279,0.00654580202129534
0,0.25,0.623319599319599,-0.0115513204633092,0.00601286533632824,-0.0352159693153152,0.0116884508477105,-0.00944090877764464,0.00921345948605451,-0.00626091503549478,0.00650949882681287
0,0.25,0.578237462237462,-0.0074150293894302,0.00617160029516374,-0.00597304086993291,0.0133893708657957,-0.00525560944187397,0.010390757832789,-0.00321626731375088,0.00619799327055268
0,0.25,0.596433176433177,0.000965206245861576,0.00556894632467928,0.000304211072094666,0.0124763194905741,0.000674923872596451,0.0092837064358889,0.000437287585021166,0.00572053254805827
0,0.25,0.649038949038949,-0.00398278255393307,0.00653302528263876,0.00348623444500477,0.0103534936961548,0.00104335217517437,0.00917312785011751,0.000701541972725711,0.00598080380303702
0,0.25,0.578927162927163,-0.00712467657033345,0.00577092210381332,-0.00896833601286178,0.0105875861800113,-0.0120104354766471,0.0108015703022521,-0.00674653142196581,0.00576322654848362
0,0.25,0.62438988038988,-0.00788539544657768,0.00620825782471354,-0.0123914501450212,0.0132204060948712,-0.00106417543865094,0.00972366785221911,-0.000679836349336979,0.00645714015492946
0,0.25,0.55408241008241,-0.0117795604173058,0.00569462086419532,-0.0222274487471837,0.0129109302666063,-0.00716713845269797,0.0133282183896357,-0.00333531836115604,0.00643189650055994
0,0.25,0.577957021957022,0.00477727174296066,0.00533918925057569,-0.00180613500459617,0.0126417270348677,0.0293132386828009,0.0118213817103361,0.0152017365225479,0.00545919918211175
0,0.25,0.624716484716485,-0.00685047059853425,0.00646331744679816,-0.00261055482327352,0.0139087684981506,-0.00696905078136018,0.00953485759857144,-0.00460886327262021,0.00618798567098215
0,0.25,0.570484626484627,0.00378245060675787,0.00592371751537276,0.0132574117402965,0.0109998711017749,-0.00042758512464465,0.00992596907259219,-0.000256813012195686,0.00592752877219987
0,0.25,0.592727968727969,0.0063747406717384,0.00540846311604131,0.0170770812065009,0.0117079408774051,0.00634564241600655,0.0097452995478323,0.00422395156147425,0.00633935146498237
0,0.25,0.584500028500029,-0.00325806623498209,0.00643818174760181,-0.0213330830887146,0.0114323367898306,-0.00610892134090928,0.00978206057454166,-0.00377516164562074,0.0060985618360435
0,0.25,0.595598035598036,0.00300404306390598,0.00565830704317162,0.00875559263753982,0.0114680350779361,-0.00484189385509172,0.0101392254444946,-0.00300411093268457,0.00615993218139404
0,0.25,0.57775966975967,-0.00586223035185613,0.00640027855451383,0.00629712045906761,0.011126507041914,0.00708065504617151,0.0111013366068771,0.00390522640201506,0.00671582208993273
0,0.25,0.576987816987817,0.0142461110441713,0.00583899904271493,0.00871676912440377,0.00978546223455403,0.00825368597473249,0.0134697560102787,0.00380672821739276,0.00626833960032322
0,0.25,0.590531138531139,-0.00456270702645638,0.00593385058945946,0.00945117510317793,0.0107993389866906,-0.015011290685459,0.010148782475662,-0.00874892549859861,0.00578383761244491
0,0.25,0.60383667983668,0.00144435042944908,0.00569270258043216,-0.00556057425405139,0.0129734470757467,-0.000983670004702267,0.00970049729334,-0.000605272885175365,0.00573341565586158
0,0.25,0.59198847998848,-0.00338974381026247,0.00606795564243035,-0.00593480644352115,0.0129776812146515,-0.00406028381392881,0.0106898093308983,-0.00236404623942787,0.00614273379102118
0,0.25,0.578052722052722,0.00830870198833738,0.00559040839316696,0.00388640383011949,0.0131039531616777,-0.0122724735268474,0.00952898665670885,-0.00737566920830934,0.00557763656115738
0,0.25,0.618477726477726,0.00913213898999824,0.00589039737768661,0.0120438004645989,0.0126529273117751,0.0153890419166533,0.009047340400185,0.010311207002769,0.00613763751028057
0,0.25,0.591976551976552,-0.00222525291879567,0.00526100460594684,0.0106334173567034,0.0106887091819241,-0.000931038159284759,0.0105447976548963,-0.000518053710519947,0.00564934303500896
0,0.25,0.581184713184713,0.0102867802622529,0.00591987021940244,0.0225118468582002,0.0125715678093464,0.000318729349956489,0.0110435824669932,0.000176192794019376,0.00571348185033144
0,0.25,0.606987906987907,0.0029686651153988,0.00582805298359219,-0.00786125500445288,0.0118307527256792,0.0155780208352097,0.011003410226139,0.00875852565488842,0.00588102343932075
0,0.25,0.577098277098277,0.00376114637265253,0.00584953937724081,-0.000338551151393952,0.0103681048278025,0.0048823269351545,0.00961192759010067,0.00293218821957375,0.00539243939956665
0,0.25,0.592223416223416,0.00851620468266852,0.00671666398329472,0.0198315850448145,0.0127508346819603,0.0272786516712088,0.0107180780600525,0.0163385065526417,0.00630856325503669
0,0.25,0.605373893373893,-4.84466756288339e-06,0.00639668181573628,0.00230210845976059,0.0110661687608868,-0.00817754415698895,0.0106371082917995,-0.00482368656796341,0.00613224932106404
0,0.25,0.63621174021174,-0.00268508218460058,0.00595798154135205,0.0109932071825757,0.0102486658679986,-0.00121013286649768,0.0102926472878144,-0.000753240862412745,0.00641453171480966
0,0.25,0.587210243210243,-0.00658511548140139,0.0060170540984528,0.01315683620442,0.0125371848141926,0.00386309763434018,0.0118075274709415,0.00207868973991821,0.0060208174165769
0,0.25,0.583395883395883,8.83525863732619e-05,0.00602825414319152,-0.00585942503879339,0.0105655168763288,0.00795057734595842,0.0111461374798613,0.00447570187371674,0.00596427614340527
0,0.25,0.56618459018459,0.00202549036775532,0.00559167896043832,0.0148856381671673,0.0113318724233289,0.00254144504884451,0.0103611402575834,0.00146771137884069,0.0057462601607661
0,0.25,0.610690210690211,-0.0054539342405812,0.00636511237733833,-0.0155072378356596,0.0119511132232816,-0.00259034945450574,0.010860173917216,-0.00157314225367334,0.00650645531035111
0,0.25,0.608823428823429,0.00307396519864051,0.00606820845869347,0.0129772231689076,0.01371826753426,-0.00492462708383511,0.00942044437105331,-0.00321004534395053,0.00601611831459529
0,0.25,0.624079668079668,-0.00600381243363145,0.00615074631308992,0.00369864906431581,0.0111113002317536,-0.000675940598073563,0.0105907991463194,-0.000385725499039069,0.00637193084309741
0,0.25,0.581191661191661,0.00996297413595524,0.00609636862240496,0.0123970058981875,0.0120602204812159,0.0216595507685187,0.010840167386524,0.012673786634424,0.00610019157494507
0,0.25,0.569901041901042,-0.00296708351438907,0.00576352366489831,-0.0169441029857756,0.0120697752622786,0.00238909491092233,0.0111392770187134,0.0012918115599858,0.00572200039412028
0,0.25,0.642676146676147,-0.00506165648378245,0.00591691408024176,0.0123040226329012,0.0110202671345084,-0.00383018601803148,0.00834869480579573,-0.00263429329170942,0.00562687496282433
0,0.25,0.597938625938626,0.00352297519877603,0.00569947767949015,-0.00426364613502387,0.0104797200357416,-0.00599939562442738,0.0105445791507615,-0.00357315682103997,0.00610364619555505
0,0.25,0.600065112065112,0.00920966576037586,0.00580197575347526,0.00404593950995705,0.0106811834117593,-0.00609272646523833,0.0109671766661795,-0.00348270018214293,0.00662497290549338
0,0.25,0.57001695001695,-3.65022283723801e-05,0.00611071175031802,0.00659908958556561,0.0124545629043138,-0.0104397125584951,0.0122558936137507,-0.00525697924559673,0.00576096731405386
0,0.25,0.618493554493554,0.000313610189866401,0.00546977068237582,0.0115855298477296,0.0101661985167984,-0.00802597355649108,0.00907541484088301,-0.00513425236091277,0.00568178108943646
0,0.25,0.592680088680089,0.00959150696561646,0.00616248507945217,0.00858474356002237,0.0146243850758646,0.00993186141899436,0.0105134362248906,0.00599716902169678,0.00648758650345525
0,0.25,0.586458382458382,0.00367871848605675,0.00629075087626354,-0.0036038743226493,0.01144269895345,0.00886739992281867,0.0108088462566361,0.00528494427403842,0.00641707045308226
0,0.25,0.596175728175728,0.00463999033596291,0.00605495616677698,0.00698587170988618,0.0133190483548622,-0.00345573772201222,0.00922297258332225,-0.0023328556762939,0.00630817734778198
0,0.25,0.60623529023529,-0.00833893532615775,0.00619155341875204,-0.0145743515315355,0.0126112647451255,-0.00846901080514093,0.00990665445837855,-0.00544994266495621,0.00628317517632438
0,0.25,0.591231963231963,0.00427658070913675,0.00595902390960606,0.00346964576034859,0.0107874125480468,0.00444549841511974,0.0103802973824744,0.00262422401855765,0.00584701249230943
0,0.25,0.607294339294339,0.000110622075591933,0.00597759438477921,-0.00461306430766973,0.0118655557544705,-0.0126269222174227,0.00962542671670379,-0.00788212265738548,0.00575972614071211
0,0.25,0.62019902019902,0.00137233284653353,0.0060033343216706,0.00988758610512455,0.0110472722124643,-0.00437489823515075,0.00885044557310519,-0.00299423035341702,0.00607813706608147
0,0.25,0.61789562989563,0.00355143837272589,0.00646440147433097,0.0149152227981391,0.0130399901718754,0.000576311002164494,0.00979069678636948,0.000356134800815105,0.00567638333117079
0,0.25,0.623032523032523,-0.000571332952805646,0.00592548883349472,-0.00115064105036908,0.0123025530664127,0.00600177934570006,0.00988551143830879,0.00369151219673815,0.0060185808955513
0,0.25,0.604168456168456,-0.00222669411783585,0.00583371652683713,-0.0158531927071211,0.0135535839132299,-0.00879209808737852,0.00970696889334912,-0.00537974653376795,0.00541906519335388
0,0.25,0.594228726228726,-0.00732966479622958,0.0057873976311489,-0.00568686390900141,0.0116263838452886,-0.00150873423289157,0.00997697840365318,-0.000941212806629687,0.00637312608995333
0,0.25,0.629095277095277,0.00514987702583616,0.00652874165392196,-0.0122233929932032,0.0128048727791642,-0.00392496502500477,0.00960149068437781,-0.00245603141647076,0.00643083337931213
0,0.25,0.580626196626197,0.00548821144474259,0.00603692264929066,-0.00664913383737747,0.00996564308084657,0.00989283309856344,0.00974678382130426,0.00604351444740906,0.00626055932913671
0,0.25,0.565862341862342,0.0044392716780633,0.0063320621293332,0.0102240906001235,0.0114463289263024,0.0172538384118627,0.0107260828155774,0.00995191305540016,0.00600513093732714
0,0.25,0.553112245112245,-0.00707486940629697,0.00560958055409516,0.00709256956240364,0.0135526056426552,-0.0148815968859492,0.0102883531341068,-0.00881509752778651,0.00544553465670117
0,0.25,0.57571817971818,0.000375318901435219,0.00599001811666208,-0.00114107493266546,0.0139804395187141,0.00564878167779097,0.0105916571613345,0.0031906249489117,0.00615443917864317
0,0.25,0.617177513177513,-0.00301784274294441,0.00622081200701086,0.00422969203972233,0.0132779511661935,-0.00755796216131201,0.0104908396606833,-0.00447121006853222,0.00617206512099425
0,0.25,0.606743082743083,0.00354098550853094,0.00582873719196104,0.0239414799387488,0.011762601201782,-0.00603825044203337,0.00958985588191685,-0.00366299575471614,0.00586007419314667
0,0.25,0.59414805014805,0.00205030707221637,0.00605044404226006,-0.00297602977065856,0.0121812452542623,0.0113984360259184,0.0100314754940365,0.0068066265346743,0.0059024975890597
0,0.25,0.622370458370458,0.00144248136359618,0.00606632085647419,0.00264109948539981,0.0098784888852661,0.00698884848941072,0.00944983130449242,0.00432658915518463,0.00606674159830723
0,0.25,0.601524853524854,-3.59163243340725e-05,0.00653731981375612,0.000710976614851542,0.0128013149414177,0.00192852620422189,0.0103791185101421,0.0011520631086463,0.00627228908760207
0,0.25,0.586635094635095,-0.00536663197929912,0.00621539722154361,-0.00123786117687419,0.011925982386518,-0.0118909862877108,0.00945656766077222,-0.00753000511733292,0.00612653665769446
0,0.25,0.584611496611497,-0.00579714878099678,0.00607633561919154,-0.00168542734780025,0.0121095046714941,0.00582783969229946,0.010483621189607,0.0034233073581402,0.00630015122078616
0,0.25,0.609720561720562,0.00616800145901279,0.00568091348625131,0.0035947508857824,0.0123318252934858,-9.25412260837865e-05,0.0101914824398438,-5.36921900832749e-05,0.00605071623992864
0,0.25,0.588851424851425,-0.00382477011224242,0.00645397117081334,5.38986028078542e-05,0.0122758791040013,-0.0136051107957048,0.0104542424979143,-0.00794969972092516,0.00655759938434524
0,0.25,0.608732516732517,0.00394897668648412,0.00637561222690435,0.00453663365751997,0.0135776503690238,0.00165795565891721,0.00966302302040655,0.00102352932920522,0.00616979498295753
0,0.25,0.599397275397275,-0.00404292942442286,0.00599510302296922,0.00493683317639935,0.0127254035414988,0.00617805938996275,0.00948120487966533,0.00398559650729395,0.00599735620428352
0,0.25,0.608807384807385,0.0010010484324652,0.00577298798089434,-0.0118581812751861,0.0117011873181312,0.0126065670380605,0.00997312053240576,0.00785962497351779,0.00601652480674694
0,0.25,0.63606978006978,-0.00521713451307118,0.00636543530232558,-0.0024905538927921,0.0120746789760251,0.00609338552404263,0.00986554949403204,0.00400930669192992,0.0063941503514999
0,0.25,0.606800478800479,-0.00533067156544541,0.00636233769031648,-0.0239132508656591,0.0109982076809534,-0.00705637910363583,0.0100997294905225,-0.00425867416400996,0.0062135089468422
0,0.25,0.609125409125409,-0.00927629543515252,0.00592552887220569,-0.00927287899099043,0.011738540118314,-0.00725190260091723,0.00971054161756286,-0.00446048258207369,0.00619750444949946
0,0.25,0.591823971823972,0.00903385925392654,0.0059698455524572,0.0149033149503695,0.01279801516252,0.0212354951690811,0.00987914094996608,0.0132255955645448,0.00587210282254528
0,0.25,0.580993324993325,-0.00954722083420502,0.00582741553717293,-0.0110601187090158,0.0133705319288467,-0.0168364708139124,0.0105555724494666,-0.0102452808682986,0.00609256327568772
0,0.25,0.634626958626959,0.00547548638375614,0.00586093111158607,0.0246975582790836,0.0127040531368582,-0.00165129436650452,0.00904809828258977,-0.00114145343020147,0.00600547209340039
0,0.25,0.560618252618253,-0.00323916124348273,0.00637046834663757,-0.0156217059652214,0.011363113362581,-0.0134113823199615,0.01116385857539,-0.00731734862056012,0.00574545858463271
0,0.25,0.590970278970279,0.00602292832646265,0.00593185016297511,-0.00206714758318469,0.0116194718365461,0.00879870121937506,0.00963535407731178,0.00556415696163539,0.00620146512748615
0,0.25,0.581693033693034,-0.00164379320650875,0.00589194434804292,0.00266800364153158,0.0126990801308414,-0.00145356735120262,0.00967033571805975,-0.00087641485908843,0.00576352415365703
0,0.25,0.583190515190515,-0.00225637364282584,0.00562524304734723,-0.00165943964256435,0.0110090956428465,0.00089592619619061,0.00895906871949054,0.000600545740265452,0.00543472928613176
0,0.25,0.603769443769444,-0.00427164769572818,0.00628934682279398,0.0063407904561647,0.0121771031534878,-0.00242916421682307,0.0106979100414676,-0.0014382797421985,0.00595149283377347
0,0.25,0.583182067182067,0.00410966305213537,0.00620963296333572,0.00982169990113811,0.0112488849972364,-0.000727154331798282,0.00956156291517867,-0.000463265528301682,0.00623473535585994
0,0.25,0.631343431343431,0.00404897878939174,0.00709483982639656,-0.00632813184639035,0.0123530072797641,0.00819678749767133,0.0104223888354982,0.00495744432294836,0.0064568663124265
0,0.25,0.60240617040617,0.00025538910691643,0.00635911799824027,0.0104130454499273,0.0136490729773812,0.0139529870753368,0.0110388518275593,0.00818965615913252,0.00661490151070758
0,0.25,0.613769137769138,-0.00304880140891646,0.00563085399480841,-0.00893054492469269,0.0115427723152715,0.013776661527498,0.0104044440528355,0.00788644717802293,0.00569202622477131
0,0.25,0.559667971667972,-0.00462492172810371,0.00635129439853139,-0.0146687271403564,0.0113082532015986,-0.00102958434182534,0.00996860467138305,-0.000613867765122999,0.00569063707687566
0,0.25,0.571702327702328,0.012331899377832,0.00593121910512935,0.0172442988879908,0.0135413908334171,0.0096340156013982,0.0100858240309612,0.00585596921747017,0.00597976237651835
0,0.25,0.629620985620986,0.00497896358498698,0.00583643960155051,-0.00151598365158298,0.00984938675581221,0.00276092505917781,0.0100090300083144,0.00169163847112684,0.00568606534143603
0,0.25,0.58568124968125,0.000507449986038464,0.00639073616341214,0.0186006116365313,0.0143155653930211,-2.88954020583428e-05,0.0104448145526727,-1.70248545586822e-05,0.00584540487064345
0,0.25,0.558901314901315,0.00780305994396183,0.00609330711628652,-0.0170024866749052,0.0111653207990679,0.0207447822227616,0.0120434010212013,0.0108531897322979,0.00596676577262076
0,0.25,0.608507888507889,0.00841290177827319,0.00567378413528336,0.00102338794384753,0.011968996606779,0.0066772378339608,0.0112680504860403,0.00354882022460878,0.0056701622519725
0,0.25,0.627803163803164,-0.00352830847516115,0.00564923553022513,0.00208910532119868,0.0116957771490151,-0.0040605923004786,0.00897302606288514,-0.00262906051889098,0.00512450460459058
0,0.25,0.595369135369135,-0.00961707713237308,0.00575825150429294,-0.0137056262486012,0.0110212190045406,-0.0145990718198062,0.0102571699736013,-0.00869320708175594,0.00608218940150084
0,0.25,0.576047772047772,0.00157177365225018,0.00588272215118151,-0.00294583699007243,0.0124648460247408,0.00724977151393508,0.0105313460305983,0.00426479707608475,0.0060316524634082
0,0.25,0.575711411711412,0.00756158410695113,0.00601877688837352,0.0249609851710404,0.012532517518836,0.016726693782879,0.0117774643717837,0.00855981886115123,0.00614133150170918
0,0.25,0.592508380508381,0.0116024627307985,0.00607491508107567,0.0203276063747289,0.0122099768632276,0.0164504024913032,0.00956871333831083,0.0101281846029304,0.00621454018482618
0,0.25,0.569033273033273,-0.00479653055906336,0.00607315144252373,-0.00639232773503782,0.0124765271855712,-0.00755724213309696,0.0120975331244198,-0.00402662834296342,0.00638778895674241
0,0.25,0.611019119019119,-0.0020578437206805,0.00648106322430653,0.00418399276590266,0.0140981908643826,-1.8831617273925e-05,0.00963032051200191,-1.24894391442008e-05,0.00627831996127923
0,0.25,0.582736566736567,-0.0036928288659352,0.00630379441899969,0.00967922405519408,0.0128781406441633,0.0058172663116788,0.0104742646326185,0.0033594180075583,0.00622645498768719
0,0.25,0.566112842112842,0.0107559170301312,0.00557082784790535,0.00276040709264551,0.0121367052348594,-0.00288232741931157,0.0106043170218088,-0.00160674017137359,0.00594873318063966
0,0.25,0.586999570999571,-0.00588065762373037,0.00611080313381635,-0.0269270914062055,0.0111995253499328,-0.0040068494654311,0.0114528788816205,-0.00210657910999851,0.00588035471073184
0,0.25,0.58588608988609,-0.00521492580552998,0.00568982571277984,0.0163426438324195,0.0128903973011243,0.00123888967280364,0.0104188158603867,0.000706914287364201,0.00575712732562982
0,0.25,0.585001449001449,0.0139170409825079,0.00610212025898776,0.0259287021906041,0.0106107535525237,0.0159920476957988,0.00971567353116721,0.0100659133298046,0.00618518353789525
0,0.25,0.598468534468534,0.000979771419871178,0.0057740931024313,-0.0166191384588765,0.0125697063304572,0.0144026323586618,0.0109591832263739,0.00794508887541865,0.00577400671582094
0,0.25,0.576686076686077,-0.00756286685635845,0.00579642668473449,-0.000235575668021114,0.0133642202575142,-0.0113503546100828,0.0094346065394992,-0.00699043119629162,0.00596546042115381
0,0.25,0.604080196080196,0.0038128861788541,0.00634769275298075,-0.00767654753022707,0.0137343586924609,-0.0100914192426334,0.0109916297973463,-0.00583515444181691,0.00636492797426753
0,0.25,0.541319125319125,0.0039702123069589,0.00671404252890054,0.0104670587274555,0.0108186768592505,-0.00125870880768374,0.0114550690190024,-0.000702374460683492,0.00606347535660596
0,0.25,0.580242316242316,0.0122983522562698,0.0059151248233329,0.0224069117139758,0.0132234392609995,0.0202354755248591,0.0100240638045073,0.0118838631651977,0.00582023734560982
0,0.25,0.559459147459147,-0.0107043597877154,0.00578520299465192,-0.0103906646682967,0.0118949527705178,-0.0171164964602137,0.0116594195155521,-0.00936199580327128,0.00644675548582725
0,0.25,0.60592724992725,0.00348568518821499,0.00598343403471015,-0.0122386946886554,0.0124315914864402,0.000413903430349872,0.00945175971239556,0.000260259245858756,0.00609452619745205
0,0.25,0.628949524949525,0.000526603859007532,0.00662301821004277,0.00774093384326602,0.011649041954291,0.0121198871255634,0.00989963244177278,0.00762807372343748,0.00640811579645183
0,0.25,0.613194181194181,-0.00060559616057427,0.0061841591415013,-0.0186622104366765,0.0121551748741254,0.00554823598153503,0.00927120748854428,0.0036170207074206,0.00667599652891661
0,0.25,0.586234834234834,-0.010870425591941,0.00584903262757866,-0.00430874530804186,0.0120101966389466,-0.0191192830067326,0.0116945968588796,-0.0103228735413477,0.00602087389520353
0,0.25,0.607433095433095,-0.00295589756897276,0.00609211599452486,0.0019526320528818,0.0118969735196807,-0.00562418563674319,0.00923442047809841,-0.00369781714090082,0.00661809674519135
0,0.25,0.61601194001194,-0.00721614014495319,0.00576397204163893,0.00660049040746518,0.0130624692165908,-0.0117329244267573,0.0101377307167226,-0.00711682729206931,0.00608361806245904
0,0.25,0.575544047544048,0.00873045803257126,0.00613675720100665,-0.0142767225175422,0.0123941309477001,-0.0068743027786752,0.00992722683361165,-0.00424082394830033,0.0060603019276161
0,0.25,0.593635145635146,-0.000592493589659001,0.00558580233212504,-0.00699766567914109,0.0109451356302637,-0.00661827802234745,0.0101859306295236,-0.00384513235404218,0.00578882069932502
0,0.25,0.569202365202365,-0.00351718720038068,0.00648258448499663,0.00345090084520664,0.0128771238075792,-0.00454746339024908,0.0104902332574045,-0.00264917144470185,0.00605415566366557
0,0.25,0.56550814950815,-0.00101815504959991,0.00629782140813541,0.00197234776721583,0.0112280302554104,-0.0139345435446603,0.0100142446417194,-0.00861587910955184,0.00628944718263156
0,0.25,0.525646761646762,7.14082679275027e-05,0.00672274917724571,-0.00589037482197266,0.0122515448471114,-0.0207996076583519,0.010587525430138,-0.0119485886869401,0.0058119772339126
0,0.25,0.617920877920878,5.15412922778523e-05,0.00628073584736689,-0.00667732547736105,0.0129847722703683,-0.0018451209125263,0.00987634944400129,-0.00115322538010257,0.00668611822209188
0,0.25,0.595094455094455,0.000650406116245472,0.00649488309078123,0.0026461645073861,0.0116415033133084,-0.00854323099214381,0.00961419821001084,-0.00575211980719409,0.0063847577216832
0,0.25,0.591112671112671,-0.00248284316621732,0.00595892487867196,0.00811733400774472,0.0110436738099554,0.00337072518052369,0.0101305875369025,0.00193452083580411,0.00598446206734497
0,0.25,0.551664467664468,0.000278159420564578,0.00642805218372331,-0.000842498762024342,0.0126837871044294,-0.0174298785743889,0.0114837506833379,-0.0097396699487485,0.00667869560771398
0,0.25,0.644265344265344,-0.00153789202777071,0.00656627156551285,-0.00942759393488313,0.0129465956731201,0.000564512609848728,0.00955544483948528,0.000352517071808255,0.00561892709849699
0,0.25,0.636500832500832,0.00180700484003757,0.00575724759044885,-0.00253661169204253,0.010076311331052,0.00370613746885745,0.00928096288244509,0.00240131143572314,0.00563630614576669
0,0.25,0.561247713247713,0.00495177762347709,0.00618542999910722,0.0141991598838368,0.0111431721567184,0.0167907038400022,0.0104187879581713,0.00968060763356383,0.00573870169513811
0,0.25,0.572110928110928,0.00210449293543211,0.00588384336394834,0.0172119974299685,0.0123174647526326,0.00444885137251526,0.0107554977987669,0.00254847168956662,0.00611856728488073
0,0.25,0.545435969435969,-0.00733118712631765,0.00613799706445415,-0.00975680995643203,0.0125579377713033,-0.00877094273165479,0.0107547349701464,-0.00501421174359686,0.00570806260305463
0,0.25,0.567070875070875,-0.000275672303173696,0.00628133629362042,-0.000196699025742644,0.0123180085307099,0.00342908715551764,0.0105170001858925,0.00205994282492279,0.00641279742978808
0,0.25,0.57784780984781,0.00503956452617944,0.00525148663069487,0.0283213338695623,0.0115260826526364,-0.0198969211917194,0.0119691553021327,-0.0101913899994601,0.00529254242705082
0,0.25,0.609516453516453,0.0160144827329772,0.00589544764290045,0.00207044171489272,0.0113733231093385,0.027953001675116,0.0101547952008891,0.0173180449961164,0.00614474183839133
0,0.25,0.623690855690856,0.00208185796607598,0.00620255249259634,0.0166441041693673,0.0138959679306734,0.0077175448279925,0.0095016969189682,0.00477972925413454,0.00594384353824827
0,0.25,0.605096069096069,0.00539385510935596,0.00628104688146571,0.00483165291401187,0.0126527273570779,0.00361877563336336,0.0108583828101147,0.00211615435913731,0.00635539430964357
0,0.25,0.576405984405984,-0.00943784817467325,0.00629851085833726,-0.0302292133397492,0.0117214337227422,-0.0112169295040577,0.00970925660797782,-0.00726139162504608,0.00644861413413336
0,0.25,0.58632823032823,0.0036857467571197,0.00571696261784666,0.0118391933084699,0.0140184410576006,0.0132395728604573,0.0108173561749197,0.00757409536017329,0.00625817204789146
0,0.25,0.569229029229029,0.0125646128771865,0.00654821484285592,-0.000822279515820991,0.0132561321583377,0.0271257189369275,0.0118065438765221,0.0145610967282464,0.00627619203170247
0,0.25,0.591836307836308,0.00116475374108291,0.00658482010541445,0.00146348042241011,0.0136550852901538,-0.0121423578915419,0.0110854088795738,-0.00709882830160996,0.0068106243105416
0,0.25,0.575265695265695,0.000473306733501865,0.00596955628686918,0.00361221644435948,0.0127589472220751,0.00422895855702982,0.0107028181606302,0.00243875701604499,0.00626676952322839
0,0.25,0.591100887100887,0.00819111306227863,0.00546519103090381,0.021404894126622,0.00945314252765775,0.000865937079163077,0.010041473157011,0.000513533807849353,0.0058673710923071
0,0.25,0.576860064860065,-0.00811552812626641,0.00607233295138693,-0.0059660714496335,0.0120155326101273,-0.0115134398703858,0.0102183141359129,-0.00689352137900005,0.00619939405983464
0,0.25,0.573645105645106,-0.0106594588918483,0.00586609269843779,-0.0253852923051647,0.0121129987069488,-0.0081547484548677,0.0102887392365465,-0.00473657310476828,0.00594186884136502
0,0.25,0.636325536325536,0.00289957274009956,0.00586889391835468,-0.00862137630409473,0.0111513069424387,0.0105289437971664,0.0109639704422252,0.00592084112393831,0.00567503267450996
0,0.25,0.595965595965596,-0.00132795976966867,0.00690480548193285,0.00750154546950474,0.0136170780848936,-0.00926287202857097,0.0115260856004069,-0.00502669404465068,0.00611446073315627
0,0.25,0.607460575460575,0.00827847708253554,0.00646604449542561,0.0048401021367645,0.0127157272742224,0.00445804368801326,0.00980679972326261,0.0029084801956408,0.00605326837359926
0,0.25,0.639596151596152,-0.00391521580843116,0.00620925662921134,0.00218222885325846,0.0123493629314194,0.00609644971655592,0.00873125002666448,0.00406267536383547,0.00647575940244587
0,0.25,0.610756354756355,0.0072738824867784,0.00644801056837302,0.00144274139581541,0.0128391736048235,0.00340977755720067,0.0107242977666796,0.00200214309542782,0.00646601003542639
0,0.25,0.573784497784498,-0.00743082697718438,0.00602509287708344,-0.0170805379020105,0.0108792663795413,0.00118856491912803,0.0104260294420271,0.000688249368193747,0.00585902925445681
0,0.25,0.604276984276984,-0.00268930237160696,0.00641221129118815,0.00655222110126081,0.0128138944265428,-0.00521827691080766,0.0099467964873806,-0.00312359216777042,0.00659582840516389
0,0.25,0.583141939141939,0.00136285016954272,0.00618353203377976,0.0167653895823751,0.0112193830080016,0.00659893172522563,0.0116109562548207,0.00352478974132311,0.00629027087943186
0,0.25,0.585285009285009,-0.00697905500323462,0.00606332589682164,0.00890158026470932,0.0127440133168721,-0.00433469809308667,0.00990813250940988,-0.00259757447238166,0.00600076700450926
0,0.25,0.587335403335403,-0.00321162220722162,0.00630058074208957,-0.000250129577411777,0.0112596065521096,-0.00561825197188453,0.010543769155617,-0.00317228367552274,0.00568331261811084
0,0.25,0.588542748542748,-0.00111826674445489,0.00627128748878241,-0.0159526717889464,0.0116250537294483,0.00932216368222045,0.009461794106144,0.00583248043141544,0.00520826941535645
0,0.1,0.608834108834109,0.00203683433719379,0.00627067870764108,0.00875911481695298,0.0187098857203064,0.0100359600069219,0.00965568942364153,0.00641174971229644,0.00600959188738227
0,0.1,0.598836838836839,0.0012816246545274,0.00627469145113571,0.0261317346474701,0.0193556896488241,-0.00140719390232997,0.0113516388132196,-0.00073931884692935,0.00570316262091247
0,0.1,0.566240846240846,0.00610882905488723,0.00590589794030415,-0.0105493309231635,0.0194104604516725,0.0132318501662421,0.0104326338861723,0.00778111535443558,0.00617147562428105
0,0.1,0.611194619194619,0.00144137669430818,0.00628951193167677,-0.0022816285679721,0.0207250358253664,-0.00043418929596088,0.0089008813258659,-0.000296921691131771,0.00612749246297967
0,0.1,0.62828614028614,-0.00284738286148103,0.00538523658151683,0.00937175199988453,0.0224205865563833,-0.000238314718831722,0.0111405863039871,-0.000129915775931947,0.00609380887208192
0,0.1,0.594935886935887,-0.00134925279928898,0.00623053436089297,-0.00170584658135094,0.0141890239446407,0.00300774048206006,0.0109536031726419,0.00162526195748599,0.00576578339380304
0,0.1,0.6202868002868,0.00520733184773714,0.00633417868354117,0.00453546077012389,0.0166358237007503,0.00925827359412445,0.0107520619176994,0.00531284530616427,0.00581496081883801
0,0.1,0.58001446001446,0.00955089326131659,0.00542462915804437,0.0106221129697499,0.01971754672825,0.0134209855273506,0.0102890999854866,0.00835779988396128,0.00548597282470726
0,0.1,0.601245985245985,-0.000648565756836396,0.00569585395586246,0.00756457634876848,0.0224454750580992,0.000524266948461633,0.0094962028767596,0.000328069160246521,0.00568171704791419
0,0.1,0.605758985758986,-0.0029796898416531,0.00561465767256835,-0.0318141658689974,0.0161605854450924,0.00836231050517697,0.0103387551387392,0.00479005825575977,0.00582244556840995
0,0.1,0.633380697380697,0.00417339513401165,0.00636304739140935,0.00322910746148345,0.0254875362053814,0.00723328240177969,0.0107396409845155,0.00432100794610426,0.00624090888790803
0,0.1,0.619058695058695,-0.00966078579666712,0.00624880516852488,-0.0130274997108645,0.0211074580417179,-0.021506133800691,0.00888771862741966,-0.0155040185862038,0.00606097273487211
0,0.1,0.607308943308943,-0.00867529619356793,0.0058378623987488,-0.0192180793002875,0.0152594560466269,-0.00248100133387659,0.0107758162922775,-0.00143727215502468,0.00628218942701581
0,0.1,0.580992076992077,-0.00190883438903541,0.00618443349099732,-0.0129348622920945,0.0177580273740902,-0.00561201680874948,0.0100172416662651,-0.00323300982430381,0.00577925711456729
0,0.1,0.581096633096633,-0.0136574518053753,0.00628931431970487,-0.0322012700625322,0.0170435044872529,-0.0190503368072555,0.0101000141784861,-0.0115793655716118,0.00651421467812458
0,0.1,0.615515523515524,-0.000330084488826276,0.00616409280922533,-0.00270761099931655,0.0164751787851176,-0.00527243799607646,0.00966456718451897,-0.00336549799630559,0.00651248670660582
0,0.1,0.570552138552139,-0.000705617897940372,0.00574283507543117,-0.00550004564338136,0.0173987104910947,-0.00750520615871874,0.0104623275171787,-0.00443678937089749,0.0061658295089655
0,0.1,0.623547119547119,0.0100414018742129,0.00643502549303385,0.00442893149004467,0.0197720501180303,-0.015374174516113,0.0101248540856254,-0.00957951788417887,0.00628528927025995
0,0.1,0.589617313617314,0.00201485440501465,0.00577620416739197,-0.0185045125290475,0.0119156723318738,0.00266658345135465,0.0114177975571209,0.0013872826651795,0.00592096553539883
0,0.1,0.586648642648643,0.000856629436762272,0.00603509332921127,-0.00377273947150593,0.0182372689449187,0.000789260833876471,0.00926718018437434,0.000530202683350194,0.00618446563339995
0,0.1,0.548349392349392,-0.000132131013848832,0.00642307427131556,0.0100618276973778,0.0284611470837034,-0.0115601535193068,0.0158492378462669,-0.00467932311399938,0.00629026584578236
0,0.1,0.619505287505287,0.00434163485040418,0.00590139391031179,-0.0158549375220355,0.0163011828850656,0.0043496494859019,0.00880632076889982,0.00300681539724223,0.00629049254441904
0,0.1,0.608668196668197,-0.00227470724460708,0.00630619029573676,-0.00467840429408064,0.0199469277330966,-0.00557053535447441,0.00957840540694229,-0.00348340463259728,0.00612512729900199
0,0.1,0.593824397824398,0.0087076329585836,0.00620874184832082,0.040310473704348,0.0120117387206506,0.0098233434149302,0.0103437611536432,0.00608248450803723,0.0065823946645406
0,0.1,0.620041388041388,0.000141100875099822,0.00597999878634333,0.0012312644601427,0.0107921688215612,0.0105569648059848,0.0103879976343262,0.00650911976621207,0.00623829687222371
0,0.1,0.58643023043023,-0.018795089421483,0.00626883935851294,-0.00466004995624209,0.0168856860425684,-0.0150490038540534,0.00939290170912922,-0.00981919987236582,0.00583283589740561
0,0.1,0.598339714339714,-0.00118896680466059,0.00583924847357679,-0.0638485202038859,0.0150829666748718,-0.0158136186996936,0.0123121384642323,-0.00796604876240856,0.00578891541477555
0,0.1,0.5604878004878,-0.00237244734891657,0.00662320144653084,0.0210175469415816,0.0140865073882873,-0.0016237751745108,0.0137859175006195,-0.000688815895372546,0.00636442307509203
0,0.1,0.660706992706993,-0.00139335113851261,0.00632017762378314,-0.0414560057223513,0.0142974096785781,0.00576143909835178,0.00916580474421819,0.00385178313994241,0.00563646515944266
0,0.1,0.618732162732163,-0.00534616664040957,0.00666429109352218,-0.00560372848739024,0.0213353818089619,0.00175148141663608,0.00918817943849658,0.00118335087033646,0.00622726218691891
0,0.1,0.606879618879619,0.00136110131319691,0.00626703355055627,-0.0136847764980482,0.0184198299796871,0.000490721227819003,0.0100413570474702,0.000294716290679718,0.00603542956719696
0,0.1,0.590081318081318,-0.000960241779320048,0.00636196490581003,0.0203670987719633,0.0165277567346417,0.00404690031637063,0.009274165709667,0.00263462088327283,0.00607479270812092
0,0.1,0.60811688011688,0.00163949515205632,0.00623869939741634,-0.0106205155036314,0.0153876743513518,-0.0137398070445356,0.0115819173976198,-0.00728298688522504,0.0056719851025245
0,0.1,0.601714453714454,0.00783024692010069,0.00638434439075086,0.0238087714863218,0.0130750585501119,0.00791378912530776,0.00996008985917993,0.00498058374340485,0.0062732875882226
0,0.1,0.596267612267612,0.000461143929936782,0.00670221205992643,0.00675997832927321,0.0225544564407406,0.000384391351837209,0.0139573290208251,0.000165577956278704,0.00627505667411931
0,0.1,0.605101253101253,0.00558431291810492,0.00572569580052061,0.00498429332065477,0.0207445460541901,0.00104922293320586,0.00946050237234051,0.000677966795459286,0.00653691554438771
0,0.1,0.589480609480609,0.00794567627378875,0.00608089813270007,0.0213619089243346,0.0215615516231461,0.00391637512097649,0.0116446223128434,0.00192511791404765,0.00577145171978305
0,0.1,0.589325953325953,0.00534895876088761,0.00580379997526961,0.00452207364255818,0.0173863538181862,0.0111419305382149,0.0100348015707251,0.00685992489416865,0.0056672613952796
0,0.1,0.603122175122175,-0.00223319030306783,0.00576732302463525,0.0139766097777782,0.0196711751797122,0.00698542898701733,0.0112590280246646,0.00389152356306646,0.00613546260414703
0,0.1,0.592368496368496,-0.0138404039576823,0.00613195056951073,0.00230696048472614,0.0194134334249396,-0.00940912148306488,0.00902448593996146,-0.00633840790617406,0.00632272747835976
0,0.1,0.584039156039156,-0.00149953109901266,0.00619667676387019,-0.00709416336728189,0.0208213878040172,7.22697116309409e-05,0.00905488258774695,4.98851797176752e-05,0.00632153016345293
0,0.1,0.615026235026235,-0.000371974150927411,0.0062726966989541,-0.0151603922004374,0.0234128162473941,-2.6291177848815e-05,0.0118475341647028,-1.38949074325215e-05,0.00634573372377044
0,0.1,0.582508494508495,0.00537736122273001,0.00617724857585105,-0.000834669206878548,0.0177259517122709,0.00737287509854093,0.0108554556629953,0.00415303118236947,0.00627685729086845
0,0.1,0.600563928563929,-0.0164314262192827,0.00572463470412842,-0.0125979889207531,0.0167774627886909,-0.0172293173101067,0.00895153576018109,-0.01099066208383,0.00575137706146648
0,0.1,0.639261231261231,0.00958862496791891,0.00591978129645047,-0.0142734134088074,0.0158289181479863,0.0216394109131768,0.0115545005001998,0.0124783751098668,0.00634494515235262
0,0.1,0.602574434574435,-0.00018081222473903,0.00620988607984016,0.00256878784451924,0.0212238387019708,-0.00489049270450864,0.00936497926760775,-0.00318582637407202,0.00596890024629463
0,0.1,0.597093549093549,-0.00550013224606762,0.00560344068049617,0.0348325465355364,0.0190083658780378,-0.0223101323503926,0.0107605537109812,-0.0125968224049183,0.00569803551322987
0,0.1,0.612027264027264,-0.00798145484795522,0.00624558432066767,-0.0203189270920391,0.0202729277158706,-0.0119948524980275,0.00923445387202658,-0.00813045024663663,0.00633350217983788
0,0.1,0.623714903714904,-0.00286308125353287,0.00619540411567555,-0.00965026487893908,0.0156219661064768,0.00803454981573749,0.00959440395074623,0.00528014239922153,0.00630599818005404
0,0.1,0.618216354216354,0.00126931200716007,0.005818464385691,0.00752510627333297,0.0183030563049164,0.00916851016042724,0.00949681067674726,0.00554301900238243,0.00595285806420296
0,0.1,0.606716334716335,0.0107596730005577,0.00607922172924305,0.01103450639511,0.0234927351295415,0.00759572038004517,0.0106414813061281,0.00438677526758493,0.00617037943650447
0,0.1,0.55356802956803,0.00241847818290369,0.0066057434670667,0.0229596509947851,0.021219132630053,0.00815644312923392,0.0113383376754209,0.00467201281628836,0.00691733856473123
0,0.1,0.590557706557707,0.00251343185197174,0.00608672735918912,0.00669040843886648,0.0228422674082891,-0.0153132563789911,0.0107402878996216,-0.00903914057218082,0.00615299188138697
0,0.1,0.609106281106281,-0.000629965592075597,0.00664782702795385,-0.0066698418199541,0.0174065452514817,-0.00477974296626906,0.0118674464525235,-0.00257627795246287,0.00621056210943219
0,0.1,0.591513471513471,0.00611521128838797,0.00582554948201528,0.0204256959151082,0.0162411081648103,0.00656653973344712,0.00960859637346993,0.00399740878423703,0.00596809463769433
0,0.1,0.598170586170586,-0.00322917672144055,0.00615807872275465,-0.0169904422888695,0.0281868479848687,0.0104572782169857,0.0112049434963643,0.00581698457443864,0.00602735723173814
0,0.1,0.626910254910255,0.00267174373207062,0.00581619423136089,-0.00258415980158906,0.0179741874752102,0.0202849236694596,0.00957203901939178,0.0130249208421864,0.00570660378092495
0,0.1,0.604280896280896,-0.00467034302128699,0.00578007800761252,-0.0142696804933919,0.016492902714441,-0.0111512466605305,0.010381467054293,-0.00642864661467616,0.00628765671124598
0,0.1,0.595370803370803,0.000622704520620199,0.00616316147977079,0.00215715224313898,0.0190630297736209,-0.00145355993416545,0.00938356000264697,-0.00093611186668228,0.00629058252273311
0,0.1,0.592783348783349,0.00300148045749845,0.00614792904941888,-0.00398404935520717,0.0206794608545998,0.00869515531544831,0.00968359439437758,0.00537512726840962,0.0060860066074398
0,0.1,0.56843578043578,0.00407838480205531,0.00600746503553929,0.0384000714809107,0.0191370759301386,0.00610005823583843,0.0117195125380362,0.00311556103347529,0.00588718782227614
0,0.1,0.56193030993031,0.00371455125738578,0.00639399536842694,0.00600598515158542,0.0221250843758587,0.00950320087824269,0.0125126075664376,0.0048295474608173,0.00588693281256121
0,0.1,0.589623073623074,0.0102228050810657,0.0065340882969734,0.00103855594006478,0.0165338395811202,0.00972657565634668,0.00966184923923222,0.00639465089704116,0.00653924996123508
0,0.1,0.597166101166101,-0.00134916814416762,0.00653681230891799,0.00485009505740325,0.0158130445660508,0.00648595495572317,0.0121313237483465,0.00336414348426774,0.00618652566434756
0,0.1,0.598449586449586,0.00356254526345457,0.00558368637603638,-0.00125196326943311,0.0190269275112369,0.0061971133718246,0.00910895724902618,0.00387838506697921,0.00515378343352374
0,0.1,0.580025068025068,0.0044600008619292,0.00641235730345499,0.0211562535888296,0.0175232763190554,0.0187181147448321,0.0105987257325108,0.0107722980483089,0.00582671802246824
0,0.1,0.556383916383916,-0.00274713335595142,0.00611253066255737,-0.00137363172685091,0.0184260856210606,-0.00488160316356369,0.0124199938275191,-0.00246409100309751,0.00640434595976793
0,0.1,0.578568494568495,-0.000746022563234698,0.00619047800644741,-0.0146449735044143,0.0203837237848873,-0.00419129848702421,0.0116715088259694,-0.00214353467440777,0.00570444471641368
0,0.1,0.596211608211608,-0.00322859939388015,0.00594345158256479,-0.0380973999884417,0.0199294179517827,-0.00920608539238985,0.00958871705260125,-0.00618330074317737,0.00612922597236182
0,0.1,0.601447573447573,0.00888495813372571,0.00572526475221084,0.00696389137871879,0.0187287308782365,0.0051998101897494,0.011453514703745,0.00275254381045656,0.0061822318946332
0,0.1,0.624919764919765,4.82908090884102e-05,0.00578078225846632,-0.00684838954628522,0.0227995611999042,-0.001336340928173,0.00982312686233765,-0.000816533811629966,0.00588754108452907
0,0.1,0.576496044496045,-0.0019009752154972,0.00545621519400646,-0.0163873527448382,0.0211059465735854,-0.0107739065345144,0.0105532290797368,-0.00593883829186115,0.00594174186032296
0,0.1,0.6081554001554,0.00542856545039901,0.00644408652785555,-0.000439768478918596,0.00940563288014117,0.0110608417376434,0.009276602861786,0.00732097770387638,0.00603968512112718
0,0.1,0.598579510579511,-0.000351179450392585,0.00600341862473297,0.0169595381924777,0.010020379372909,0.00394426982292024,0.0124585942281753,0.00190165447245016,0.00594816426906506
0,0.1,0.597791697791698,-0.000187388311929034,0.00608892838471153,0.00830879553919866,0.0132049400927888,-0.0073816143839279,0.00934585849933626,-0.0045774767108901,0.0057739574821191
0,0.1,0.590158598158598,-0.00249743673869718,0.00567227991251119,-0.0270970591434794,0.0158258959487571,-0.0162786925009881,0.0117414905702065,-0.00867306277423308,0.00559755045226356
0,0.1,0.594059718059718,0.00403773617283377,0.00576367841922614,0.0069879072395201,0.0191990533507207,0.0020344467557816,0.0108990051999862,0.00116991505697741,0.00653933223099924
0,0.1,0.59008163008163,0.00338339946491453,0.0062551717610007,0.0107170973690465,0.0208958369504149,-0.00200242542291972,0.0119715769967334,-0.00105826496721021,0.00594040436835723
0,0.1,0.620678132678133,-0.00316076252083029,0.00605101225766946,0.0113111091296851,0.0178981518471188,-0.00990702620757463,0.00939895861333333,-0.00620357085533805,0.00612995251121595
0,0.1,0.605931341931342,0.00977406156574212,0.00584962657712235,-0.00676788577623428,0.0214690585182175,0.0050504903129535,0.0104883409984516,0.00296593973525266,0.00598247513503908
0,0.1,0.583857415857416,-0.00475576369732067,0.0060802434559382,0.00547707031310838,0.0217532921082475,-0.00659744788496139,0.0103509201211894,-0.00394400360233348,0.00604670834561605
0,0.1,0.606623430623431,-0.00187352864035908,0.00600815491740319,-0.0275150742110355,0.0198962483852024,-0.00535575937543397,0.00944817413952157,-0.00340741755756073,0.00565247172336432
0,0.1,0.586341538341538,0.00424489162181337,0.00621768953814941,0.00216897430374124,0.0148232130606199,0.0118040099137019,0.0096043029673296,0.00767072564780403,0.00608777121704823
0,0.1,0.592257136257136,0.00669662239602981,0.00639901860171886,-0.0120184031967293,0.0171133196309614,0.00647635176389233,0.0104986918180009,0.00363872191316947,0.00571526621179287
0,0.1,0.584449964449964,-0.00110428295035169,0.00645698004633951,-0.0207371678853909,0.017618944122847,-0.0126929987935202,0.0143076159345435,-0.00552667097240078,0.00588386734637891
0,0.1,0.636966072966073,-0.0111041068700568,0.00597523896104389,0.026043322249526,0.0183227799207194,-0.0188066575711393,0.00806678536239857,-0.0135444360464738,0.00527368493053636
0,0.1,0.64208805008805,-0.00267835628378885,0.00636222996135988,0.00377127195683632,0.019743239050379,-0.0177828761911336,0.00992430815497654,-0.0109135292216991,0.00646889464932318
0,0.1,0.598154194154194,-0.0129947728262862,0.0061241822268043,-0.0138088989526958,0.0169645810274897,-0.0241706869424725,0.00968562554899305,-0.0162232696632241,0.00636828741388018
0,0.1,0.599021327021327,-0.00793627846361215,0.00603144557665739,-0.000582541816007866,0.014076522910537,-0.00377880018859488,0.00925610080772031,-0.00257559474034913,0.00599315320144594
0,0.1,0.596108672108672,0.0126022962138646,0.00666663668949333,0.0200990050756086,0.0214167236032013,0.0159057613998649,0.0097804606760186,0.00999139817389487,0.0070638412184703
0,0.1,0.57824087024087,-0.00668723454034956,0.00580091437740168,-0.0312796712031499,0.0166361001877682,-0.0222180049545248,0.0101577506609244,-0.013551585490046,0.00604934854663134
0,0.1,0.577719985719986,-0.00438639557912329,0.00635346685721858,-0.0024772565731859,0.0194161488219797,-0.0130198954908346,0.0111190268979302,-0.00767623514644275,0.00644349190970143
0,0.1,0.564177888177888,-0.00687916354917057,0.00614013222952003,0.00324628035009029,0.0242175052244949,-0.00904839170888203,0.0129864277267223,-0.00419484202177644,0.00653899623696428
0,0.1,0.591947631947632,0.000940671029231567,0.00607048968563608,-0.0272007082469227,0.0123593775889795,-0.00379786294529021,0.0109067768534879,-0.00214167666042409,0.00612713612549409
0,0.1,0.614599010599011,0.00113941999981566,0.00592485883365397,0.00369452431452335,0.0167450111695469,-0.00130358408432578,0.0100951870518724,-0.000786418180703565,0.00595325112719533
0,0.1,0.60830564030564,-0.000333518301092257,0.00656300978550968,-0.0082851275181144,0.0220093343754111,0.0041888255083278,0.010035127147055,0.00272938455367881,0.00663790525944411
0,0.1,0.557113097113097,-0.00609914877722288,0.00599005213397154,-0.0289393846899548,0.0120679042290954,0.00995363159677202,0.00979944357565949,0.00595845894964104,0.00576749750482554
0,0.1,0.611220191220191,0.000181123012314634,0.00621143187478489,0.00643122973219792,0.01979364091266,-0.00195018562541939,0.00949325297273362,-0.00131082501444728,0.0061307404104949
0,0.1,0.60596636996637,0.00336066132193884,0.00549076569633236,0.0227781942089589,0.0223708813912525,-0.0038184711362122,0.0094708555535516,-0.00236083515840353,0.00622017677024871
0,0.1,0.557277497277497,0.0120554199640058,0.00558955786264363,0.0203533953185049,0.0153675000361291,-0.00668344857728051,0.0116879144808766,-0.00333943186520959,0.00581212144671739
0,0.1,0.608179652179652,-0.00127329090996006,0.00634256405457706,0.015528876725781,0.0172724212263993,0.0060641844964648,0.00996405171817163,0.00367698640494338,0.00628976826251438
0,0.1,0.56033138033138,-0.0118287822322532,0.00569708873974766,0.00398622848832657,0.0188629552787099,-0.0153761976542174,0.010254314231679,-0.00898074524948604,0.00561811800536505
0,0.1,0.616294648294648,-0.00644272610186769,0.0061792677782851,-0.0115481005143274,0.0174549813421677,-0.000638215362282867,0.0103390537373763,-0.000377082710613697,0.00644077358801209
0,0.1,0.594450558450558,-0.000711550011628102,0.00659054995114966,-0.0126557666410974,0.0150979078008799,-0.00213819351283983,0.0095489050092209,-0.00141886149929083,0.00611614985810873
0,0.1,0.586174858174858,0.00139058985727255,0.00574833738597743,-0.00858932732250136,0.0222739052608832,-0.00399377481493757,0.0107289895777353,-0.00238822170177218,0.00600302597711831
0,0.1,0.568328992328992,-0.00374435812186291,0.00625230657927442,0.0197671660305952,0.0138463539449171,-0.0120889086404846,0.0122054667117391,-0.00645584872751221,0.00628353961467211
0,0.1,0.584439824439824,0.000682128108648776,0.00617462961849855,0.000724862705915927,0.0214145248665971,-0.0093376614209895,0.0122605620128144,-0.00483919948382098,0.0062409181779009
0,0.1,0.568217596217596,0.00374749573738036,0.00650659319047673,-0.00332623648894147,0.022192209977589,0.00159722214785991,0.0127160031369656,0.000761991414612287,0.00624339592572583
0,0.1,0.565148449148449,-0.00149727790270856,0.00619299211241612,0.0249888683959731,0.0143961572618711,-0.0196160414227508,0.0151660133573951,-0.00823725027796741,0.00610972896989324
0,0.1,0.564164964164964,0.00186832994458008,0.00573320256454846,0.0584829664686335,0.0181804917179958,0.00705342724692389,0.0114709140847625,0.00368598179385489,0.0061506446350058
0,0.1,0.554620754620755,0.000102398986238613,0.00655661468458948,0.0427721208239424,0.0259675619361952,-0.0138609754169591,0.0120799872793194,-0.00733394030304133,0.00645505284068497
0,0.1,0.59822695022695,-0.00630808748226089,0.00600375922858607,-0.0102949072090841,0.0195196663979302,-0.0222055494062893,0.00966346041834907,-0.0138028213290981,0.00561367894960042
0,0.1,0.598445218445218,0.00898000048487426,0.00620604948833721,0.0383613917347721,0.017499481031351,0.00117176015136694,0.0108521346543521,0.000664813798261824,0.0064080539983682
0,0.1,0.582982578982579,0.00123228446200827,0.00584848111306776,0.0113483263507534,0.015760879950911,-0.000670755814201867,0.00924540302986386,-0.000419044176395783,0.00594131824872165
0,0.1,0.647256311256311,-0.00415709163869998,0.0057252013357221,-0.000998870839338289,0.0169043048545406,-0.0132250492783916,0.00878883301855752,-0.00873629824432649,0.00532748066572679
0,0.1,0.554173322173322,0.0113753843472226,0.00613156410661117,-0.0118849243658188,0.0195199649627205,-0.00169989582277374,0.0122777183830334,-0.000853429302789833,0.00627274107258657
0,0.1,0.558033918033918,0.0034743642511592,0.00626505132696507,0.0400613601111836,0.015825623557781,0.0121710527021758,0.00836429323356114,0.00900975851161629,0.00597065296237828
0,0.1,0.604562836562837,0.00160421018208611,0.00621371306987431,-0.0311734498017064,0.0192401991329594,0.0037595253972645,0.00863253332390181,0.00265306068688286,0.00575231683814546
0,0.1,0.574241374241374,-0.0064833157324591,0.00606627239783255,0.0107772382705084,0.0164866123207617,-0.00914255271488079,0.0128387997045988,-0.00419413209259433,0.00524721216076255
0,0.1,0.601293877293877,0.011792098409187,0.00638275330560326,0.0205168242613852,0.0158512044249107,0.0165752685901235,0.00910566338363939,0.0108867850071515,0.00587403177822891
0,0.1,0.562658302658303,-0.00435168209025491,0.00661931143051083,-0.0120618696422407,0.0190740172379089,-0.0183226104263039,0.0101195592790765,-0.0112905024721786,0.00617070632245603
0,0.1,0.608635400635401,-0.0032063064996662,0.00656022644340121,-0.0067171339056353,0.0131977115654551,0.00280443442593401,0.010935341225934,0.00159100133864803,0.00588560806442279
0,0.1,0.550342438342438,0.00513575171830543,0.00638161015314052,-0.00780985499386378,0.0147910579697817,0.0296434084946859,0.0108096512898622,0.0177360357987472,0.00622043580521087
0,0.1,0.582798594798595,0.000772177332060459,0.00639358320765036,0.0119554466545007,0.018890618526517,-0.00606213963147025,0.00965347390796887,-0.00391890826613939,0.00606428347473057
0,0.1,0.593863637863638,-0.00420655781241417,0.00648932034256494,-0.0211292021225397,0.0171788985977865,-0.0132557723666183,0.0100526188961081,-0.00823457259289582,0.00622444784968404
0,0.1,0.60774355974356,-0.00306620978840214,0.00616504927542223,-0.000195842691189024,0.0259414160785143,0.00121929834936589,0.00930531894023795,0.000812369182087576,0.00613758571221892
0,0.1,0.574749298749299,-0.000205701323430698,0.00654050129703463,0.00322755284585786,0.0121217391273477,0.00291913928710098,0.00928279200217991,0.0019108352011448,0.00609597051984713
0,0.1,0.619564771564772,-0.00501326595907787,0.00602320674272641,0.0105729809199596,0.016894356974543,-0.00856143183416778,0.00889622753470388,-0.00554479653935692,0.00590580809798587
0,0.1,0.543011487011487,0.00470580801585321,0.00627247945602826,-0.000572127754174384,0.018072056818997,0.00449647733152434,0.010506023921247,0.00269183052616984,0.00664755136221025
0,0.1,0.586818670818671,0.00160937657620247,0.00569964400879748,-0.011298429949908,0.0216357637893675,-0.00451158707096039,0.0101806094760206,-0.00259493198440463,0.00562390048373981
0,0.1,0.607200391200391,0.0096553528767453,0.00612480735367723,0.0198996899241042,0.0173940209420615,-0.00343232199487442,0.00841703852375495,-0.00248410058567059,0.00563230935065496
0,0.1,0.583032391032391,0.00157547685132778,0.00620153573066521,0.0539956098388108,0.0170877026003425,0.00651775025368914,0.0102211982828374,0.00381273975136311,0.00638305734214492
0,0.1,0.614276774276774,0.0035299980327125,0.00562207573387295,-0.0530039285081238,0.0212034577821305,0.00288473929624418,0.00980629012908873,0.00183029773528809,0.00641605608987771
0,0.1,0.601227565227565,0.0127515561424387,0.00612060624976728,0.0378469948183051,0.0215829053418003,0.0119771976972288,0.0118048141225597,0.00651177888899628,0.00652307107938556
0,0.1,0.576746616746617,0.00165192304727962,0.00700073049742451,0.0330905272604253,0.0182833437243467,0.0187098270018224,0.0100032439437019,0.0115708147856282,0.00575339980491813
0,0.1,0.545337461337461,-0.00542702313175327,0.0062096512114134,-0.00365861708927029,0.0176674347302379,-0.0193924098494308,0.0113810230952073,-0.0111741466452356,0.00647458824374205
0,0.1,0.533617493617494,0.00121233435058552,0.00646472346526702,0.00734416116028991,0.0183079786267848,-0.010867645315806,0.0121650988039359,-0.005417973416822,0.00611462683687338
0,0.1,0.593237021237021,0.00156916448985559,0.00573652106679102,0.0117469814953862,0.021230524789297,-0.00930895133294477,0.0103978498545217,-0.00509349204064186,0.00536498030054348
0,0.1,0.604183384183384,0.00371627516321662,0.00612141551187491,-0.0234395120261779,0.0211027158442156,0.00122583982233977,0.00829708144680916,0.000865813676767959,0.00586722833936925
0,0.1,0.567285951285951,0.000607240438651091,0.00597229546797101,-0.00473983444740117,0.0209231605163982,-0.0073826069629534,0.00950524954678211,-0.00456148678246883,0.00580793713552722
0,0.1,0.559729651729652,0.00416421317016157,0.00626477411371284,0.00360346139973489,0.0160425332996323,0.0199070152368559,0.0113675965253391,0.0108118842525194,0.0061128316395634
0,0.1,0.617426381426381,-0.00818884146511611,0.00617936723884239,-0.055990163348634,0.0187086513180799,-0.00727940352957755,0.00976413567272095,-0.00460750170924188,0.00615801691654217
0,0.1,0.572548088548089,-0.00117553734290438,0.00646924430907716,-0.029922733576597,0.0188845595935497,0.0309422901563215,0.0178992600467458,0.0119236665895661,0.00619824752193403
0,0.1,0.603400767400767,0.00123992610652961,0.00628416642926647,0.00510227917821206,0.016719807593834,-0.00942816728109395,0.00866272814167086,-0.00654329520533175,0.00661252345304907
0,0.1,0.570585918585919,0.00162846951064019,0.00574024772688303,-0.0125087218487892,0.0167654830333294,-0.00344274704000755,0.00944801944079755,-0.00220825410786114,0.00684395350503091
0,0.1,0.571009903009903,0.0121445888532145,0.00593439172939534,0.0233408373221738,0.014693568191437,0.0198342172825212,0.00899423257260676,0.0131093902742545,0.00597416181616544
0,0.1,0.552870828870829,0.00101583020762895,0.00598733040589446,0.000662206819695496,0.0165790086267447,0.00999808923968862,0.0123182524309298,0.00463044794539608,0.00564571101628561
0,0.1,0.579652971652972,0.00771971620807325,0.00656307219148976,0.0178144546249529,0.0221737249191719,0.00304968701790585,0.00966988724089392,0.00200102735795972,0.00610928849333994
0,0.1,0.547072087072087,-0.00166970678344555,0.00602672228772085,0.0188397881382914,0.0186412660995677,0.0145602586224434,0.00998736115063246,0.00855818263739716,0.00589663184965429
0,0.1,0.557006117006117,0.00163959360335262,0.00654281633451917,0.00474111359459968,0.0166764239987901,-0.0120747095401138,0.009326396591189,-0.00773069876533507,0.00619491556365563
0,0.1,0.61357096957097,0.00522672447796077,0.00611649536309828,-0.000592751149037087,0.022445910164769,0.00655462960214364,0.00947022079698738,0.00435671517367395,0.00600419757654465
0,0.1,0.614252222252222,-0.0112092152076792,0.00559310228738667,-0.00912487671711227,0.0233490846977918,-0.0136701810788459,0.00959852824020758,-0.00838755851944397,0.00600120687145297
0,0.1,0.608393804393804,0.00683309837439374,0.00585133830767616,-0.00739379331750002,0.0183181053105982,0.0105170466461245,0.00927755197119309,0.00638141610721258,0.00604220143418342
0,0.1,0.568940260940261,0.00628129200685818,0.00615757995691659,0.0104603783559713,0.0183938942968836,0.0126204724793242,0.0122210573774792,0.00638875260350231,0.00592125810709026
0,0.1,0.596506544506545,0.00397360355725352,0.00634360491748528,0.00302947170122436,0.0177999291619096,-0.0146442623955277,0.00991117824631652,-0.00917395057899991,0.00603260805751105
0,0.1,0.605450177450177,-0.000547422709269663,0.00653683143090736,0.0252341550964472,0.0172777842963967,-0.00816736802823021,0.0104163083254191,-0.00479707966155356,0.00565635673847754
0,0.1,0.616621552621553,-0.000215222862255611,0.00650681463529719,0.00271047409825329,0.0155725968565821,-0.00157111885810107,0.0105053496210996,-0.000927108557278428,0.00682865075721168
0,0.1,0.573673101673102,-0.00249714802584219,0.00610920644654365,-0.00889411614064744,0.019973347498951,-0.00982537241914186,0.0111069792153871,-0.00543228883013567,0.00609746295219868
0,0.1,0.591740463740464,0.00599827938461243,0.00558924189560384,0.0495948572370844,0.0144156090462365,0.00787390835600625,0.0118276639426696,0.00391804183768376,0.00591578602951081
0,0.1,0.57023025023025,-0.00215322368026045,0.00662287322827681,-0.00106065214896168,0.0175341771689147,-0.0102936819945628,0.010565298102974,-0.00598718176629728,0.00625434379138043
0,0.1,0.607317151317151,-0.00564807725429194,0.00589515590965753,0.0147612951806945,0.0187419539478009,0.00234728873123969,0.0112249549885541,0.00126790599643272,0.00613872696410606
0,0.1,0.600476748476748,0.00497647989836779,0.00613268023234131,0.0135026859645343,0.0187874844203571,-0.00533953134123132,0.0106095457350404,-0.00306345499052519,0.00602157987926911
0,0.1,0.605386385386385,0.0042399402644709,0.00573404809570195,-0.000570995185410432,0.0167777805897551,0.000388670670062465,0.00846625776216395,0.000260425192314822,0.00598921677165433
0,0.1,0.572665544665545,0.00492177661235895,0.00562676358464691,0.0297524674826799,0.0187336637745884,0.00509685006519345,0.0112344671346773,0.00275776007240802,0.00601999111602473
0,0.1,0.587775695775696,-0.00669605110454207,0.00582511505555644,-0.0130683445452167,0.0179493950170362,-0.00131041122403804,0.0121474926350909,-0.000666465539120072,0.00599465234334389
0,0.1,0.557503481503482,-0.00546149330132374,0.00602794761581698,-0.00182438380673138,0.0191301534900792,0.00354179421846875,0.00997611644023506,0.00217747197627346,0.0067185209205291
0,0.1,0.630725034725035,0.0034917721108135,0.00566869210746942,0.0165830536357573,0.0146880922468479,-0.0092750168808749,0.00993380403254769,-0.00589027632250873,0.00566340492394484
0,0.1,0.624184524184524,-0.00514466938143905,0.00585214358547675,-0.00837168733980485,0.0180057555946522,-0.00713144650990242,0.00886989995483827,-0.00462032532056986,0.00591965963384548
0,0.1,0.563383235383235,-0.00580758304550834,0.00560764492825447,-0.0280435667256613,0.0201813610520184,-0.0266640869412341,0.0114594454889762,-0.0145866964828719,0.00601126133214743
0,0.1,0.600993504993505,-0.00085005079471702,0.00613413691337904,0.030525537443256,0.0188139549405778,-0.000672899449226063,0.0112044215204721,-0.000364599153706348,0.00639258244126505
0,0.1,0.596428664428664,-0.00936599371003051,0.00576497276535456,-0.0593392977497386,0.0178948643586915,-0.00928402367469737,0.00968424761465182,-0.00575706045692758,0.00577068899002587
0,0.1,0.609509697509698,0.000515167437580538,0.0057688158379097,-0.00199350503057113,0.0211225309899352,-0.00237964477401831,0.00996116752235215,-0.00144793021079722,0.00599023437897389
0,0.1,0.564016656016656,-0.00622285343962147,0.00572577846904487,0.000428328166124886,0.0182591199524776,-0.00658953988310156,0.0101126769184174,-0.00409039329395571,0.00622152199598861
0,0.1,0.594871170871171,0.00707453464231245,0.00593680379792893,0.025990384713168,0.0202374717681335,0.00370322807904657,0.00816030067434712,0.00267264915926835,0.00586696195639117
0,0.1,0.5723288003288,-0.0125594934549707,0.00568807135837992,-0.0188124088813755,0.0154036410294667,-0.00730009244611922,0.00892605383710769,-0.0049554097330663,0.0057401951278932
0,0.1,0.578733566733567,0.0091648032089598,0.00581167949329628,0.041916809243514,0.0175920957484017,0.00698318184175501,0.0108231300703187,0.00389349675772603,0.00573477048869735
0,0.1,0.563108915108915,0.00129996675078422,0.00608588072919815,0.0341259126591023,0.0166870913591259,-0.00246249760215705,0.00942291854339018,-0.00159516660632715,0.00628533271357427
0,0.1,0.573293109293109,0.00856259832791945,0.0058845372301093,0.0141976545299584,0.0142746033234165,0.0034608759118067,0.00980508128575129,0.00207781432353673,0.00599784740594995
0,0.1,0.593997497997498,0.00199146593007009,0.00593195339680026,0.0308280583116448,0.0184963469425997,0.00558831512799544,0.0103977611202728,0.00337278297467939,0.00595628915171698
0,0.1,0.597896925896926,0.000870241014317348,0.00598278425848295,0.0333196379003133,0.0231385134087416,0.00115530054640091,0.00965073882338481,0.000734859343930093,0.00597890070801541
0,0.1,0.564726600726601,0.00525323536259347,0.00570865623058055,-0.0143457638725481,0.0213797358475567,-0.00207698320328242,0.0111143955692377,-0.00115592484750199,0.0054212439806875
0,0.1,0.580415164415164,0.00553304888538977,0.0055469270226174,0.00473001117848384,0.021119660523071,0.0103943476461748,0.0113451775734784,0.00566137134852373,0.00584578210373796
0,0.1,0.605914505914506,-0.003522740077695,0.00575776545706215,-0.0274899230025905,0.0222387430070064,-0.011617097015092,0.00945258373456857,-0.00733609596883732,0.00606645767723692
0,0.1,0.59841013041013,-0.000305116268024034,0.00611645899018892,-0.0140774942268225,0.0162689057438665,0.0035088823444669,0.00952567873296738,0.00224224061615688,0.00591164616298071
0,0.1,0.551331803331803,-0.00176852672408009,0.00611177064177962,0.0459800232685573,0.0189527626780585,0.00259694865059609,0.0114473595364231,0.00145279078116112,0.00641450760049053
0,0.1,0.617301845301845,0.00555105872002573,0.0061098811741184,0.0141899396162892,0.0164888208055157,0.00638380808396244,0.0103505861270496,0.00361594704465269,0.00579258798258991
0,0.1,0.619798675798676,0.000715606579140898,0.00559689032806368,-0.0243152413579482,0.0110474166565104,0.00491586175385822,0.00902497298546559,0.00324347215492334,0.005913479644343
0,0.1,0.590313314313314,-0.00100736781831492,0.00604762259413791,8.99346629046791e-05,0.0139885491951971,-0.0187837318976587,0.0101028110060251,-0.0116114768037277,0.00562079545075295
0,0.1,0.629518253518254,0.00721986727740543,0.00684332265817972,-3.33209080010009e-05,0.0152922723375009,-0.00268207483573687,0.0111775707910097,-0.00152338055663009,0.00648782239219032
0,0.1,0.618577926577927,0.00983012224085559,0.00595463823781947,-0.0187035203865668,0.0165454417140529,0.00729238268417952,0.0106578637011047,0.00407849246896326,0.00564718085079799
0,0.1,0.579856791856792,0.0112007897195756,0.00536718393535062,0.0221332397734182,0.0180346627148399,0.0288590348060093,0.0121161414991991,0.0146684569184971,0.00490769097160895
0,0.1,0.577256869256869,-0.00359542883050917,0.00620835341161711,0.015939833278888,0.0177087889129979,-0.00355277040201367,0.0115117213105831,-0.00192234736021383,0.00622068713319732
0,0.1,0.524712872712873,0.00812744197229391,0.00625912856170107,-0.00501704658515086,0.0152543785119498,0.0037777261832645,0.0134838395406199,0.00175614215129312,0.0063034886045922
0,0.1,0.617971061971062,-9.91744240428184e-05,0.00658131832194326,-0.00910551506493325,0.0249603504868706,0.00329132241877543,0.010018074659695,0.00197413292546646,0.00585721728515543
0,0.1,0.632033132033132,-0.00760983284633723,0.00604392445425886,-0.0146527968055843,0.0191321332036449,-0.00401574651705623,0.0104131677508979,-0.00228118556460343,0.0057226992072839
0,0.1,0.616761508761509,-0.00397924077182728,0.00600717524945001,-0.00874325443562251,0.0164601203055397,0.00933933991306866,0.00968219670970128,0.00596241165892009,0.00588288996616337
0,0.1,0.59761038961039,0.00409252400319471,0.0062284867542737,0.0153769966193872,0.0189183439673312,0.00386900469810999,0.00950028925810235,0.00243143686795373,0.00598745562727204
0,0.1,0.563023847023847,-0.00192862868994279,0.00573989241000404,0.0200093577061157,0.0132978186976263,0.00555254172833554,0.0100736045311065,0.00337716126770079,0.0056843600489647
0,0.1,0.592491976491976,0.00833423157217041,0.00616161637978498,0.035733807731796,0.0196269181526322,0.00817015463884363,0.0114561585331642,0.00447468792507009,0.00674915636228022
0,0.1,0.621142425142425,0.0193021495730152,0.00621136859789765,0.0415951546512598,0.0165304256875936,0.0120636536647942,0.00828904433684608,0.00895264501863284,0.00610631126343925
0,0.1,0.634508326508326,-0.0119526563598464,0.00617703752415537,-0.0387454801790826,0.015992022235311,-0.00974928698461822,0.0131554275338648,-0.0046652776484527,0.00631792633211635
0,0.1,0.602631458631459,0.00497580860669428,0.00549165094609995,0.00974092721281737,0.0130958327423034,-0.00371653034742021,0.0105197939241112,-0.00213924153022623,0.00623453315562202
0,0.1,0.618571050571051,-0.00432011887986591,0.00628440264844971,0.00108328142635165,0.0170762764855506,-0.00856743106428936,0.00899671149602628,-0.0059121632845146,0.00568010125139382
0,0.1,0.564478044478045,0.00845104987603774,0.0065112860811557,0.0392295668560259,0.017141008179354,0.0125403890820228,0.0114124070536685,0.00717493154463365,0.00621124138852945
0,0.1,0.591542043542044,-0.00580226027247251,0.00564928804908701,-0.00269798912256794,0.0187083659584054,0.0205425831656168,0.0124644829151869,0.0103774639668231,0.00557337292255748
0,0.1,0.583141279141279,0.00542745839629932,0.0066422243503213,0.0179841843035888,0.0204971069690191,0.0144924127535196,0.0107969523781214,0.00834889143244815,0.00623725611477111
0,0.1,0.607578535578536,-4.42474044334691e-05,0.00619237436500157,-0.0286456173717765,0.0127248023107224,-0.00799645264344554,0.0103637141320843,-0.00466506110188435,0.0062294469759262
0,0.1,0.530450594450594,0.00740573865962539,0.0065067469978015,0.0237335237447933,0.0210679030165195,0.000157466986116936,0.0121738515051965,7.61502723789872e-05,0.00618638213157152
0,0.1,0.602569370569371,-0.00337813367033781,0.00652395516143282,-0.0113776442024961,0.0146546709785952,-0.0056880767836035,0.0119641570185874,-0.00295107201996589,0.00623667973350854
0,0.1,0.600108984108984,-0.00509986767446755,0.00599156857441883,-0.0213569764300612,0.0234706802641919,0.0050695208912025,0.0096763074635835,0.00320209071448324,0.00638139757193167
0,0.1,0.559640527640528,-0.00173480453370394,0.00604742495113422,-0.0171081841445432,0.0200887682758627,-0.00768810192961583,0.0102206380201128,-0.00493170471006085,0.00687590506044044
0,0.1,0.583861495861496,0.00342525721064262,0.00538321633503977,-0.0385789748240658,0.0137961355797904,0.00104221527404122,0.0111035692547625,0.000566636500172578,0.0057006842141654
0,0.1,0.581000345000345,-0.00337574600083259,0.00591460078762282,-0.0322313144738368,0.0176232106675443,-0.023564495490386,0.0112222901738332,-0.0137549221782846,0.00678422838765214
0,0.1,0.582996594996595,0.00255253703025718,0.00648725771897939,0.014553677038449,0.0175403696085583,0.00725222756505295,0.0102759234110093,0.00447167673590572,0.00691003930730909
0,0.1,0.613557361557362,-0.00325551576158316,0.006249821258842,0.0046581154840624,0.0208442212570843,-0.00286838922735282,0.00939655427144906,-0.00189758277581232,0.00648461194418717
0,0.1,0.576973608973609,-0.00377035185951271,0.00615503410544895,-0.0412805768047894,0.0138672395673133,-0.0219877403496879,0.0108780205624624,-0.0128357229780315,0.00618278114253078
0,0.1,0.610823434823435,0.0152088872864412,0.00538882710730454,0.0139457153541716,0.0174481464046311,0.020185044822331,0.0102468864188313,0.0119240828301251,0.00585021015908809
0,0.1,0.554554586554587,0.0064267423520106,0.00636154142234822,0.00291256298096128,0.0214197080849886,0.0197924584808442,0.0125576439165769,0.0102425330909349,0.00645859773801767
0,0.1,0.6084584004584,0.00437106786377931,0.0063664908378162,-0.0083295501155846,0.0234236909654077,-0.00155469368982143,0.010342163202475,-0.000947916489623621,0.00653187101658884
0,0.1,0.612679176679177,-0.00456330374727066,0.00626231153265657,0.00456963168674379,0.0140510738646263,-0.0100328731809944,0.00968006344733546,-0.00632820756217402,0.00643018365821256
0,0.1,0.583234231234231,0.00482107818581735,0.00586435479668133,0.00127540857580191,0.015105658084251,0.00235738699325353,0.00877944936000134,0.00161133621828129,0.00632664044457468
0,0.1,0.559707235707236,0.00370219334627844,0.00639032045157193,0.0112752494825438,0.0194403765431153,-0.00997034098765558,0.0106737823423757,-0.00580748443958265,0.00626055360203643
0,0.1,0.600153048153048,-4.91142337964147e-06,0.0060220570393457,-0.0253706931760076,0.0150548375246997,0.00499624648532716,0.0111199195377485,0.00273376235779081,0.00558095452854921
0,0.1,0.600687480687481,0.0011194600325562,0.00654027362986708,0.0329853894824771,0.0128032790714125,0.0128319250860035,0.010824106303711,0.00745722876597653,0.0065828812563138
0,0.1,0.549564045564045,-0.0018771758693881,0.00583725807867841,0.0229165630914217,0.0213712728803503,0.00223201801559734,0.0110145090015889,0.00129656121196674,0.00578011144685233
0,0.1,0.561119889119889,-0.00778607542285728,0.00622379651826618,-0.0118118203263777,0.0170942204859482,-0.0212803835410654,0.0116632991467038,-0.0116727568287563,0.00636799840394639
0,0.1,0.580860220860221,-0.0163047346752706,0.00605250987164774,0.00242939135452902,0.0210004422452576,-0.0163013875697218,0.0105800093690981,-0.00902168841275099,0.00559100056212462
0,0.1,0.617086421086421,0.00421509027112138,0.00595496986483617,0.00750404486625274,0.0194735273449237,0.00274213738419662,0.00908170427286774,0.00182228952597532,0.0059863748168457
0,0.1,0.604019416019416,0.0063083329984327,0.00590083539739033,0.0275395451017549,0.0218589541098932,0.00209527030807266,0.0105563583895241,0.00120546798437506,0.00631972271702098
0,0.1,0.611174051174051,0.0153834690903549,0.00652778163367192,0.0298325142751766,0.018961156130166,0.0105427379778888,0.0093517544410754,0.00702825496813257,0.00632654175327108
0,0.1,0.622184278184278,-0.00255652898807127,0.00611354352137234,-0.012226137134505,0.0229849628661678,0.0118935464408028,0.00953344677013716,0.00793617666416832,0.0062971987698325
0,0.1,0.620052824052824,0.0013044633509322,0.00658195266979617,0.0272350162833355,0.0243835167842789,0.00581738146352371,0.0117933237370106,0.00308700563904791,0.00652577605594336
0,0.1,0.581973701973702,-0.00045571361958672,0.00592470962291454,-0.039472584762781,0.0191881268305402,-0.00549732450090467,0.010421307091206,-0.0031727706630317,0.00591772660967572
0,0.1,0.601152889152889,-0.0126314320979509,0.0059906409463987,-0.0128740346261104,0.0203652916749955,-0.00834419604051739,0.00993069490407274,-0.00503553414453189,0.0062356963377829
0,0.1,0.599993795993796,-0.00762716348728122,0.00605045076217779,-0.017691997835155,0.018555586836569,-0.000328874754369438,0.00980487767374467,-0.00020378337373594,0.00615416370866218
0,0.1,0.594951618951619,0.00382614253615419,0.00562244240195043,0.00655572800458458,0.017970001098547,-0.00183590946229208,0.0105740507663956,-0.00108392534128819,0.00589029306537038
0,0.1,0.579585291585292,-0.000212484718284225,0.00578804984864572,0.0129282330789969,0.0222121993252536,0.0040100788097462,0.0100477208163322,0.0023069541294857,0.0055791497301535
0,0.1,0.565179613179613,-0.00123764006730058,0.00574207580639228,-0.000824554983830412,0.0164041699979137,-0.00200206092072705,0.0107920886733276,-0.00111597376477131,0.0062810375465377
0,0.1,0.588610128610129,-0.00508518261562155,0.00578445751195552,0.0083763281240448,0.0217128277792034,-0.000338341478704285,0.0117018799321208,-0.000169961156142177,0.00583958116210061
0,0.1,0.620630180630181,-0.00206662917382647,0.00643219203892281,0.0351657908408752,0.0177868831498107,1.3270147972097e-05,0.00869434820206534,9.63271905689331e-06,0.00538584104386637
0,0.1,0.579667347667348,-0.00174677415963577,0.00660912693590266,-0.0125221287000572,0.016849436104814,-0.00940244469523779,0.0128228153805749,-0.0046837766873671,0.00708368499474337
0,0.1,0.610676722676723,-0.00485759924270207,0.0060477038643836,-0.0207107619780723,0.0178436711916108,0.00286496645196337,0.00940011984502517,0.00176694105885176,0.00623478524845786
0,0.1,0.569310917310917,0.00464064495528669,0.00601140153093434,0.018736504825049,0.0191734127796753,0.00862282901216495,0.0129989932638588,0.00425298887103809,0.00593139454819111
0,0.1,0.611106755106755,-0.0107760414274167,0.00620635064911163,-0.0128454759075374,0.0167491010354812,0.00115790002565606,0.0101131708047415,0.000761457323548661,0.00597179128194711
0,0.1,0.601598077598078,-0.00681002341407853,0.00642789298886147,-0.0224613815475723,0.0177672236473583,-0.00937729195040752,0.0100002691962259,-0.00549844747167536,0.00622314955782957
0,0.1,0.56162622962623,0.00365082451258258,0.00670707462964331,0.0134213010864834,0.0213875175940018,0.0211401264517337,0.00979431466839183,0.0132414555216381,0.00597853990976778
0,0.1,0.589167961167961,0.00215711672133507,0.00631656750765871,0.00797215363180954,0.0172073678328389,-0.00891448511387637,0.00974429514021491,-0.00565816448053897,0.00639064688323483
0,0.1,0.625420249420249,0.00796577746711425,0.00619856792824725,-0.0153159980227997,0.012260884343583,0.00943830800369525,0.00993796564709272,0.00605335881813313,0.00615989897208378
0,0.1,0.574214182214182,-0.000534499741347845,0.00557502664585148,-0.0315272207425933,0.0187198656181971,0.0168986025491239,0.0103859815757813,0.0100601406382221,0.00584767822645213
0,0.1,0.612141504141504,-0.00657933458758456,0.00687210381799593,-0.007916109940626,0.0213026452774874,-0.0184253874767132,0.0112809805387878,-0.010437475328104,0.00622858550919933
0,0.1,0.590209214209214,0.00770561064596905,0.00617858756412776,-0.00470413645970566,0.0156021552225515,0.00987102255439511,0.0110535624409507,0.00553160494744363,0.00657185689068715
0,0.1,0.576239688239688,-0.00262479302972621,0.00569248153227556,0.0198132015753784,0.017672536894352,-0.0030931252653926,0.00842957426143265,-0.0022569958517755,0.00617020069497958
0,0.1,0.57234332034332,-0.0132668564755636,0.00571579111709459,-0.0183620620528048,0.0173970584444317,-0.00289162951920052,0.0103841546131654,-0.00168066928279636,0.00589885801344191
0,0.1,0.580366852366852,0.00312526991576642,0.00635200758791688,-0.0103338419386541,0.0196288814883956,0.00197627782346861,0.0117588503516359,0.00101176452474841,0.00597204421288119
0,0.1,0.581288873288873,0.0131356229568464,0.00583127398596096,0.0274253767787516,0.0154168084558299,0.0107129953677408,0.0141546309337966,0.00467083423367204,0.00576784298731301
0,0.1,0.567218979218979,-0.00320504574138286,0.00601805634708763,-0.00683666667058584,0.0243265762417878,0.00115262097725791,0.0100894171323696,0.00068691756971093,0.00569138715799349
0,0.1,0.625989937989938,0.0015904269938145,0.0059846471223014,0.0086921166669721,0.0165331983846553,-0.00941192560855112,0.00897872148756634,-0.00628806280396075,0.00584917284635565
0,0.1,0.603078975078975,0.00730158855721155,0.00554953776396535,-0.00803077023128127,0.0170989852739946,0.0114697689055456,0.0104888856471359,0.006435281770209,0.00580714642780192
0,0.1,0.579324771324771,0.00370246713149659,0.00595236955897579,-0.0204277907551809,0.0218079334242722,-0.00949951952062605,0.0093667466060642,-0.00588854547275132,0.0059588762695894
0,0.1,0.58369363969364,-0.00438465340543623,0.00681590109656563,-0.00330200711373569,0.0197993497470046,-0.00200206669570888,0.0133950219910256,-0.000932282494679292,0.00634143533501039
0,0.1,0.6243546003546,-0.00915073377576931,0.00628408927791848,-0.00620994453529942,0.0180962499679851,0.00667777839834293,0.0101533355749454,0.00415162295624419,0.00602533263645402
0,0.1,0.573148533148533,-0.0042645473591103,0.00646174733387192,-0.00811345622486732,0.0177171686516452,-0.00536805109132901,0.011562079573812,-0.00302870318119971,0.00689560809674163
0,0.1,0.585691857691858,0.00432835845260359,0.00661325140043573,0.0510160668177337,0.020109794354256,0.00839310128094093,0.0125679125463116,0.00430619114657109,0.00647542669904549
0,0.1,0.613401013401013,0.00656451474286835,0.00634061605521711,-0.00752601294540908,0.019983404059491,0.00964533286040113,0.00919093578896142,0.00641826487485772,0.00660133987788642
0,0.1,0.600645120645121,-0.00242856037112012,0.00667412626874886,-0.00356389346106939,0.0229000634674303,-0.00193857929778831,0.0111592958162968,-0.00112218810928884,0.00648376241309181
0,0.1,0.620423048423048,-0.0131222530718452,0.00590374858926325,-0.0169927416962597,0.0196775427376262,-0.0189162137517501,0.00880791765913529,-0.0134185603586778,0.0063858884509045
0,0.1,0.622199746199746,0.00175788304599418,0.00568632256304654,-0.00330061207576722,0.021952871043816,-0.0127882257249275,0.0101430232971447,-0.00742532523187404,0.00589675380887265
0,0.1,0.608735240735241,0.00830156633949972,0.00588311598716193,0.0122028270069581,0.0177062237447414,0.0029577858743411,0.0105146195107841,0.00162915573237813,0.00564610727773916
0,0.1,0.568156984156984,-0.00217388292183892,0.00597151934123332,0.0124699211244031,0.0197927827363797,0.0101914251085292,0.0111826180904225,0.00546233728496928,0.00594494549915189
0,0.1,0.595490911490911,6.53536756921331e-05,0.00575741687165657,-0.0204589004780551,0.0142914049645419,-0.00413019501484781,0.00894391994557905,-0.00279404230403075,0.00594281704911511
0,0.1,0.615980091980092,0.00274332214230308,0.00470813608987982,0.012950835923817,0.0214647599365403,0.00914521268072896,0.00897844300365822,0.00607809713656774,0.0055647741926431
0,0.1,0.565884205884206,-0.00943863099439381,0.00607968019705545,-0.0411258302933932,0.0142432832896734,-0.0194075606304607,0.0116554387093193,-0.00999901367305762,0.00597556395186571
0,0.1,0.608419904419904,-0.00312208914857173,0.00609381314256979,-0.00474765198243359,0.019214038906596,-0.00811312195526564,0.0105367724856878,-0.00478000733994406,0.00616006490989102
0,0.1,0.604580752580753,-0.000339627424793014,0.00570938390689065,-0.00987990906551846,0.0158227274481526,-0.00625654378130764,0.0091986032858544,-0.00390875832858942,0.0057695659756414
0,0.1,0.608402408402408,0.00289860969448498,0.00591385697732811,0.0208138891691087,0.0249945774999284,0.00240294061407003,0.0113997668350291,0.00130141542681134,0.00636969620464339
0,0.1,0.584106452106452,0.00244960609648812,0.00589492733515019,0.015306682702087,0.0140016416829892,0.00292330494029965,0.00935442960039704,0.00174709005994043,0.00567053875937041
0,0.1,0.593068193068193,0.00270059335962873,0.00601638489111296,0.000275709948196882,0.0121669667035317,-0.0053097648674249,0.00939117245426164,-0.00343357021819044,0.00616688480912063
0,0.1,0.604741924741925,0.00359990963326907,0.00623159219477307,0.00688362990809553,0.0187397417189264,-0.0031949624529849,0.0113833108336283,-0.00188241575172266,0.00671966914464399
0,0.1,0.58237113037113,0.0077811349214426,0.00558422702950135,-0.0105972673358488,0.0181577035953817,0.00911120881137699,0.00891520521337322,0.00621387494148082,0.00606321920853927
0,0.1,0.573104337104337,-0.00387961724733353,0.00600598573761845,0.00540640257269175,0.0205525566143055,0.00113090750132252,0.0105623980158195,0.000632481366114106,0.00627696932679062
0,0.1,0.551059547059547,-0.00216961416291165,0.00600453523231836,0.00405606678333579,0.0203804134542228,-0.00441436806058797,0.0134229552263359,-0.00203516427829067,0.00612611732081244
0,0.1,0.615867087867088,0.00751887699336115,0.00646455206820155,-0.00587783239177828,0.0186501423131367,0.000794985887813048,0.0114087023059842,0.000449009922744481,0.00634272628522802
0,0.1,0.597614505614506,-0.0012012253931033,0.00587211428006601,0.0211493878616274,0.0170156412142609,0.00991494868818747,0.00971369936434886,0.00653628733196416,0.00649981938141636
0,0.1,0.605367989367989,-0.000255444540438741,0.00582700742383287,0.0229139652693604,0.0187832350870348,0.00722732021561969,0.0111356683882658,0.00417243405225469,0.00616374664986878
0,0.1,0.619793695793696,-0.00042614144110278,0.00619914257325543,0.0847049915650076,0.0160357910353236,0.00659728065051103,0.00932160216680092,0.00455959829320569,0.00679185451909897
0,0.1,0.607845163845164,0.00365989396865587,0.0060283705837375,0.00172992486431535,0.0200492305840137,-0.0021515430752882,0.00968755534980679,-0.00140786698656328,0.0063565209449139
0,0.1,0.611423051423051,-0.0089417988889238,0.00638262719293014,0.0226467013045658,0.0205349649227868,-0.00136214979857887,0.0106993258124359,-0.000785872302586633,0.00603281520783363
0,0.1,0.620549216549217,-0.0106279738439363,0.0065307006725628,-0.00527680299768597,0.022911598213697,-0.0115945577222156,0.0125079794656893,-0.00594137772164039,0.00673726909988065
0,0.1,0.616580032580033,-0.00879461617940942,0.00619959214727332,-0.0312234420679591,0.0225542785819776,0.00700924393460401,0.0120000224580919,0.00351450458061635,0.0061108112440243
0,0.1,0.560872436872437,0.0028021380222802,0.00624612662846773,0.021599555365347,0.015397279921218,-0.00384968623444694,0.00967372661286853,-0.00248292301677397,0.00612401002741012
0,0.1,0.581270417270417,-0.00612428733785892,0.0058467250569959,-0.019149382676317,0.0185902684086005,-0.00918958088668928,0.00955860894944301,-0.0058590066087641,0.00660649138203898
0,0.1,0.577740517740518,-0.00213089023608337,0.00579548847486354,0.0140712588491165,0.0173918667251107,-0.00379846566898151,0.0125312192131152,-0.00181378587228504,0.00566434900922435
0,0.1,0.580405984405984,0.0082473043341015,0.00601482555821615,0.0250007196084384,0.0169077017938517,-0.00027748066973576,0.0166885208446874,-9.88394458558612e-05,0.00505439813869596
0,0.1,0.544095316095316,-0.00408271846826304,0.00579272297436574,-0.0354977079639292,0.0216620072415407,-0.011336324511309,0.0107496641768253,-0.00647141682568744,0.00578654601636287
0,0.1,0.634014994014994,0.00895486146320791,0.00561840333141683,0.0309211761503267,0.0206435035849712,0.0153244776599952,0.00957988566662334,0.0100127645759798,0.00600345363079566
0,0.1,0.581944601944602,0.00197300905374455,0.00625288196825995,0.00627252299749037,0.0177066309093238,-0.0112742278997797,0.0134784209259404,-0.00528804468438555,0.00624190053089743
0,0.1,0.584487392487393,0.000886228442763182,0.00636929879414099,-0.00850884564243767,0.0168530253687492,-0.00998625360786985,0.00973848100118508,-0.00598891923247825,0.00602582926093882
0,0.1,0.623217575217575,0.00273029554544041,0.00589083397369225,0.00210205345699476,0.0142753832608011,0.00210467927769418,0.00931713819580877,0.00135434169540406,0.00585251783853343
0,0.1,0.604395796395796,-0.000716643059187002,0.00645499967157086,0.0180382251586595,0.0198182284353348,-0.00611993365705528,0.00948680285528941,-0.003935226808176,0.00608254881592056
0,0.1,0.624760800760801,0.00905652534186768,0.00597762941563196,0.00412502195693539,0.0219866664385086,0.0177920933827263,0.0116527860477145,0.00960767566191871,0.00626147746356294
0,0.1,0.610074694074694,0.0085548356309388,0.00543732641769597,0.0238001962041513,0.0249935307282901,0.00095987964322965,0.0128067430565868,0.000444672884250556,0.00591220032521999
0,0.1,0.59451591051591,0.00234550124065751,0.00619282026368008,-0.00204962062021626,0.0143751800937107,0.000404077954311883,0.00822718376699623,0.000285964028494395,0.00586307157941758
0,0.1,0.601830985830986,-0.00872717455823059,0.00636660013774447,-0.0085866267138782,0.0162190840157053,-0.0092733766941996,0.0117086901030616,-0.00523002038272811,0.00664491514804425
0,0.1,0.608413808413808,0.0107723291983802,0.00594295183448831,0.0372930492104515,0.0176528674323484,-0.00497204261430041,0.010624448461936,-0.00291377194845685,0.00574580973274744
0,0.1,0.58553664953665,0.00156286445041492,0.00603150133610942,-0.00021188478755784,0.0157171178174449,-0.0042644279636657,0.0102260219895301,-0.00263026695453825,0.00558124355851786
0,0.1,0.590647910647911,-0.00313873700257321,0.0062380200678823,0.00473747951099303,0.015250237000479,-0.00255032270005139,0.00984443934428648,-0.0015880548506579,0.00618825947328132
0,0.1,0.560128808128808,-0.00542042474682989,0.00623105437229549,0.00518284201936581,0.0179347104662436,-0.00375835695832321,0.0126092724800487,-0.00187870549625362,0.00606779495882987
0,0.1,0.600157824157824,0.0048565543942146,0.00616348341930715,0.00315754778514661,0.0165157494039013,0.00829913379190779,0.0125067228633713,0.00420035998318609,0.00627793071597122
0,0.1,0.593759417759418,-0.00396366965959152,0.0061769370709116,-0.0156132419463834,0.0200235346135782,0.00264192007531708,0.011383912820507,0.0014338971507417,0.00614220179400312
0,0.1,0.5724431004431,-0.00586615172636702,0.00570608341090508,-0.00865365092388027,0.0187350616119938,0.0100747021271533,0.0124205028957044,0.00488223628774699,0.00609663730154088
0,0.1,0.559434487434487,-0.00227369391831192,0.00591099413323962,0.00937890339569509,0.0196383851697101,-0.019463104175771,0.013499510059773,-0.00902769450657491,0.00626376708397872
0,0.1,0.596669840669841,-0.00488665509933427,0.00560378773361949,0.000349016396763443,0.016458670129163,-0.00326383147656223,0.00798681453106081,-0.00241397412924209,0.00560569238856142
0,0.1,0.606788874788875,0.0126272753392979,0.00612309099710807,0.0295522870480391,0.023193401468259,0.0039145578597293,0.0109315812296721,0.00222304747904278,0.00602731778496579
0,0.1,0.603309843309843,-0.00597017708920687,0.00542043836830814,-0.00975694453454539,0.0210090123373334,-0.0182022356721351,0.0102708592826904,-0.0108568831576368,0.00623407879358451
0,0.1,0.544903588903589,0.00129006636502892,0.00561782881193963,-0.0197739283924396,0.0156232143396627,-0.0115900636964761,0.0179039072117776,-0.00409502410425925,0.0063529368895947
0,0.1,0.568249156249156,-0.00858714393428587,0.0057120885912793,0.0171243025194388,0.0209897554422822,-0.0190118256729834,0.0104269101636861,-0.0104874567993606,0.00562573247594584
0,0.1,0.60046536046536,0.010529839841178,0.00523876254851215,0.00716143972370461,0.0181705854306189,-0.00779569355530905,0.0111002892979472,-0.00431002106163795,0.00546233715661004
0,0.1,0.606818406818407,0.00501471738062471,0.0050089638294615,0.00927914665714926,0.0168429931175567,-0.000144635959217347,0.0118816027971736,-7.50384230322977e-05,0.006056384246486
0,0.1,0.599562143562144,-0.00320572175302554,0.00649649845445542,0.000336740690672394,0.0135514553251783,0.0124845985834532,0.00945080276695134,0.00787980734444602,0.00589607518071938
0,0.1,0.584242472242472,-0.00778874944514275,0.00669657259525439,-0.0458788660290213,0.0172304995584561,-0.0004720283960742,0.012382703748827,-0.000236052183154336,0.00620921773019007
0,0.1,0.576301956301956,0.00384620199419595,0.00663205234539609,0.0139943753742674,0.0205502717484152,0.0103369080794812,0.0104046117871953,0.00620852756448561,0.00619763484240085
0,0.1,0.594448806448806,-0.00383601422515291,0.00616850001727169,-0.0227179120646976,0.0249270408616906,0.010967894625873,0.0114415178762503,0.00607109743690567,0.00621900170174861
0,0.1,0.585407601407601,-0.00627243450668529,0.00561183079885081,0.000594690420069456,0.0161853367471995,-0.0056218693264756,0.00995107820057754,-0.00352298207996478,0.00640760141911494
0,0.1,0.588807024807025,-0.00130365274718308,0.00600295824787507,0.0174635748737311,0.0126950438103471,0.00308796642154666,0.0112837661846457,0.00163765840771331,0.00630023388277692
0,0.1,0.618386034386034,0.00805386375343117,0.00627887709306513,0.0192141253783346,0.0177184922358079,0.00200202380521876,0.0103906274679457,0.00119117307272435,0.00576950426899736
0,0.1,0.626785298785299,-0.00138023591076235,0.0060442511328434,0.0129235501503042,0.0193681777877853,-0.00678382556380845,0.0105154218394138,-0.0037709440319121,0.00592054197549323
0,0.1,0.606350538350538,0.00329351667602777,0.00596072308165347,0.00445961573498464,0.0201899940649974,-0.00347487591102353,0.00999081123436113,-0.00205182327568684,0.00567186272876713
0,0.1,0.579596151596152,-0.00206920707463072,0.00632980627836311,-0.0189840811459935,0.0235316460613322,0.0133171443504715,0.0113675665905088,0.00759604375749595,0.00671167908052242
0,0.1,0.616827856827857,0.00276860287460492,0.00528741059066584,-0.000536001225108267,0.0190549288220622,0.0105970924326375,0.00859861937907111,0.00759572843327076,0.00589295766705536
0,0.1,0.599548451548452,-2.88498787407548e-05,0.00627563694536071,-0.000900991025028105,0.0196752484906225,0.00764762622035574,0.0103742739846299,0.00456718286014015,0.00636699414147191
0,0.1,0.585698313698314,-0.00292289825605183,0.00596266288568048,-0.0213849061204778,0.0195336035390963,-0.00563078392475753,0.00984863983570027,-0.00351839577254966,0.00646527325442938
0,0.1,0.58379455979456,-0.00864331153938662,0.00566666174006949,0.0102363719759686,0.0143078744499938,-0.00685247947745278,0.0106607690637853,-0.0039554195895515,0.00589970467845486
0,0.1,0.598951906951907,-0.00113316924375191,0.0063423318861263,-0.014856837469139,0.0184557659526566,-0.019660684520697,0.00975524021287306,-0.0125041126427222,0.00627212234194713
0,0.1,0.606286326286326,-0.0026174345386846,0.00698899199810069,-0.0156480507965436,0.0225427816036264,0.0109607643755582,0.0108145028240832,0.00641696122653472,0.00667413401512147
0,0.1,0.598784686784687,-0.00181483016595453,0.00676707998126979,0.0209656313448648,0.0227786926536721,-0.00601520537222317,0.0124090118888716,-0.00313759594444116,0.00628226244024576
0,0.1,0.588045696045696,-0.00111206458156951,0.00614583681942319,-0.00338787315297629,0.0205558686943481,0.00354062233570439,0.00873746109513896,0.00229897776303036,0.00561691989060876
0,0.1,0.581442257442257,-0.00234544656976571,0.00638844705086701,-0.0134559716511795,0.0205564397957689,-0.0106677386507641,0.0120810537891559,-0.0055009389678763,0.0058419056442674
0,0.1,0.636488664488664,-0.014518421535083,0.00635642146361542,-0.0287929055502084,0.0221448389181009,-0.014134292793609,0.0094503700479253,-0.0094799161233685,0.00646442179278758
0,0.1,0.585258333258333,0.011104814663142,0.0067513448840562,0.0260259541879886,0.0176954419784538,0.00821687757492226,0.0105307788308869,0.00476671668821173,0.00591715998410677
0,0.1,0.563950871950872,0.0105376072702394,0.00576422323352509,0.0201003424815565,0.0198106426368309,0.00303005137110784,0.0131133983146254,0.00134699021808349,0.00563378251947042
0,0.1,0.631042963042963,-0.00918350572928431,0.00597545899318467,-0.01476123308621,0.0152874864567727,-0.00571261797098942,0.00889868313649779,-0.0039048976974434,0.00622730181443264
0,0.1,0.573579213579213,0.00757012461751382,0.00553318220553009,0.0292134682763858,0.0183277669860052,0.0399609124878802,0.0137009621540897,0.0193702896279731,0.00565001299695482
0,0.1,0.572603984603985,-0.00549156012292231,0.00585194294398117,-0.0174330231896575,0.0221384203938824,0.00156813640022391,0.00913023058094187,0.00103449394328068,0.00607988941069188
0,0.1,0.565229773229773,-0.00395073670627412,0.00604322715310545,0.0018128852709505,0.0211949536561393,-0.015207712993075,0.0104770099280712,-0.0089310181026589,0.00571757294444615
0,0.1,0.598369474369474,0.00402893298475503,0.00608700568496675,0.0182435322279762,0.0199322181968486,0.00109458196777729,0.0105019953755818,0.000673132176550511,0.00556511255197977
0,0.1,0.567160947160947,-0.00722142968658251,0.00620996286007095,-0.0253809837972397,0.0172935629796461,-0.00652668523235456,0.0108294515319429,-0.00370329348593697,0.0061477241417883
0,0.1,0.618637278637279,0.000728494880676007,0.00609143122935718,0.0356971098996821,0.0187355091586532,0.00735322922962413,0.0102536921931437,0.00411308474205763,0.00557547264668708
0,0.1,0.579003471003471,-0.00497646720572122,0.00614313947821005,0.000158966045976676,0.0155893945009972,-0.0106336464346085,0.0123040926018594,-0.00542477730590151,0.00630621540242843
0,0.1,0.592259836259836,-0.00632366155538208,0.00657724383498439,-0.0166245793437111,0.0158588159432417,-0.00333787160449451,0.0121136770014843,-0.00178641182584442,0.00639808727773778
0,0.1,0.547357831357831,0.00246071377913148,0.0058628274468266,-0.0171774358675903,0.0240138919273009,0.0103502610309839,0.0112275531773306,0.00539043094392379,0.0060877426090135
0,0.1,0.572746748746749,-0.0120827667634776,0.00584845369870008,-0.0110245937205032,0.0144837718623268,-0.0148212917187895,0.0121364728510837,-0.0074448834519797,0.00664449005434067
0,0.1,0.590347478347478,-0.00570356203319519,0.00635540870209157,0.0137287387854449,0.0220661649639478,-0.0151810284916581,0.0107248053814549,-0.00892858403056507,0.00621667175431843
0,0.1,0.626449202449202,-0.00539278572323005,0.00561855276904069,0.00169290793501301,0.0219310178338649,-0.00132103493702507,0.0109919777501457,-0.00074758787702024,0.00615458602591682
0,0.1,0.583864915864916,-0.0120915078936065,0.00636698669745207,-0.0101571350230316,0.0228329909314572,0.00392140582246576,0.00998393907955198,0.00245672979564804,0.0064709924448198
0,0.1,0.57209444009444,-0.00751119289466671,0.00601804149623125,-0.000965711055799408,0.0211614976854416,-0.00805862960410697,0.0103074611573296,-0.00484856218452181,0.00632608084938197
0,0.1,0.62826076026076,0.0062409519295721,0.00623952471115473,0.0174282407853444,0.0165093754018818,0.00025826422832346,0.0085532026947655,0.000178714809762074,0.00597307777008698
0,0.1,0.562034266034266,0.00170036812443442,0.00632795660415512,-0.00267972617912793,0.0221598375740318,0.00194853992502108,0.0111693236880299,0.0010947808852218,0.00642723290964688
0,0.1,0.59179053979054,-0.00181061899382773,0.00611469295741977,-0.0132303092189303,0.0141246645458643,-0.0114250358116255,0.0126451232560616,-0.00552400466942618,0.00606008561949593
0,0.1,0.621029109029109,0.00175832242842627,0.00633136703600028,0.0271665178964733,0.0204441109570348,-0.00103650223020593,0.0101343480622627,-0.000597179447650107,0.00585678817067005
0,0.1,0.588010932010932,-0.00730104887822587,0.00597636705604181,-0.0294922137623155,0.0197839982926708,-0.0171424208104745,0.0108110815744442,-0.0102198889611281,0.00604929386856953
0,0.1,0.593512973512973,-0.00384892818407056,0.0058613855404127,0.0118356372595015,0.01469218143603,-0.00573654696880871,0.0120301599046865,-0.00293337319801481,0.00626964086319938
0,0.1,0.567348711348711,-0.00119129424619301,0.00616975113799141,-0.019629870896248,0.0189511332839898,-0.00202615489708175,0.0107719423223694,-0.0011452924936072,0.00581528634031869
0,0.1,0.656549684549685,-0.00236935247069994,0.00608199263888827,-0.0211523688011831,0.0162607376093154,0.0129511878383921,0.0102269245093287,0.00753439013731939,0.00540623241481483
0,0.1,0.570993030993031,0.0104284470616819,0.00576952637066683,0.0222118575144426,0.017332193512551,0.00555277175443331,0.00974003413527876,0.00357406890164734,0.00609288566533118
0,0.1,0.62010488010488,0.00401046178617588,0.00608664452160018,0.0203260480978341,0.0178875440302488,0.013584965273462,0.0100947069196161,0.00823838959356107,0.00648737604498981
0,0.1,0.63030417030417,-0.0049899532356318,0.00584713475098059,0.00465554998419207,0.0215953976527463,-0.00203716869222672,0.00989007519758839,-0.00123886016548412,0.0061667080477376
0,0.1,0.642087954087954,0.00397879206125311,0.00652554623332287,0.0247713162963229,0.0234632881372688,0.00960188928715121,0.00955756385787811,0.00623802767554839,0.00626645643386715
0,0.1,0.557678357678358,-0.00394054996340694,0.00595567381158107,-0.00883883085085142,0.0157755533893832,0.00473999162045211,0.00984021430890187,0.00287809594837173,0.00618782307743444
0,0.1,0.563293139293139,-0.00699699630525966,0.00613918539088183,0.0178687060477332,0.0181837749750735,-0.00977145699902474,0.0127858065591165,-0.00466086339117525,0.00596563283770556
0,0.1,0.567586311586312,-0.00191841741617876,0.0061169679679415,-0.0203047963118692,0.0177864344354494,-0.00552015733756263,0.0107378033692342,-0.00312241953393997,0.00608143854978328
0,0.1,0.590843762843763,-0.0035290890739215,0.00663504125156338,-0.0129148780886068,0.0177509386774387,0.00569698347087823,0.0101197072687575,0.00346545121758697,0.00660617949538876
0,0.1,0.605836553836554,-0.00326124357501715,0.00559883679378346,-0.00517777063353655,0.0181639641534694,0.0101418228837977,0.0126996190107552,0.00473937295807691,0.00533317427047318
0,0.1,0.596601176601177,0.0068588726279089,0.00576347586463764,0.0161645474023983,0.019562944458548,0.00718182882331961,0.010115655524536,0.00423704893839509,0.00576574553508829
0,0.1,0.556342228342228,0.004578968137939,0.00639762276305756,0.0116238400034529,0.0221606590952515,0.00874340202371319,0.0112980051062805,0.00483020453362114,0.0062354186711771
0,0.1,0.630496986496986,0.00308866760600826,0.00607507339910479,0.011390801764255,0.0183922735344843,-0.00026011630052399,0.00929234115106455,-0.000164530974386351,0.00620994825409022
0,0.1,0.643389931389931,-0.00253556188807746,0.00662678147568944,0.0290397433705977,0.0189832649490013,-0.00628937280560398,0.0100084128341697,-0.00401350574125778,0.00710799339271142
0,0.1,0.597798801798802,0.00942610000935988,0.00492971462909387,0.00959421470213642,0.0228803250484952,0.00153515194142841,0.008000874533755,0.00107984192883075,0.00565984585943149
0,0.1,0.572733080733081,0.000497758473040164,0.00631722743460754,-0.00593945876563614,0.0168919069796795,-0.00775863124380428,0.0108926748877782,-0.00457644086922144,0.00608364457561506
0,0.1,0.596610428610429,0.00226190338491917,0.00630728380786958,0.0450033775003923,0.0199875919657592,0.00115514839255104,0.010331480486919,0.000703433726183748,0.0060209603777544
0,0.1,0.621004593004593,-0.00360165807224409,0.00578168416740918,0.036722176917285,0.0178463234474868,-0.0127224767517696,0.0104135466172862,-0.0076823782859078,0.0061895100147145
0,0.1,0.593140733140733,0.00750126141729734,0.00598328184140115,-0.0065583441533683,0.0141261405878478,0.00370470041898216,0.00991667172180698,0.00218219319678679,0.00609224697365351
0,0.1,0.597901053901054,-0.00980545834977011,0.00613418805923215,-0.00819705573814545,0.0219873196896794,-0.00328493309304347,0.00918206797094689,-0.00223543202931517,0.00616293145992511
0,0.1,0.605036669036669,-0.00518891600435482,0.00534556830113863,0.00665631415012275,0.0158672172701224,-0.00102173928810521,0.00862922709577717,-0.000678856467082269,0.00558711053659252
0,0.1,0.607861951861952,-0.000678322474924859,0.00619195388497988,-0.0199250753401843,0.0188999534082609,0.00188709950487154,0.0104819826209977,0.00107981968927029,0.00602298396330347
0,0.1,0.56580730980731,0.0025196706773805,0.00575808856541346,-0.0121328407332016,0.0194726367757077,0.00380378026770592,0.0133562727974703,0.00179874776403843,0.00616749804528275
0,0.1,0.609512037512038,-0.00318778543428199,0.00654225359790197,-0.00835629603013517,0.0143819816898227,0.000839782759983975,0.0137177495166253,0.000395002001242688,0.00662261713901686
0,0.1,0.629499533499533,-0.000509361781500937,0.00627317288971033,0.0123562773797661,0.0153384290102089,0.00317850972832307,0.00888870691314617,0.00203956828735481,0.00648112916872733
0,0.1,0.569272505272505,-0.00120872120094177,0.00575175629751945,0.00739593400758135,0.0195358072523969,-0.00119596787376268,0.00860549248213589,-0.000811376125449709,0.00597707875488807
0,0.1,0.598910038910039,-0.00309219925929708,0.00632153479551434,-0.00306745802102248,0.0213875641568149,0.00018660181335208,0.0117537316524474,9.62242659513126e-05,0.0064116840958244
0,0.1,0.610987486987487,0.0114942406935457,0.00632773684062306,0.0302812302079204,0.020532809070226,0.0105996468058503,0.00904445396315784,0.00705170896532255,0.00588990577460054
0,0.1,0.610552426552427,0.00910834893296211,0.00597026873519578,0.00619198387762779,0.016641647186402,0.0131599968999224,0.00980123267219425,0.0080862710692031,0.00588903640746417
0,0.1,0.645237297237297,-0.00986088798558095,0.00568959909261139,-0.00451021426835468,0.0206929434698542,-0.0129909096724713,0.0094410815362958,-0.00853624130881225,0.00565619822130067
0,0.1,0.597749625749626,-0.00457224429844091,0.0060076716603318,0.0250553839846436,0.0171925590795991,-0.0109712576640184,0.0104340929949155,-0.00646530922974918,0.00593700684195339
0,0.1,0.574863442863443,0.00459157737620123,0.00617871543533232,-0.00105318890246251,0.0185628986987283,0.0147477194562209,0.0130701580320777,0.00732328231117813,0.00599040259943029
0,0.1,0.579616251616252,0.00835277359201728,0.00566504366326211,0.0346464340162234,0.0209306773044319,-0.00537156698815922,0.0115174395137148,-0.00290092957457417,0.00583920177950337
0,0.1,0.593216441216441,-0.00880264933528289,0.00574327612244486,-0.00654196437649241,0.0120084222705786,-0.00280806207160582,0.0124060794956996,-0.00135043620311233,0.00613144291432666
0,0.1,0.586022458022458,0.00422598621952374,0.00579254172676659,-0.00432895120516786,0.0150514647648358,-0.00152161811872503,0.0103224655988304,-0.000892333022722938,0.00636097605140987
0,0.1,0.603439923439923,0.0035473900174496,0.00576885426140294,0.00294342117299791,0.0155751605131869,0.0140490828402823,0.0104811982572878,0.0080606247692264,0.00562423634961863
0,0.1,0.599651291651292,0.0129692552915394,0.00610342662944051,0.00986857759608368,0.0176196059054546,0.0120296435029355,0.00907117995807419,0.00792123283787636,0.00594197120239132
0,0.1,0.582222714222714,0.00937970417304688,0.00597128715130783,0.0220691164805279,0.0133009928619386,0.00303288832686389,0.010118387323781,0.00175234486485304,0.00581288660680751
0,0.1,0.581493281493281,-0.000514053865895145,0.00621776817662409,0.0109874658545167,0.0271810727303218,-0.00849203264575534,0.0118543427581782,-0.0044723589935393,0.00632935222357805
0,0.1,0.584472584472585,0.00540407830703821,0.00672529557975877,0.00786730036043963,0.0171891463231076,0.017709705859947,0.0126081976953411,0.00858911608090067,0.00575229264643499
0,0.1,0.601409173409173,0.000883814576815653,0.00579492624018135,-0.0177616203711249,0.0196697800050109,0.000467132922550832,0.00999784560068619,0.000278952941732069,0.00576818562601033
0,0.1,0.545148761148761,0.0106618299157731,0.00558083413907696,0.00765261055804232,0.0182337949520685,0.0112836222771311,0.0132297878949546,0.00523045101895842,0.00565658189395605
0,0.1,0.540988056988057,0.00144754910692869,0.00600948431544553,0.00907264969636753,0.019113769450821,0.00130886385892912,0.0112659400633503,0.000730336316163472,0.00651017907493159
0,0.1,0.609737025737026,0.00120297965340614,0.00534500262361707,0.0228429240952327,0.0153036139059662,0.0187940604724101,0.0107377094071844,0.0110190564263149,0.00609503458570358
0,0.1,0.626198834198834,-0.00334833608010478,0.00546379974125815,0.0356287656526372,0.0218612056387545,-0.016616867753046,0.0095347964312308,-0.0106285464108897,0.00543112741846152
0,0.1,0.575174495174495,-0.0133224555469614,0.0067483637174746,-0.0372308848966432,0.0175255739489274,-0.0122495669041828,0.00928304150313603,-0.00821914715721184,0.00637551162585502
0,0.1,0.571601335601336,-0.00786203697042556,0.00607778586188518,-0.0140181284049919,0.0169011920805901,-0.0131047439286856,0.0103890450379008,-0.0077043740945277,0.00639387583378929
0,0.1,0.613509517509517,0.00317718884677396,0.0057148840292604,-0.0226161383335413,0.0242034225325881,0.00934897484588652,0.0114636064686042,0.00480782837807011,0.00572239805629056
0,0.1,0.591705915705916,0.00357763446778785,0.00660088433289187,0.011496749416512,0.0140639535556333,-0.000836250378936331,0.0100493529788046,-0.000523542543208293,0.00628308466956899
0,0.1,0.6203846003846,0.000725133020115128,0.00618772940556442,0.000634144362137916,0.0198926142931498,0.00292485874040954,0.0101104907005136,0.00176181271463813,0.00596346910127849
0,0.1,0.59434587034587,-0.0131353079868903,0.00608382474944243,-0.0272958720475444,0.0215062086401159,-0.00508899183476893,0.0092277680679151,-0.00338821963004164,0.00645839678369413
0,0.1,0.591099207099207,0.00326593239805688,0.0063851223175936,0.00515714956689843,0.0209071144675598,0.0134085842226633,0.00874076625915813,0.00927540981768375,0.00627295965118221
0,0.1,0.559435147435147,-0.00593756263053951,0.00559962215409012,0.0116085330565184,0.0164225015365063,-0.00956111764438524,0.0106982243826087,-0.00558497906278008,0.00627124389724472
0,0.1,0.57420487020487,0.0021219468770448,0.0067626481355137,-0.0148776156279263,0.0170703267457539,0.0064200643433319,0.0107677046347314,0.00377582123566648,0.00687202838613396
0,0.1,0.653520677520678,-0.00536661563627994,0.00565581084663171,0.00520718263242364,0.00976798005338634,0.0107627855955482,0.00980161899104116,0.00665958291085315,0.00594824969899773
0,0.1,0.576221832221832,-0.00548042703429079,0.00536702494918595,0.0204550090465956,0.0175813700767171,0.005237009772564,0.0103775584332397,0.00298637095266139,0.00579207691442676
0,0.1,0.618879258879259,0.00340203722915435,0.00599766267038131,-0.00954019431355278,0.0243879806697865,-0.0077025078235817,0.00965895921468332,-0.00497106739593308,0.00635706242494073
0,0.1,0.581147885147885,-0.010064120685972,0.00580173389267547,0.0104212853039505,0.0204474657561294,-0.00589005349482335,0.00883952890491996,-0.0040629252583831,0.00601977309205101
0,0.1,0.57002757002757,0.00504486799328046,0.00627811705875216,0.00567398583961606,0.0200691013284255,-0.00917882193226509,0.0108828127984419,-0.00532181356748547,0.00593472875984585
0,0.1,0.594835662835663,0.00641073121304349,0.00581450738853416,0.00261566364217445,0.0137019146029671,0.0186479299437789,0.0104562016091196,0.011113563143392,0.00564500391839742
0,0.1,0.623963315963316,0.00634432661006843,0.0064605343945431,-0.00344843947535165,0.0110332017914973,-0.000218048752243476,0.00929216388499841,-0.000144984801767728,0.00623371915789859
0,0.1,0.616933816933817,0.00150893521360425,0.00546745067625028,-0.00223268481350373,0.0227262400629765,-0.00069536397928619,0.00935896151951559,-0.000441979030959466,0.00620711936114599
0,0.1,0.577250617250617,0.00197325735531066,0.00592624956184987,-0.0117800863229269,0.0166676342429861,-0.00186909699102469,0.0108688560237949,-0.000979519506446929,0.00579222193803254
0,0.1,0.605158241158241,-0.00278912117100837,0.00611750531781802,0.0312253436852384,0.0208900543517486,-0.0124772812512231,0.0100716067500066,-0.0075180205130831,0.0057205748790483
0,0.1,0.627052167052167,-0.000393139881578538,0.00603847144137442,-0.00683140533295934,0.0176487109102931,-0.00351516614135757,0.0105067913956472,-0.00203388242688576,0.005938090343517
0,0.1,0.568036636036636,0.00447129296885626,0.00633232163194771,-0.00141538795366744,0.0172046898694151,0.011581530312946,0.0107007809818149,0.00682902349542299,0.00587797601703762
0,0.1,0.579003339003339,-0.00461046723612766,0.00639805640946637,0.0101118826402031,0.0182105087182476,-0.0229969032428732,0.0119316584241035,-0.0122737437690234,0.00598103562919761
0,0.1,0.576294192294192,-0.00952244515476496,0.00625966207032096,0.026328699634034,0.0199629958277796,-0.00052561220543099,0.0109704887706104,-0.000286211934594893,0.00643447799894891
0,0.1,0.615788871788872,0.00779826891546669,0.00594510481137943,0.032420074117217,0.0166528075791377,0.00998114646392026,0.00944552129838988,0.0062925012286659,0.00642861931803826
0,0.1,0.619851331851332,-0.00088883214586014,0.00619040916115893,-0.0137858975404214,0.019435053380134,-0.00474534890633085,0.00942486821691213,-0.0030446139104639,0.00518766172951717
0,0.1,0.594893406893407,-0.0146558147567278,0.00571816300573681,-0.0338592831215999,0.0205936700000796,-0.0128346306584512,0.00968745745589984,-0.00801268491270512,0.0059672732386968
0,0.1,0.593243093243093,0.00464784648916724,0.0060507588536115,0.000558698630998398,0.01551434619968,0.00897799691976569,0.00903220555196289,0.00600372014370962,0.00666041127449632
0,0.1,0.628973260973261,0.000515019418536869,0.00634189918155989,-0.00310054206172522,0.0157218770139026,-0.00413875903263815,0.0100378078128654,-0.00265213277002553,0.00635414340206401
0,0.1,0.606289194289194,0.00743611145999225,0.00593631347665558,0.0674061815635348,0.0180902413723272,-0.00240705771038314,0.0119420397415337,-0.00121462340560455,0.00608771946980872
0,0.1,0.57368724968725,-0.000512344773724125,0.00595022966448915,-0.0169133483207509,0.0172569183968996,0.00691611903510009,0.00799218732258442,0.00505570982617391,0.00564080361689063
0,0.1,0.630899586899587,0.00378716379692331,0.00638689841789024,0.0206870391830144,0.0148107356002305,0.0192335120129919,0.0101870575200467,0.0119069926115929,0.00626590283462623
0,0.1,0.588432468432468,-0.00369209289567978,0.00589316049463746,-0.00192494310011913,0.022501375945512,0.0156467577743526,0.0118496960319653,0.00814853459597022,0.00620360042838439
0,0.1,0.574492918492919,-0.000763378220640248,0.00618069064059937,0.0207742269715294,0.0188961478242519,0.00675762299245727,0.0100056302622933,0.0043035280245505,0.0068587867884242
0,0.1,0.585102189102189,-0.0038622688585622,0.00610859829680951,0.00214272681815176,0.018077818018916,-0.00559878526597951,0.0127471758275486,-0.00268679789550171,0.00597120906837937
0,0.1,0.562619710619711,0.0109323175904017,0.00635182919432637,0.0228955866589421,0.0165297413078667,0.00696017381306415,0.01209235403729,0.00355195297626078,0.00640208756625387
0,0.1,0.596842196842197,-0.00318060050624222,0.00592909907426936,-0.0112190413704273,0.0165823030740998,0.00476377615539271,0.011306387621625,0.00253492820628173,0.00526644667061838
0,0.1,0.579792771792772,0.000126023165061819,0.00566715703597341,0.00813465670318981,0.0141631641222887,-0.000565480446742557,0.00904010778948214,-0.000370562858933989,0.00570697890578655
0,0.1,0.58596348996349,-0.00202632608031205,0.00614113996631617,-0.010563716068044,0.0224391310240763,0.00379591754232814,0.00893420181548546,0.00262128620513345,0.00636623607428765
0,0.1,0.569633225633226,-0.00753397529139494,0.00661030483916748,-0.032842963044342,0.0199094738451553,-0.00326423263176842,0.00953451859288767,-0.0021609239964208,0.00623780479274044
0,0.1,0.617313185313185,0.0147435917817126,0.00584126540522699,-2.13460115728539e-05,0.0132716982668517,0.0083307242939553,0.00921425254310076,0.00546713867716675,0.0060210996009054
0,0.1,0.603484755484755,-0.00768127749536394,0.00573704982585419,-0.00760227634450219,0.014873351076803,-0.00147527998599725,0.00938126137239564,-0.000885376265311276,0.00567124980952918
0,0.1,0.633098133098133,0.0020372286888708,0.00609778488429022,-0.00492535598626479,0.0174719039534402,-0.00623582805994704,0.0100407361399765,-0.00395889660235183,0.00664589073683003
0,0.1,0.624227052227052,0.003664910978598,0.0056095441528244,0.0206583585936935,0.0175303935158327,0.00125485966633851,0.010209364163546,0.000759841434055807,0.00591662622035471
0,0.1,0.553553533553534,0.000549348780366133,0.00600954373159906,0.0117519177891211,0.0197591955674253,0.0016828608738795,0.00958564376899163,0.00108731331203228,0.00579554828857064
0,0.1,0.584550152550153,0.00171022914934782,0.00592323446935544,-0.00752631449998941,0.0192611957111672,-0.00303435980612587,0.0124349997399821,-0.00155526279394838,0.00619098111930366
0,0.1,0.591659031659032,-0.00521400435418815,0.00565913270909823,0.000355156577562033,0.0161213000515066,-0.0080547910775066,0.00955978749014665,-0.00508646351774805,0.00567477970539073
0,0.1,0.606509346509347,-0.00368568954306635,0.00549383232871142,-0.0266097375153304,0.0144878473209621,0.00747338837508895,0.0100043733210477,0.0042878767437674,0.00608396296091977
0,0.1,0.60568124968125,0.00561056779484288,0.00598927628092801,0.00458426267765118,0.0181907790676361,0.00840854453099684,0.00946076887653824,0.00539471941503504,0.0061260838196275
0,0.1,0.603087219087219,0.00699710101272757,0.00612588425368451,0.0142712313653245,0.0192454825837719,-0.00551384961806584,0.0107215770455761,-0.00308772122684675,0.00646379021693069
0,0.1,0.601718857718858,-0.00377503282795378,0.00568792514530828,0.00308537834558207,0.0223947925692369,-0.000385228644722645,0.0105138398275577,-0.000220648300821099,0.00583410215604971
0,0.1,0.624779376779377,0.000925110118271153,0.00563595508420092,-0.0270086834807162,0.0151525016113324,0.00234503202391714,0.0103630538408977,0.00133760381297525,0.00563449924730253
0,0.1,0.585707481707482,-0.00663047394570679,0.00645653486282565,-0.0168480537256654,0.0177457072684803,-0.00529047967770061,0.0090759261910171,-0.00342347076419016,0.00554091378433949
0,0.1,0.6039237999238,0.0176544364668166,0.00634088420299582,-0.0283782393658697,0.0262300690012978,0.0223978357840238,0.0097142195639757,0.0148261805557348,0.00613758646228942
0,0.1,0.593294453294453,-0.00264027459035808,0.00591444298623644,0.00664257855994472,0.0190624978240838,-0.00924999149055499,0.0112384757228679,-0.00496953871290813,0.00613771014584613
0,0.1,0.595210807210807,0.00232415850916458,0.00588389583095843,-0.0221349235264397,0.015484251964327,0.00174149628158555,0.0104905007081846,0.0010634780544153,0.00676904739845073
0,0.1,0.583357675357675,-0.00569463423189458,0.0059563122583269,0.0112758309549699,0.0149446234681146,-0.00655217299038516,0.0104096432715614,-0.00383067577465326,0.00590910728441222
0,0.1,0.591324699324699,0.00637597396700148,0.00635923539464053,0.0157790811476254,0.0197498629760712,0.0215330554117339,0.010847147320839,0.0123685613024483,0.00596997714258156
0,0.1,0.569252129252129,1.42034166398482e-05,0.00588754160426694,-0.0182512135006657,0.0182275266056207,0.00268704560426484,0.0103952270282936,0.00157293565508802,0.00627690740867565
0,0.1,0.621308349308349,-0.000121235201402838,0.00602258185116065,-0.0235314766094594,0.0212507140079657,-3.00840786168267e-05,0.00988017287286496,-1.89557917331914e-05,0.00599677916159504
0,0.1,0.601656937656938,0.00716058378457917,0.00642247290730941,0.0335016413460043,0.0171938631302251,0.0100954118260207,0.0108509642214968,0.00574982206051259,0.00609675759398991
0,0.1,0.584356892356892,-0.0033589772008303,0.00653600227958633,-0.0169454964110414,0.0166068332785659,-0.00313176790862442,0.010382543305697,-0.00187242144873101,0.00605590985589132
0,0.1,0.544054396054396,-0.00479452009166765,0.00599270628459499,0.0171571685368905,0.020287699866927,0.0218493456583124,0.01356684000655,0.0100512626532787,0.00614634119521347
0,0.1,0.584513972513973,0.00246823200437317,0.00585307610169938,-0.0124876514110906,0.0230487838057789,0.00908305771362454,0.0110192307312877,0.00522503220566747,0.00604657511823288
0,0.1,0.611139875139875,-0.00265662140192669,0.00602687605061361,-0.00921464209086492,0.0202157778699423,0.00813446786285663,0.0105502134905827,0.00467606641070898,0.00571908780415873
0,0.1,0.603561111561112,-0.0126913680381523,0.006283053276594,0.0355094918625203,0.0274094721176003,-0.00589597937447685,0.00990852952637126,-0.00362845282721282,0.00601343231237596
0,0.1,0.609958497958498,-0.00704444605163291,0.0061892583382804,-0.039705812284722,0.0250910402869186,-0.00890718167022975,0.0085478031294089,-0.00633406782294164,0.00613742304761108
0,0.1,0.560212724212724,-0.00125075844589815,0.00590809904349356,-0.0485168756635082,0.0191337219150206,-0.00140040787487745,0.00975365286743162,-0.000897099683715063,0.00548018840070406
0,0.1,0.597322569322569,0.000329729696572322,0.00572916022039405,0.00966849454915765,0.0177968509354045,-0.00388689184248222,0.0151612474946059,-0.00153445254880293,0.00608481153352987
0,0.1,0.592220284220284,-0.00663482110944998,0.00631576215146735,-0.0229810676904953,0.0172337924233412,-0.0104320824894025,0.0100068835037185,-0.00642331940157497,0.0063324399980496
0,0.1,0.592958044958045,-0.0071545497700247,0.00636557358087328,-0.00925379207704839,0.0248660255803756,-0.00897291756043746,0.011264407161968,-0.00490441762033085,0.00616928300760534
0,0.1,0.56370413970414,-0.000859016471749058,0.00623527132508669,0.0183425118116615,0.019993472426816,-0.00193684585222595,0.0121859895371638,-0.0009767206510116,0.00636776315289
0,0.1,0.607554463554464,0.00409662789727123,0.00570388418673321,-0.0109123687992503,0.0146211187735454,0.00919493472425678,0.00991439378854075,0.00575860295189073,0.00634491681954507
0,0.1,0.592319356319356,-0.000216392226104448,0.00612809971005696,0.0272027623607536,0.0202287613027011,-0.00234437663321706,0.00937436470907145,-0.00152328690405257,0.00625799566117549
0,0.1,0.58759151959152,-0.00736194576097087,0.00562850825211876,-0.049081581531609,0.021827307983269,-0.0011722468244766,0.00989478150053705,-0.000731374386045362,0.00599420778439875
0,0.1,0.633633897633898,-0.00527342900287706,0.00630132047383883,-0.000157685981696993,0.0170911816221426,0.00254559247394723,0.0112781556382729,0.00142008920647626,0.00635798296359311
0,0.1,0.580808320808321,8.9104187417532e-05,0.00591365097753432,0.0142279731715157,0.0168862811179479,-0.00290421153254714,0.00936097934197222,-0.00178888545678628,0.0060554677270718
0,0.1,0.591516315516315,0.000927098085802514,0.00615408806194023,-0.00559942995035018,0.0164250861154595,-0.00471887080925194,0.0109497046029706,-0.0026935008627543,0.00594105068167695
0,0.1,0.625555105555106,0.00863792934443121,0.00569593675126708,0.00714021587824772,0.0171665878267209,0.0150289134061574,0.00944145874909451,0.00954895332392064,0.00581561867950974
0,0.1,0.581778053778054,-0.0120951097131435,0.00603135794779576,-0.00544464670123444,0.0161344329753089,-0.0135791069946931,0.0143877836051982,-0.0057825522877957,0.00583842165833048
0,0.1,0.608859008859009,0.00109611499641319,0.00566522751361246,0.04266088226228,0.0182449981044617,-0.00286776947055145,0.010679561093073,-0.00165068696713396,0.00617357140199129
0,0.1,0.593809577809578,0.00339853752242458,0.00646109072629221,0.0342894736994193,0.0168054002387647,0.0112322208426359,0.0100816542683257,0.00716964480805366,0.00720751077943602
0,0.1,0.596949944949945,-0.0106918258391326,0.00572786192312117,-0.0184688920088409,0.0136099283458749,-0.0186154200073788,0.0111749104222329,-0.0103239989115418,0.00581457412649549
0,0.1,0.578886590886591,0.00977358381762829,0.00559323078988048,0.00180169934417036,0.0167181242273542,-0.00703307060930554,0.0106820004116366,-0.00397800718738351,0.00583165255670927
0,0.1,0.633440253440253,0.00327516304641309,0.00607297386156151,-0.0197899559890229,0.0171416334328553,-0.00294619642001221,0.0101156155299596,-0.0017619237503955,0.00570952997093414
0,0.1,0.6115904995905,-0.0028251259206934,0.00625772631945624,0.00838803665112258,0.0198748811877944,-0.0118148287476439,0.00868982807182654,-0.00831488663943018,0.00600836231474935
0,0.1,0.594142626142626,0.00403762784849097,0.0056663574746127,-0.00598920675316889,0.0206215250211986,0.0183527498911917,0.0101769950662495,0.0112565208384378,0.00612411177591833
0,0.1,0.610460842460843,0.00327043994704602,0.00574554831939698,0.0197257178001903,0.0195111490436977,-0.00194951791934158,0.00860427319207577,-0.00140168915232974,0.00583844556554849
0,0.1,0.630738774738775,-0.00467163766966073,0.00615692266963661,-0.0161565349281717,0.0236684339631121,-0.00720917352044197,0.0104789202226735,-0.00415518498421115,0.00591874397848444
0,0.1,0.589007173007173,-0.00409855418766778,0.00615179912531497,-0.0287805914828304,0.0189947411358479,-0.0105593912092677,0.0106097370015721,-0.00611722669317388,0.00605696705980988
0,0.1,0.616304128304128,0.011477360913544,0.006050173168254,-0.0162230398744841,0.0195134440925216,0.00149048286646684,0.00929265937226502,0.000992359810956491,0.00591869291352256
0,0.1,0.623011787011787,0.00425456730003086,0.0065525370557746,0.0129839708791934,0.0173186988604824,0.00564652093094824,0.00869393125608347,0.00405881039031555,0.00653855518541806
0,0.1,0.594346302346302,-0.00832370492352939,0.00615063177415086,-0.00392021249796321,0.0154089346297755,-0.00303096935448192,0.0106508564360318,-0.00172172789059145,0.00556813516276827
0,0.1,0.600771528771529,0.0121362823670448,0.00624428935580092,0.0182590548206312,0.0202182794000845,0.017350326486642,0.00977173424450846,0.0108008245534435,0.00560286515067127
0,0.1,0.558602586602587,0.000753799436407506,0.00619751784600188,0.00287801921764874,0.0175895315233629,0.00654837904763657,0.0115464939959579,0.00376674612653522,0.00663219081645051
0,0.1,0.605113493113493,0.00664992561726039,0.00561523435911146,-0.00420010453798122,0.0176967025723687,0.00507660379607888,0.0105895904713154,0.002943165938119,0.00592276255603271
0,0.1,0.595755091755092,0.00835941923341323,0.0058792434057964,-0.00369562749870041,0.0183280832549634,0.015337465222825,0.0102142484513146,0.00957533504535579,0.00596707725984298
0,0.1,0.612163908163908,-0.00395518325676444,0.0061986962207552,-0.0313236669871248,0.0213049229569937,0.0102438054353077,0.0089736940130624,0.00683534854448301,0.00637909718821128
0,0.1,0.629426369426369,0.00935108467947869,0.0063918647037813,-0.00766360396783663,0.0149170584358309,-0.00224355854391339,0.00835080862956137,-0.00157047442763502,0.00628326074029546
0,0.1,0.568280632280632,0.0123778114336982,0.00616030164610841,0.000233958241550833,0.0233643159347522,0.0150035472161327,0.012423599698106,0.00801985823745753,0.00620131679764478
0,0.1,0.603704187704188,0.00982696637316438,0.00617095971189697,-0.00161003393305919,0.0188896312452608,0.00136160573271609,0.00876044209478354,0.000925799390060529,0.00553946555680945
0,0.1,0.623839511839512,0.000290214202905696,0.00543587470630424,-0.00734721542123576,0.0151508669660502,0.00262395742060329,0.0107903886895675,0.00145359283402826,0.00606824391306495
0,0.1,0.588534480534481,-0.00957262753741117,0.0060820326865791,-0.0267251303809714,0.0232010212834212,-0.00411043166587427,0.00917094884453063,-0.00277773589518554,0.00612997325156844
0,0.1,0.629782037782038,-0.00763956715896115,0.00614802706725612,0.0344012992810232,0.0127699407303887,-0.00269281221928045,0.0107711370037264,-0.00157726001220514,0.00607024939047922
0,0.1,0.61768904968905,0.0066642910209781,0.00577351515723875,0.0105287836297206,0.0213631648364868,0.0150344243135735,0.00963522626217626,0.00948272744194546,0.0063110415377686
0,0.1,0.553797925797926,0.00305801997914584,0.00527640699538541,0.0192807437818029,0.0165403527884226,-0.0098337680845448,0.011900503775245,-0.00485088092960695,0.00535319687002033
0,0.1,0.556620448620449,0.00152507096089253,0.00620066637095957,0.0118217564692032,0.0211783010343143,0.00235713390332761,0.0136091754267096,0.00105256547954506,0.00568733642555461
0,0.1,0.619437763437763,-0.0138402908893666,0.00509784470287238,-0.030309824885632,0.0118893254120683,-0.0149080390370661,0.0100675117855032,-0.00924642887792303,0.00588127841245691
0,0.1,0.603883563883564,-0.00260285700739823,0.00637529326555177,0.0394183388092001,0.0159141020849329,-0.00949532861045754,0.0091764365008559,-0.00651671969307948,0.00625152115325161
0,0.1,0.586182562182562,-0.0020815337693432,0.00597941788874391,-0.0178370294111749,0.0127710236680994,0.00128457923905582,0.0106818544845326,0.000734373337700033,0.00621743262878736
0,0.1,0.581002121002121,0.00324908306649542,0.00614571233720072,0.0176031609359114,0.0197102497566945,0.00617849380973435,0.012236955329747,0.00312042625142764,0.00614963907062934
0,0.1,0.641920817920818,-0.00321588648430993,0.00529184829417014,-0.0072264779081941,0.0182731957462976,-0.011591813891238,0.0104126947639356,-0.00658241253286175,0.00551380096085834
0,0.1,0.603040935040935,0.00863793594476407,0.0060637198780829,0.0136113731449971,0.0209611003776106,0.00435572833405158,0.0105130622203009,0.00251607383787565,0.0058145825154173
0,0.1,0.59957351957352,-0.0036036780066589,0.00605598629735361,-0.00174881740898219,0.0192431767763909,-0.0111401934686915,0.00927852281434038,-0.0071332319028518,0.00601421812532875
0,0.1,0.588651144651145,-0.00237567785057778,0.00585893583950146,0.0164452022605582,0.021111703849785,-0.0148873716897173,0.0128479181850581,-0.00760690256451783,0.00617025389726125
0,0.1,0.563996531996532,0.0069250056319174,0.00602530797087325,0.00257084227310136,0.0209569350173805,0.00919047665320961,0.0106599904000103,0.00535150623620165,0.00622969219922365
0,0.1,0.585145929145929,0.00631380123785868,0.00648795399132404,-0.0213808564593971,0.022365942218313,0.00754533417161253,0.0110048543456583,0.00434574887793732,0.00661757871328232
0,0.1,0.556894732894733,-0.00143263718696629,0.00573569252747946,-0.00699967929748599,0.0178316301447639,4.30685042675894e-05,0.00977727514480281,2.73161443260467e-05,0.00614420867180716
0,0.1,0.590553074553075,-0.00589100752698586,0.00668730558946375,-0.00488377041605373,0.0182212420899549,-0.009344349707625,0.00946705274593159,-0.00579310937565538,0.00555407183844986
0,0.1,0.538343626343626,0.00065206536767142,0.00637098896797388,-0.011345709417085,0.0132066005770317,-0.00807823081720808,0.010705475817516,-0.0043637375404548,0.00650191930366758
0,0.1,0.566560550560551,0.00428819955542405,0.00571709606601073,-0.00238904528337465,0.016294970452029,0.000546400346318799,0.00962738616601483,0.000342733693376926,0.00586075187682411
0,0.1,0.608834120834121,-0.00358314352154148,0.00595303688263716,0.0237166811967723,0.0266018609773889,-0.0107003359189829,0.00912285128885387,-0.00740795796133778,0.00637591784370089
0,0.1,0.602399318399318,0.0077293694425667,0.00621815143008785,-0.0201783002390583,0.0204196375633052,0.00245586825746465,0.0100443281324122,0.00157589697299243,0.00638460807142217
0,0.1,0.584182292182292,-0.0035499669779077,0.00618646365663944,0.002042528091086,0.0180409440229566,-0.00793203280806391,0.0121399339974109,-0.00400235888691992,0.00601998689528688
0,0.1,0.579525243525243,0.000798106214859197,0.00649204215053941,3.72126979775126e-05,0.0233361320714924,-0.00935234987581909,0.0120979686787592,-0.00483593424689847,0.00641602122687829
0,0.1,0.611187815187815,-0.00192622706339943,0.00608182756178516,0.0127488201017463,0.0162411767338656,-0.00877882093120295,0.0097037675353289,-0.00562239796696435,0.00616794860949043
0,0.1,0.617276909276909,-0.00674903614296827,0.00677486718841481,-0.0126440811050585,0.0124273026531261,0.00296146559035136,0.0101232935645488,0.00187311164054743,0.00654870759793983
0,0.1,0.589032733032733,0.00466434011255251,0.00622602372148081,0.0148652470207219,0.0219873623867128,0.00148855483427587,0.0101826128298587,0.000901665250717279,0.00619475385707652
0,0.1,0.610133482133482,0.00283922397406733,0.00598551020014321,0.0260800307134796,0.0195481529278503,-0.00613994837772092,0.00966599197095633,-0.00390628256935856,0.00639246914847844
0,0.1,0.613467349467349,0.00392449194040338,0.00587671427728283,0.00799828803789815,0.0177610546439728,0.0133679611848726,0.0103467663444894,0.00737854478468033,0.00621285384189155
0,0.1,0.622355374355374,-0.000148596629062052,0.00607018043074084,-0.0119478521829935,0.0247698174105955,-0.00696256980924913,0.00785983030582169,-0.0051160794812965,0.0059531480860106
0,0.1,0.625365217365217,0.00211156719557067,0.00596226701787759,0.00984575257779202,0.0194403006875361,-0.00618893171210545,0.00947305223874294,-0.0039062933875022,0.0055081102290134
0,0.1,0.5882499002499,-0.000131604347562025,0.00626713646786635,0.0160520678069084,0.0200471551962128,0.000810214830700798,0.010313307315346,0.000505807626339526,0.007035953632543
0,0.1,0.58167614967615,-0.00497610577073481,0.00620530057911399,0.00250757989618571,0.0207042048824955,-0.0201603040282037,0.00946671219512127,-0.0132932903586775,0.00601988121806081
0,0.1,0.58990126990127,0.0107210509722234,0.00576650900987871,0.0219738054237422,0.0189235818288797,0.00840500342511207,0.0111505482078108,0.00442360844497311,0.00630965563856843
0,0.1,0.629341169341169,0.00763722339748098,0.00586990503795406,0.00996363167707209,0.0154058445367406,0.00152525563620452,0.0093483249438223,0.000950871168130039,0.00578089537025659
0,0.1,0.57404497004497,0.00168386585950227,0.00642458809582066,0.00190875098448378,0.0172157425497155,0.000900398597809182,0.010273530217569,0.000528156554919438,0.00612060435747658
0,0.1,0.596694176694177,0.000853095007019009,0.00572026878020682,-0.00779307360022074,0.0197990867033119,0.0181863859634729,0.0102918139710908,0.0103203271306681,0.00554213620833541
0,0.1,0.557890601890602,0.00494539813053333,0.0053521202132607,0.0295627550464185,0.0183587093247404,0.0060952458056715,0.0111534065142029,0.00317224547581607,0.00541941742043389
0,0.1,0.584973692973693,0.000534363690642174,0.00595091363259147,-0.0154212603978186,0.0228544957891541,0.0146577356572746,0.0106858015397912,0.00835203728492178,0.00594006600313661
0,0.1,0.605912513912514,-0.00270734434673324,0.00555929705519995,-0.0187512061489451,0.0189000030886693,-0.00367825402182093,0.00871181752595213,-0.00232998579148001,0.00546176648516555
0,0.1,0.582489474489474,0.00572057921129647,0.00710512128802133,0.00183320780761569,0.0212002440527171,0.00963267469248614,0.00814877494711167,0.00734498276054056,0.00654977940158467
0,0.1,0.573449961449961,-0.00464042693104397,0.00614480647674508,0.00320021112545516,0.017727416244693,-0.0105912265768784,0.0107247148895156,-0.00595904603072161,0.00605014430693284
0,0.1,0.594614046614047,0.00511544155170224,0.00594744323227139,-0.00753792079720164,0.0204210887445368,-0.00279993814960332,0.00939010477362966,-0.00184712384186456,0.00584726780541616
0,0.1,0.58823544023544,0.000368880177288957,0.00579786154334082,0.0279189700731137,0.014352499211384,0.0039756237394192,0.00906940403992832,0.00239439438578983,0.00546335117972065
0,0.1,0.579788307788308,0.00385661828533231,0.00622407247244864,0.0363230458277606,0.0155118551971604,0.011797717602226,0.00960665507544236,0.00768595187315933,0.00550136915641093
0,0.1,0.606613146613147,0.00675727392279395,0.00609015359489895,-0.0208680296193583,0.0180014874542477,-0.00484001771401088,0.0112816252643667,-0.00272590123296389,0.00672456135231466
0,0.1,0.57423583023583,0.0032929834417914,0.00562876261627023,0.0117661953146165,0.020711070758433,0.00989145014062862,0.0116664277514779,0.00507797360174615,0.00606699292165321
0,0.1,0.59759244959245,-0.00964548997208688,0.00649986019610552,-0.0255015735968796,0.0144622610061694,-0.0102531995643127,0.0105012523883983,-0.00604043955397233,0.0063375317821124
0,0.1,0.494406614406614,0.000629403582538155,0.00581510270300588,0.00162713176895221,0.02428497532668,-0.0122366612513706,0.0157425806714749,-0.00490858625892862,0.00566270325293469
0,0.1,0.594547206547206,0.00402170359123289,0.00656880649525695,0.0118014295304652,0.0173968650736794,0.0121175775336556,0.0109994999136654,0.00680654226312732,0.00605296008439496
0,0.1,0.601139773139773,-0.00688638714013995,0.00665136939673023,0.00108055533113261,0.0192179152522752,-0.00872773479396173,0.00865888155344765,-0.00614685860296598,0.00581161113366222
0,0.1,0.558281502281502,-0.00200370264792463,0.00566218256254829,0.0041844175123633,0.0162738654796945,-0.0143393611332331,0.0106779453207714,-0.00782835516843024,0.00566885631593742
0,0.1,0.585146145146145,0.0106306394118129,0.00530931464954562,0.0151206025520471,0.0184384289991907,0.00749231393385375,0.00948564351307536,0.00463410902664906,0.00542625249986523
0,0.1,0.602576570576571,0.00348608925341626,0.00641240352269421,0.0430288683686575,0.0174784116204243,-0.0045493543534502,0.00888283401282241,-0.00307990844850205,0.00601246980462963
0,0.1,0.579785103785104,0.00439347276377911,0.00659714330506184,0.0078292320543384,0.0181232447486502,0.00812521265781978,0.00955252298226863,0.00519728473975969,0.00597277896003509
0,0.1,0.583597555597556,0.00267256716401956,0.00640287009086357,0.0163259703011768,0.0207616631234244,-0.0047937869693264,0.010968127807766,-0.00277265028866923,0.00653013848347056
0,0.1,0.611845535845536,-0.00334381384056497,0.00580703091513402,0.0135305328739492,0.0133848131829397,-0.0137522458159847,0.012138997440027,-0.00695565772298661,0.00605836277570103
0,0.1,0.560898776898777,0.00653503919941117,0.00617775804694126,0.0193559954522056,0.0162980923524214,0.00689623294421122,0.0117757132503763,0.00357943928641167,0.00606940370380596
0,0.1,0.581383325383325,-0.00725344876187066,0.00636870886965416,-0.0218418179560014,0.0188705549710682,-0.0225709474484623,0.0114488375517446,-0.0120269264272731,0.00529741416131853
0,0.1,0.563309615309615,-0.0135089399782252,0.00568088894160406,-0.011247912249101,0.0192512661467397,-0.0107412033042095,0.0105409645046907,-0.00582848363990623,0.00560570873554609
0,0.1,0.572414084414084,-0.00251189188060119,0.00621100022860638,0.0232332642431511,0.0207250048864721,-0.0111518853083894,0.0118582506098408,-0.00578330917836531,0.00585872953774827
0,0.1,0.534010122010122,-0.00871337781014793,0.00612179872108566,0.0238560231336779,0.0187946425402443,-0.00983021282797428,0.0118686463156163,-0.00504391377309084,0.00596793596573068
0,0.1,0.596514284514284,0.00169815574429686,0.00591805064003336,-0.00689916826524246,0.0186065653084374,-0.00598008318253587,0.0097815898738415,-0.00382357979163739,0.00612427313817166
0,0.1,0.582193542193542,-0.00885034782144394,0.00632125257261468,-0.054093012756377,0.0184514093621662,-0.00438798269490216,0.0088307303619873,-0.00313077761218598,0.00642153853801491
0,0.1,0.590484422484422,0.00724609085601335,0.00640932231681658,-0.0243319859376253,0.0123448540781222,0.0103692994717839,0.0119770247219654,0.00560136182190558,0.00679152540206514
0,0.1,0.581680397680398,-0.0067670693926753,0.0060958901309745,0.0251509679642883,0.0189146852445698,-0.0318374967778355,0.0116501814934235,-0.0180345637612927,0.00658456319293238
0,0.1,0.552159324159324,-0.00208330887049854,0.00686752581797078,-0.00836774800148241,0.0194481281541597,-0.00692517551295844,0.0087836353226985,-0.00473325732563468,0.00648813900344609
0,0.1,0.583287151287151,0.00541963051240562,0.00623806144364913,-0.0358838047312782,0.018791516224189,0.00605774382283357,0.00949949909486862,0.0038792820157897,0.00606110042153608
0,0.1,0.587298635298635,0.000746726557411287,0.00578464242438823,0.0146065074989549,0.024019512189488,-0.0052363353862751,0.00996033670657786,-0.00317670423176735,0.0062419904472727
0,0.1,0.581260517260517,-0.000416512754273863,0.00628300985453712,-0.00413469799959843,0.0177939611171128,-0.0160012032706832,0.0107199059576464,-0.00900207429979357,0.00632416357790844
0,0.1,0.593506841506842,-0.00839470861035481,0.00646567265135264,0.00377019374462152,0.0188826869217339,-0.0110813207787038,0.00957739666325443,-0.00673480044012532,0.00570377254477335
0,0.1,0.613837717837718,0.014476885379151,0.00543615003713529,-0.00861506036340532,0.0200406220108257,0.00426748897458294,0.0108794141131657,0.00232663901878361,0.00580961203453033
0,0.1,0.545705933705934,-0.00766944373132524,0.00581242088913941,0.0179468439190523,0.0256123256200818,-0.00713183392398736,0.00934311735083512,-0.00459860717569636,0.00579437739653848
0,0.1,0.623995055995056,-0.013599259730345,0.0060259676255438,-0.0136528525104768,0.0211954946381752,0.0030772698042552,0.00958719121471511,0.00194653041506619,0.00562107154901168
0,0.1,0.614243966243966,-0.000710372646975348,0.00610584385673888,0.0151751776732299,0.0160135897592152,0.00222697159087403,0.00965987350025938,0.00135694212600341,0.00583872241492299
0,0.1,0.595377031377031,0.00849849292796594,0.0062577759133783,0.0279860193714152,0.0134350534621159,0.00603907787852468,0.0117527381930731,0.00314155281414567,0.00593337220933071
0,0.1,0.584946992946993,-0.00767852171702759,0.00619710397363788,-0.013681025782353,0.018442507667062,-0.000618059054082256,0.0110485661207525,-0.000357835678248562,0.00585180698249605
0,0.1,0.564732432732433,0.0021337262821413,0.00658385924806189,-0.00160210477523184,0.0202521040192043,0.00431021450926658,0.012657832384999,0.0021305285242501,0.00618450992075999
0,0.1,0.607293367293367,0.0169718367797253,0.0058127523576106,0.0150918876148922,0.0121874627135284,0.0318729753622486,0.0111533177113278,0.0186752661619417,0.00595711133291336
0,0.1,0.573685521685522,-0.00121695397807331,0.00614843128625077,-0.0337053959870524,0.017818674539605,0.0088529324274697,0.00905301057368267,0.00582032167795018,0.00528555279509541
0,0.1,0.622159438159438,-0.00291746275199698,0.00584725653825184,0.00306645938997258,0.0218172198792812,1.31437327301062e-05,0.00782781011793843,9.66398213417055e-06,0.00573889031060335
0,0.1,0.591515667515668,0.00449581233942641,0.00592699831696405,0.0203392680772974,0.0150266745098239,0.00681102751154593,0.0099127903530075,0.00430647507966313,0.00610906241127331
0,0.1,0.629590181590182,0.0053914374155644,0.00589232372741544,0.0271897775438828,0.0126894910644283,0.00690044258588465,0.00932109998629145,0.00449938895301727,0.005997095254978
0,0.1,0.561685725685726,-0.00504819242314229,0.00637459656143542,-0.032603245442729,0.0180735932932166,-0.01716812531729,0.0114632388211019,-0.00962337520433516,0.00620666878377141
0,0.1,0.610275346275346,0.00426092588637835,0.00646947900249229,0.00376158360229979,0.0170659768767672,0.00305298725833993,0.0117277171153274,0.00163574646830562,0.0064561640238018
0,0.1,0.64624495024495,0.0041921029037415,0.00637081290803401,0.00270816871643874,0.015798258654151,0.00415317168377704,0.010757730110231,0.00242838193632933,0.00635635795829207
0,0.1,0.613467985467985,-0.00185956689924005,0.00679819798764817,0.0275615129687441,0.0228575876884117,-0.00446250821725021,0.0118806302406757,-0.00238495300745116,0.00632073655083171
0,0.1,0.585059169059169,0.00359242524604981,0.00591691056118497,0.0236261244257116,0.0146280459305836,-0.00422293876034713,0.00919823752537143,-0.0027007962555096,0.00551342479025831
0,0.1,0.599841407841408,0.00246317906651082,0.00614226409003146,-0.0241174188896342,0.0208673174668773,0.0160843778077464,0.0106645522046507,0.00979511089147434,0.00591712227645187
0,0.1,0.565719853719854,0.00172073381866193,0.00575530552980385,0.023373439057398,0.017138168075566,0.00479645084386057,0.0104863340944907,0.00284203476985255,0.00617726838779529
0,0.1,0.561871005871006,0.00470871475946736,0.00648203120967735,-0.00857107616061655,0.0206851719913117,-0.0208202374335968,0.0132298765561863,-0.0102615741184486,0.0067945086950001
0,0.1,0.612147216147216,0.00620345241291417,0.00675970623678802,-0.00982994906256525,0.0177919401514159,0.00210234733181111,0.00831449341166469,0.00149798583456191,0.00604739770266185
0,0.1,0.61806957006957,-4.18603370636948e-05,0.00581624303916437,0.00798335733435518,0.0153719602333817,-0.00845171704830415,0.00990028711063635,-0.00515958724187922,0.00595484557117314
0,0.1,0.611256767256767,-0.000386260294659709,0.00551762858118625,0.00747667661011351,0.0172284708921238,0.00616676475056911,0.0102071217979468,0.00365234508661534,0.00592105494032359
0,0.1,0.577244173244173,0.00643839184745813,0.00578111484817332,0.00971914073172586,0.0205614971582709,0.000988445022966366,0.0102815672013191,0.000589462746791511,0.00574034127808841
0,0.1,0.600768468768469,0.0105510646682869,0.00583189637644331,0.00661270896292872,0.0195043527290898,0.0162169671827718,0.00897551142467469,0.0109801187846073,0.00619278482500382
0,0.1,0.558994482994483,0.00762102627171968,0.0065851989027188,0.0198573690482159,0.0238955421745174,0.00478736601264475,0.0111278786444664,0.00271682921519382,0.00642474971673726
0,0.1,0.623878763878764,0.000485345229239755,0.00666403763768286,-0.0186997452294462,0.0177994978704601,-0.00380877168307064,0.00943211881020904,-0.00254087563164663,0.00655758432346851
0,0.1,0.601887445887446,0.00540346749210365,0.00667258170929468,0.0125249008535537,0.0178430718698775,0.00632087861069857,0.00852960342646576,0.00464661244641904,0.00641378731200965
0,0.1,0.573565881565882,-0.00470967864401618,0.00616277079214483,0.00136907822992654,0.011049260917986,-0.0123238874316807,0.00981575024830077,-0.00764505872137632,0.00580987775309545
0,0.1,0.64834638034638,-0.00335269335802858,0.0060668549182901,-0.00823516505826536,0.0201357658116923,0.00845653831128909,0.0092001944248926,0.00574406171768529,0.00597525282658534
0,0.1,0.606436734436735,-0.00695907108467453,0.00656264085621531,-0.0204127476293901,0.019698180569897,-0.0171160816063984,0.0111373948942918,-0.00972083405740672,0.00624956046565297
0,0.1,0.569676305676306,0.00453446624963031,0.00628831725667981,0.0489844274832799,0.0176829488199238,-0.00908094330270592,0.0105866044403949,-0.00538824231956203,0.00642452395075806
0,0.1,0.57794788994789,-0.00663084449177634,0.00598816360621439,0.00621205414179522,0.0155911984312881,-0.0440014489609768,0.0187567105998888,-0.0168090736925139,0.0058103122942223
0,0.1,0.579917055917056,0.00402605903187957,0.00695365318660413,0.00630551328080587,0.0185333231759463,-0.00164623281749882,0.00969384877464759,-0.00107728405556158,0.00645050048526603
0,0.1,0.620341712341712,0.00634734170841106,0.00613073585529141,-0.0149420490770155,0.0246811065461165,0.01103531639093,0.0105045507547109,0.00689559188545865,0.00622397012920506
0,0.1,0.593094161094161,-0.00204846963319465,0.00607304217416687,0.0124349088717575,0.0176072224384381,-0.0035206974184207,0.00916251655374681,-0.00235735220978625,0.00631191198446807
0,0.1,0.556738108738109,-0.00107703087769201,0.00638607874246698,-0.0121875278969708,0.0179788853978795,-7.06092542198988e-05,0.0131604229569568,-3.46026428829714e-05,0.00639402059891447
0,0.1,0.604560688560689,0.00311554210424658,0.00630176278086512,-0.00152604219496881,0.0194998221994842,-0.00231456284854365,0.00965816633845954,-0.00143991585869739,0.00638098274535094
0,0.1,0.607089031089031,0.000752421676932258,0.00578860609863706,0.0198866421446835,0.0202895478479637,-0.00313604703131746,0.0100810051003805,-0.00197268803411613,0.00620457205158128
0,0.1,0.627635403635404,0.0139185634076232,0.00589552776520012,0.0146969833688467,0.0164162999080771,0.00700484711592593,0.00904746168478671,0.00478204594883128,0.00620524126966388
0,0.1,0.637724113724114,0.00661595807649806,0.00648759650491406,0.025410506058778,0.0206225266000039,0.00508289693687568,0.00945887907608338,0.00325477934297826,0.00585761486544647
0,0.1,0.594182706182706,0.00177452329151215,0.00575191064035489,-0.0239465025601229,0.0202203859838244,-0.00579304309710115,0.00980845662463499,-0.00345193894617601,0.00563063184309346
0,0.1,0.607449283449284,0.00305621284987574,0.00590069102714715,0.0262313350938437,0.0146071596156495,0.0132249699426205,0.00996904265165985,0.00815170114061728,0.00599879710692498
0,0.1,0.605720285720286,-0.0157941089565573,0.00613195950775371,-0.0127199735772207,0.0194002097572008,-0.00565430013739994,0.011757029843787,-0.00301591859187017,0.00627393358271302
0,0.1,0.624308388308388,0.00138886529336806,0.00557208061302729,-2.07045495496961e-05,0.0174241988860456,0.00231779111707507,0.00897197736342396,0.00163334144193826,0.00609531354351122
0,0.1,0.611139803139803,-0.00758209203028777,0.00582725370802793,0.0011876359464236,0.0097872828008219,-0.00328068828592071,0.0110164006295273,-0.00173735177785812,0.0060305293673928
0,0.1,0.605270597270597,0.00155796413095318,0.00670695293532593,0.0106154713837128,0.0156837802113002,0.0149963154055157,0.00864380360133501,0.0103838337041458,0.0063998916598845
0,0.1,0.610474498474498,0.0096246703768824,0.00587590943960319,0.00551668717119624,0.0160625856808006,0.0203685781855547,0.0102849720472292,0.0121720106002709,0.00584936876766587
0,0.1,0.592796236796237,0.00125315981978937,0.00616718926250063,-0.0146031045013585,0.0240699468717574,-0.00390565396397589,0.0131683966585083,-0.00186056538696371,0.0060516538279442
0,0.1,0.574035538035538,-0.00162359723113193,0.00621039309487052,0.0420802592043717,0.0165709777083395,0.0148316394695028,0.0123456883230594,0.00748894868439587,0.00650949819044064
0,0.1,0.604566652566653,-0.00749855820172119,0.00589598159225858,0.0168531238854044,0.0233511715890904,0.00292496171010756,0.00862335604829233,0.00209469917236341,0.00621638146667999
0,0.1,0.57182791982792,0.00177596076318867,0.00602932587559551,-0.00753795196836276,0.0182671820022241,-0.00510139207146268,0.0100385615890502,-0.0030534321946688,0.00616391698592034
0,0.1,0.595968475968476,-0.00173188562460736,0.00614682123688827,-0.0206646675873982,0.0204723389478226,0.0086111723744725,0.00907735309051892,0.00585468566815623,0.00628152070701197
0,0.1,0.604548820548821,0.00646327687628546,0.0057478796367507,-0.00181698808994705,0.0193196503091019,0.00390235831259512,0.0105058679506634,0.00228723940383891,0.00591788040203048
0,0.1,0.589754977754978,0.00739230909725947,0.00618342967369557,0.00193541465204125,0.0145498050486351,0.00204367753254367,0.0083594912670107,0.00143491212004417,0.00584641184659392
0,0.1,0.597619533619534,-0.0181054471845335,0.00633925646072085,-0.0241550160163928,0.0178772675253479,-0.010348238762253,0.0108045152974308,-0.00620568230674864,0.00623941840534019
0,0.1,0.619152547152547,0.00987046855642097,0.00609157379025688,0.0144096780867149,0.0188134269681485,0.0167304401644311,0.00943402991274014,0.0113625931576045,0.00655019447696165
0,0.1,0.55566567966568,-0.00252380081913837,0.00718246890441547,0.0105302477882186,0.0130925652025844,-0.00405633936820689,0.00915465033903894,-0.00272728261096725,0.00627830986787087
0,0.1,0.559544335544336,0.006494150029506,0.00619196118936049,-0.00375762063964762,0.0205310806445372,0.000743819912889456,0.00847693153952505,0.000537555156133835,0.00584114098052646
0,0.1,0.587023931023931,0.00244499483596909,0.00604091823264038,0.0108372568870036,0.0128925445232514,-0.00383522923736728,0.00994448332310639,-0.00234591761990841,0.00586059294809579
0,0.1,0.596770112770113,0.00541536966749631,0.00575699471137249,0.0195371240488508,0.0171488038701578,0.00186683255870059,0.00916323446213257,0.0012464904855937,0.00599370458340364
0,0.1,0.571204579204579,0.00999444640967082,0.00547598867917251,0.0162708639900625,0.0178649803695059,0.0173805819627616,0.0109056991335022,0.0100343852494265,0.00621931461131497
0,0.1,0.575792843792844,-0.00256545166955555,0.00593256128503423,-0.000668933112118374,0.0117763928726422,0.00424070515141451,0.0093049178682071,0.00252081629292155,0.00599062330588513
0,0.1,0.637460737460737,0.00343065044026851,0.00600640415226807,0.0194411186631536,0.0210700738590196,0.00496239308410508,0.00889933399493525,0.00342810401065125,0.00645377154186171
0,0.1,0.603926163926164,-0.0109400768185173,0.00564558347979177,-0.00583158965810696,0.0170277665050928,-0.00933615861373962,0.00979233821403504,-0.00578342168281106,0.0060374944889671
0,0.1,0.627671823671824,-0.00571143147504528,0.00613744587988793,0.0389376718476821,0.0195121411950907,-0.00512870269299569,0.0111435069266937,-0.00276147389767395,0.00644602969293553
0,0.1,0.62239681039681,-0.00233939965989037,0.00608930416538753,-0.00135539302269326,0.0209734833095755,-0.00964572662809555,0.00853356753189458,-0.00704921829989684,0.00609554972264646
0,0.1,0.567593187593188,0.00586478025164037,0.00605155111247145,0.0167644327732702,0.0151467603019913,-0.00675075224288914,0.0108642986138468,-0.00377858399427042,0.0062621307200577
0,0.1,0.600532212532213,-0.00319804394595154,0.00590314278946895,-0.00645990192795947,0.0170674803447571,0.00331622926749523,0.0094938931306879,0.00210096657692147,0.00603556438552195
0,0.1,0.604797544797545,-0.00109225128091855,0.00616846128792477,-0.0200103342106889,0.0197599081521346,0.0121618171551363,0.0102574869266822,0.00683236490795924,0.00568678278527626
0,0.1,0.589116949116949,-0.00484782529981163,0.0057126017520497,0.0182968917444024,0.016475050518533,0.00365453830906679,0.0098619340630845,0.00221007199219284,0.00580370232793672
0,0.1,0.567616275616276,-0.00735864094968539,0.00634690033035333,-0.017874360124602,0.0160074296549057,-0.00784787517201671,0.00904694135628858,-0.00521315405997965,0.00615582493656022
0,0.1,0.629759717759718,0.000563054744112008,0.00645622873028506,0.0253933585585196,0.0212699266707465,-0.00484967220766394,0.0095779130362507,-0.00315859855761689,0.00614360152502232
0,0.1,0.583542955542956,0.00837251980513905,0.0060627717824562,0.0356762292919046,0.013760246643081,0.00331332812445376,0.00950965443522842,0.00211983429428126,0.00608716271130051
0,0.1,0.599902415902416,-0.00503616548263802,0.00626848474556079,0.00318507240618763,0.0238704492725534,0.00577107199167639,0.0110076989719082,0.00315837050268878,0.00618904500522201
0,0.1,0.611803343803344,0.00969549452326162,0.006745665771103,0.00546805465160795,0.0183034383155902,0.00687068443346439,0.00946246534272034,0.00448116370790415,0.00639621584028677
0,0.1,0.630085986085986,0.000924904467716064,0.00593901343561662,0.0280250761121335,0.0204189962477257,0.00158211423996677,0.00948697064329987,0.00101947853365615,0.00624894650810891
0,0.1,0.583568707568708,-0.000370560958330449,0.00619395148950806,-0.00436873879650002,0.0199618951707824,0.00700689683326583,0.00977235254555868,0.00447179781199763,0.00588369838089594
0,0.1,0.616219852219852,0.00536177161434453,0.00556231020438994,0.0346442320122719,0.0237841774360038,0.00999792641522689,0.00952002140646421,0.00639918201947184,0.00611482928467625
0,0.1,0.580406068406068,0.00803742596191953,0.00613475856612336,-0.00579173532673229,0.0091694339495004,0.0130389562527125,0.0114138879582379,0.00704945711293691,0.00616849918696269
0,0.1,0.589184725184725,0.00477382732575688,0.005925448960268,0.0126689326987629,0.0211594971133198,0.00172453145907364,0.0102099929338362,0.00106804746799757,0.00559282812395162
0,0.1,0.597059313059313,0.000540330483281572,0.00610395951617841,0.0249070241891262,0.0208661837981642,-0.00144250071173442,0.0110599153405706,-0.000810049628372675,0.00642311423231134
0,0.1,0.549120945120945,0.0176491373021275,0.00563514825033133,0.0232320839661854,0.017016133101029,0.00887571119694779,0.00980833614924922,0.00547245008261999,0.00615535336479525
0,0.1,0.61628368028368,-0.00204019032892554,0.00580016003770702,0.00416854270344353,0.0207649056691586,0.00795388767901404,0.0127047138893444,0.00376118609549088,0.0059891220373913
0,0.1,0.576284088284088,0.0103034267107863,0.00591560557683054,0.0221177264241931,0.0167451960292066,0.00873277572085534,0.0108494471032194,0.00488451883360803,0.00586547344688022
0,0.1,0.583770607770608,-0.00152581929637,0.00581099512348034,0.0197539955130681,0.0199141950915311,0.0124007535290189,0.00997391260349113,0.00772918904812972,0.00627241127989041
0,0.1,0.595197955197955,0.00212019949172015,0.00655052520088584,0.00538404551486869,0.0214729727852207,-0.0141336031147571,0.01158882652948,-0.00758086961986549,0.00636451315329306
0,0.1,0.618385626385626,-0.00580430334869937,0.00595046980336772,0.0285097405716447,0.0183227725084535,-0.00728905051074723,0.00934818273564965,-0.00485205571095455,0.0063882357403427
0,0.1,0.606946854946855,-0.00365222577914764,0.0059935187458884,0.00821573106020664,0.0140964809724635,-0.00415939421394202,0.00858316089096331,-0.00297541401257432,0.00593514295664893
0,0.1,0.624603216603217,0.0102502434769221,0.00606836621640462,0.0380128480175037,0.0204395347968611,0.00541215685576542,0.00949027669177802,0.00346275956441336,0.00649638509206254
0,0.1,0.571812391812392,0.00186533497021454,0.005571452667331,-0.0255964724088804,0.0207028974126645,0.00307110171804317,0.0097376949923678,0.00186996633431167,0.00556079840317719
0,0.1,0.618568698568699,-0.00473285916494296,0.00646900841670148,0.0206432349619527,0.0234519951019972,-0.00811873100177417,0.0105909678790263,-0.00490113199527251,0.00692495693100203
0,0.1,0.593435537435537,-0.00245772201308615,0.00576274169976154,0.0130582299239403,0.0166227416711126,-0.00681953591359079,0.0101626730430172,-0.00391237772061193,0.00606102966134561
0,0.1,0.575324375324375,-0.00937916631742862,0.00600905118309098,-0.00409767928795441,0.0169163819802048,-0.00587668614866332,0.0112715335803215,-0.00309156175892832,0.00614211441109527
0,0.1,0.605507897507898,-0.00460029170593277,0.00642519118290009,-0.00291382411459697,0.0145073402595925,-0.0129402182614085,0.0101627300574103,-0.00812409933251034,0.00624562156876458
0,0.1,0.583206007206007,0.00422087352224946,0.00650172396071238,0.00821769825793615,0.0189705992970308,0.00353472817944791,0.0114752424226145,0.00190069667072681,0.00645468518391438
0,0.1,0.603901275901276,-0.000330120036434765,0.00651481123488054,0.044690391709076,0.015546141186585,0.0148763482582082,0.00923945164370141,0.0103400362615175,0.00624466050543221
0,0.1,0.58362847962848,-0.00528928231652901,0.00591417936951445,-0.014080751996737,0.0175642997115073,-0.00978104559549768,0.0113924087598785,-0.00519003215613615,0.00627674667390124
0,0.1,0.61794194994195,0.00223585417860068,0.00595227644371475,0.0181956573681687,0.0234953572255098,0.00327682283520599,0.0106984766398389,0.00186244863563943,0.00593382786528206
0,0.1,0.608636324636325,0.00643490358890306,0.00525677779879606,0.0150562875268715,0.0194870828161035,0.00495964397719325,0.00996105845682115,0.0029656115267044,0.00557579177090763
0,0.1,0.574672546672547,-0.00606732297355541,0.0062885396763669,-0.0102442767514553,0.0197644752717796,-0.0110890760481777,0.00925975528053439,-0.00749470055778493,0.00634277616592558
0,0.1,0.620946416946417,0.00312440206535473,0.00620025186832938,0.0130258901060961,0.0163387979446904,0.015685668576194,0.0106104877803263,0.00875155643159691,0.00590031706544773
0,0.1,0.591851247851248,0.0113239936555989,0.00702446032795594,0.00992962773898324,0.0179711286115965,0.0115577742409437,0.0112541305600991,0.00650008939851178,0.00613511940808501
0,0.1,0.582792186792187,0.00423273624188646,0.00607511313564611,0.044278450530023,0.0174267086367074,0.00718824993353953,0.0106291349456761,0.00416368815746353,0.00609715517740938
0,0.1,0.578568458568459,0.00596965056803216,0.00594370229140501,-0.0198172839168291,0.0170033361497514,0.00119808601945528,0.00857656773712486,0.00079992160146933,0.00562235623254266
0,0.1,0.592800388800389,-0.00206820252407952,0.00573583400003056,-0.0275434572973828,0.0161187965132366,-0.00923890851737113,0.0100127136442045,-0.00584809831999414,0.00613197471348795
0,0.1,0.585010317010317,-0.00182459026057915,0.00606131640474055,0.014758125440198,0.0200998123666932,-0.00310752566891348,0.0104757411728063,-0.00188861430624531,0.00646491796843777
0,0.1,0.569090789090789,0.00595855709086887,0.00661990176761644,0.0306461011022369,0.0182484686789161,0.012239371071759,0.0104322590595556,0.00736250480776822,0.00648454621462235
0,0.1,0.593614421614422,-0.00385918655920858,0.00637750395808028,-0.0141079306188286,0.0218064336210772,0.00206288810772973,0.0099514665242556,0.00126128590551031,0.00615091542339242
0,0.1,0.597961665961666,-0.00493368908238257,0.00651825212901049,-0.036605851084737,0.0188086099605037,-0.00679486369998218,0.0095337871703364,-0.00435127614871036,0.00549371682074815
0,0.1,0.615265143265143,0.00843347881784016,0.00615115217532294,0.0169714230594911,0.0157876979382544,0.00870539732939858,0.00952142162574447,0.00563054270177265,0.00617407392880391
0,0.1,0.591282591282591,-0.00690984316208612,0.00596038824788039,-0.00247215786059129,0.0210099453598377,-0.0110252136979764,0.00972193301300788,-0.00702678631965978,0.00576726798652768
0,0.1,0.593771465771466,-0.00837644205451708,0.00578953275361077,0.00320274679303047,0.0172090531190669,-0.016596259577255,0.0107409805635713,-0.00924612920851566,0.00577411867158203
0,0.1,0.579198771198771,0.00660523313663785,0.00558743762433182,-0.00218369397922294,0.0179896230824085,-0.0093992555433284,0.0118249142707262,-0.00481564463184642,0.00638970477428716
0,0.1,0.575479955479955,-0.000597173787886293,0.00608006156760159,0.0103504034054088,0.0157187107632868,-0.0105506781212939,0.0107140439751533,-0.00619231396958761,0.00601644174868127
0,0.1,0.583183039183039,-0.00133632390439899,0.00588299091419173,0.0028966061514495,0.0169290946657243,0.00193304595967948,0.010296681078056,0.0011433014999082,0.00604765964347851
0,0.1,0.596998316998317,-0.00203205168641322,0.00579742390039804,0.00189829945219308,0.0197888260362796,-0.00461326363304218,0.00957338864756556,-0.00284188334376836,0.00623041163161354
0,0.1,0.570521946521947,-0.00566185309063093,0.00633015423096388,-0.0129370404112345,0.0186842631835713,0.00144577475285198,0.0114445180812441,0.000760895608896533,0.00567157978457877
0,0.1,0.586630690630691,-0.000693127371030229,0.00579081113271676,0.00543036011802949,0.0168950932388212,-0.00832956540627358,0.0105366619063039,-0.00483000195873932,0.0058484451749412
0,0.1,0.564716004716005,0.00138796298514574,0.00596828995451659,0.0179038416309381,0.0188328507241267,-0.00504288173392858,0.0091685965399355,-0.00324766313081538,0.00584970105999632
0,0.1,0.585001521001521,0.0134745483544525,0.00585018079969716,0.00770281810113772,0.0183266412928227,0.00416593646712226,0.0087389603696216,0.002807856273116,0.00602468102703644
0,0.1,0.588197196197196,-0.00549911169471781,0.00575084456531088,-0.0158836274159554,0.0192352902518155,-0.00210815529483437,0.010095194816542,-0.00123525982057181,0.00520865591578995
0,0.1,0.589057225057225,-0.00456448777407777,0.0063943574241227,-0.00419096256457623,0.0152963889772863,-0.00365000672322425,0.00961553171286968,-0.00240743683628528,0.00628813423610126
0,0.1,0.603038127038127,-0.0102555600115843,0.00623287028406642,-0.0228688087407348,0.0198168891559895,-0.00921568754568574,0.0108449870996449,-0.0053651579153957,0.00638842030058363
0,0.1,0.603104439104439,-0.000463745968153851,0.00614268945568135,0.0024419046756911,0.020344463502157,-0.00714511729304407,0.0100142619614401,-0.00443080183228887,0.006307567454686
0,0.1,0.6318340998341,0.00397257739377177,0.00634985963248213,0.0412728612240432,0.0194835496047516,0.0103865339991139,0.00941370197609973,0.00671576785864019,0.00636650665687659
0,0.1,0.593924621924622,0.0062367251271458,0.00604771702841132,-0.00985254343963414,0.0179312192874223,0.0117419170854934,0.0110464974880074,0.00679071034062987,0.00595839098235291
0,0.1,0.577523869523869,-0.0107771974985374,0.00671291040123968,-0.00421245372332572,0.0201660104570539,-0.0173355922381855,0.0107038286553685,-0.010661082303869,0.00664090331712944
0,0.1,0.570506862506862,0.000332916250080156,0.00558349510445286,-0.00179172647034982,0.0124468327203487,-0.0052781340989749,0.0103602215613307,-0.00300423137378555,0.00569208916892425
0,0.1,0.61807527007527,0.00649047124928465,0.00610621873413608,-0.037285954735612,0.0147777733333263,-0.00202163621547195,0.00896656100817276,-0.0013658703189555,0.00615728050029566
0,0.1,0.628229812229812,-0.000699479066462942,0.00626714585730772,0.000942612201712555,0.0153004914094275,0.00277881372013104,0.0111013187451441,0.00162422802137974,0.00598662060031947
0,0.1,0.537978813978814,-0.00505074101963242,0.00632182527864351,0.0234944295074824,0.0182465787159301,0.00129990396865488,0.0118782314649545,0.00065613109676096,0.00603298866019318
0,0.1,0.563877191877192,-0.00810524385687953,0.00603937811916348,-0.0245256482819681,0.0231989836850437,-0.0154933279957029,0.011136167882878,-0.00863243249848094,0.00575795784174263
0,0.1,0.565897417897418,0.00310400839593847,0.00630155580281084,0.0115397426706619,0.0160170039622898,0.00561130043674887,0.0102830439028286,0.00319921573470354,0.00586943237538769
0,0.1,0.583917691917692,-0.00657143628074538,0.00616859255753532,0.00505342901344544,0.0199853946408679,-0.00165941436660739,0.00989581967216366,-0.00104646651391472,0.00667894695458346
0,0.1,0.600341952341952,-0.00144212541104696,0.00633753544732618,0.0237725727694948,0.0188875881967781,-0.00461580125267046,0.0106960227875968,-0.00262421248295149,0.00604369247750788
0,0.1,0.602700998700999,-0.0041916300925897,0.00608377391572079,-0.016239639865428,0.0145502971170515,-0.0126193763016124,0.00988082678150305,-0.00802619400651809,0.00606193905536951
0,0.1,0.61230492030492,-0.000626149951927302,0.00621737775460289,0.0143812059802504,0.0161250158214023,0.00742345000706104,0.0094363395503456,0.00463856258624724,0.00598671464301979
0,0.1,0.583594027594028,0.00349961214658166,0.00613863580146715,0.0270649000561976,0.0200492390422594,0.00122113798993678,0.0120198696223316,0.000622195200267003,0.0058376559257014
0,0.1,0.594184182184182,-0.00609035124620632,0.00658598384917174,-0.0148612868880909,0.0250234659864573,-0.0199200918186386,0.00911253429078145,-0.0130559079972872,0.00597185116917618
0,0.1,0.566928686928687,0.00027778203924137,0.00610348494216527,-0.0364204089892291,0.0183428146561972,0.00169106614821464,0.0111081875121274,0.000926171078053814,0.00605754940754116
0,0.1,0.6159228999229,0.000816290547955202,0.00603629518245014,0.00900614956955104,0.0218963992512248,-0.00863122166045562,0.00936103030302665,-0.00589719629450281,0.00653397001275186
0,0.1,0.614630870630871,-0.00316997750102607,0.00559653647253799,-0.00508378301841824,0.0119166605541515,-0.0154611887845258,0.012302712186603,-0.00761260442072968,0.00590923532328646
0,0.1,0.589618201618202,-9.80199894735442e-05,0.00571885307229757,-0.010503534985059,0.0167423815776192,-0.00615829009168498,0.00953139912114983,-0.00370563136282101,0.0059391211697426
0,0.1,0.581034305034305,0.0047095824354521,0.00570708828975779,-0.0154372816351451,0.0166283183229235,0.00144782684209753,0.00997066350850526,0.000866837736499786,0.00575584776060594
0,0.1,0.620783708783709,0.00918732355063061,0.0058720576651891,0.0459993878338687,0.0130525434739825,0.0227775170718758,0.00948171302947707,0.0144162623020893,0.0060909194191484
0,0.1,0.620436764436764,-0.00153051119667714,0.00592296346214191,-0.0202411608276455,0.0160415824636644,-0.00517477581298446,0.00961322668273834,-0.00316472946933771,0.00574520301275526
0,0.1,0.625818625818626,-0.00837686812387882,0.00606133754864746,-0.00574397872436086,0.01550041069158,-0.00601311759694682,0.0091402818397836,-0.00408242171270036,0.0059118744210006
0,0.1,0.617594513594514,0.00432516927941131,0.00602092604631614,0.000565820970793533,0.0186658145223455,-0.00261226857434308,0.00833534382979243,-0.00188273590393301,0.00590453718245744
0,0.1,0.598189066189066,-0.0108946147646975,0.00645405643167143,0.00265380067861568,0.0176931334976255,0.000694762750519527,0.0101163836736125,0.000423506912638885,0.00606347667923633
0,0.1,0.609142113142113,0.00720518552150845,0.00639129121331459,-0.00440424449263876,0.0191889657211859,0.0139630133989352,0.00906919377964627,0.00912415142286347,0.00589490874351217
0,0.1,0.578828918828919,-0.0151894111802603,0.00590441442096003,-0.044755934346956,0.0247022147495741,-0.00853399921170379,0.0114113214832442,-0.00465099623122721,0.00607418950080947
0,0.1,0.590514734514734,-0.00272766064624454,0.00577611217348856,-0.0603193489807993,0.0158112042453335,-0.00989944143102606,0.0135581154302901,-0.00456875221287606,0.00629116036526894
0,0.1,0.590135426135426,-0.0135364914879135,0.00634901763101604,-0.0129663382700379,0.0190876911915834,-0.0189134997678952,0.0114850005570949,-0.0107770876913346,0.00670223726251717
0,0.1,0.559905523905524,0.0127776391655913,0.0058936430832641,0.0208859456886071,0.0178507141111022,0.0104897714996684,0.0118800848635308,0.00516040862016125,0.00516372765109381
0,0.1,0.616755304755305,-0.00310963497443002,0.00670382979789058,0.029274127769245,0.0209168354095949,0.00774416058727479,0.00919934035982533,0.00505503648923073,0.00627986294318569
0,0.1,0.581723861723862,-0.00812352677059584,0.00640737811894667,0.00432049177015952,0.0214752886823362,-0.00900723890919042,0.0102592017025176,-0.0054382279482644,0.0060854952961774
0,0.1,0.571988083988084,-0.00248872435485143,0.0062076553960866,-0.0231353192139098,0.0184027347925223,-0.00285907291162178,0.0125007869038241,-0.00139735760744789,0.00569650517166366
0,0.1,0.617850653850654,0.000646953867494845,0.00623698626238643,0.000641890325218092,0.0202747433251322,-0.00249247987539306,0.0100197615985303,-0.00155809427913817,0.00623131958992581
0,0.1,0.594847494847495,0.000774251973179814,0.00621291000651278,-0.022868322650224,0.0217509807103327,0.00506440496019712,0.00921949767492516,0.00328940312010287,0.0064087877703079
0,0.1,0.629320721320721,-0.00243460257835601,0.00591357176471845,-0.0307400839006339,0.0179271956017613,-0.00495711194969169,0.00945331059956474,-0.00321097829482769,0.0054480678667859
0,0.1,0.610248238248238,0.00418089760799048,0.00579522245264566,-0.00787556038858712,0.0178882397291636,-0.00725920514615382,0.0108702162236905,-0.00421165707121877,0.00637211389172983
0,0.1,0.602385722385722,0.00349701140844805,0.00601295015592703,-0.011708624254796,0.0197729129336189,0.00347355325316035,0.0100833402733531,0.00208382287830331,0.00651063611464026
0,0.1,0.590314034314034,-0.00224968404404462,0.00691112046440709,-0.0058030012983717,0.0229278724888216,-0.0202163516803931,0.0113785396471741,-0.0117515461541795,0.00653816047663529
0,0.1,0.590100422100422,-0.0065317080940649,0.00620157525779348,-0.00573798798963416,0.0161993718330482,-0.0145864527239617,0.010711573159,-0.00865264556723885,0.00639879414552055
0,0.1,0.592986004986005,-0.00144106792773392,0.00661427258356183,0.0125497815985143,0.0187178998515122,0.00016017652686331,0.0118767241670354,8.32000423631842e-05,0.00628640695632644
0,0.1,0.649356793356793,-0.000204774027404274,0.00585277724573583,-0.0186579618219705,0.0206734737657985,-0.00718822245173695,0.0094282124297877,-0.00456977600719109,0.00621845087477895
0,0.1,0.600041244041244,0.0141607672975684,0.00663590893683662,0.0161343086456301,0.0180735303077276,0.0196633654895534,0.0106540788506378,0.0116409924090444,0.00650951681350862
0,0.1,0.622197262197262,0.00411852232562925,0.00552513224847206,0.0161572353971155,0.0120169257067565,-0.00495300357732239,0.00920908902681744,-0.00329565717273778,0.00584619371052187
0,0.1,0.56786781986782,-0.0040972881093984,0.00626181983863321,-0.0129185981790766,0.0220283370634326,0.00405817266767492,0.0142054591758365,0.00168553306347211,0.00613598610282759
0,0.1,0.571826995826996,-0.00184321307504392,0.00585429239794456,0.0131259665757095,0.0191867707113452,-0.00115137677403351,0.0102459731899923,-0.000680571338300546,0.00626560312414088
0,0.1,0.599912555912556,-0.00247294779747841,0.00601954798038929,-0.011042996020496,0.0188326839235022,-0.0132837150590826,0.00938251342155529,-0.0084257976771188,0.00624460221113145
0,0.1,0.571504771504772,-0.00627961640016675,0.00613630332596272,-0.006856716177489,0.0183586740867728,-0.0372452459088761,0.0159344547512487,-0.0158004302653165,0.00585275800093979
0,0.1,0.607393207393207,0.00691339925937122,0.0062080576408376,0.0135758985984521,0.0174751341831875,-0.00362541772168638,0.0101925496220349,-0.00233984279868418,0.00713608670824015
0,0.1,0.610571218571219,0.00363781147186395,0.00606253001731631,0.00869088966649871,0.0212206196753449,0.00233946681945016,0.00994567291785573,0.00146048437439418,0.00605593461585231
0,0.1,0.58052722052722,0.00496843340953816,0.00638135647203909,0.00548364678764588,0.0147878324789353,-0.00306729609928391,0.0105529767808218,-0.00181589756964329,0.00602772295438898
0,0.1,0.617413961413961,-0.00725277785435096,0.00530914731984232,-0.0221823377685063,0.0159040384821092,-0.0295811355393216,0.00969102937859538,-0.0185237939342859,0.0054341484631494
0,0.1,0.593932973932974,0.00301379194452798,0.00611025597119129,0.00617868371311507,0.0198426242422289,0.00559127844532035,0.0105595996302162,0.00329269339991489,0.00627375878307018
0,0.1,0.606354642354642,-0.00151873759114712,0.00575371636665596,0.0059329025006589,0.0153291484597459,0.002820289847691,0.0088192053505183,0.0018125312198429,0.00562648771124326
0,0.1,0.59393846993847,-0.00901852596131522,0.0064059241634568,-0.0134783500716253,0.0224073496980516,-0.0148224520688507,0.0128569693840972,-0.00719797564974775,0.00634953592716055
0,0.1,0.584122412122412,-0.00677098783479756,0.0067262927617634,-0.0235790081664806,0.0198615116278515,-0.00688920562030243,0.0100484368735396,-0.00437095321152738,0.00645732437594584
0,0.1,0.570642030642031,-0.00614805056433696,0.00536997895455768,-0.0121415524339032,0.0133249055644391,-0.0049935713424497,0.0112726922889185,-0.00272566602510218,0.00620657137795118
0,0.1,0.623081039081039,-0.00718159967981665,0.00615533960308646,0.0137488177528221,0.0191861803053824,-0.00494010363524999,0.00966344056591704,-0.00313220782278196,0.00594525911236036
0,0.1,0.607237999237999,-0.00233449869420528,0.00596482387028803,0.0148153772134344,0.0190552731843242,0.00436169297567051,0.0105899692861465,0.00263271355127132,0.00657567732584716
0,0.1,0.59230648030648,0.00466425256817045,0.00576730560459958,0.0530587818969972,0.0181355321079628,0.0106672793926498,0.0126635810467953,0.0051874828615711,0.00577858733782444
0,0.1,0.617358941358941,0.00546118670146278,0.0061805845346648,0.0108391034588612,0.0198638737761672,-0.0107929253578549,0.00928092610097943,-0.00745372871603096,0.00642638371504937
0,0.1,0.586646842646843,-0.00171627115179878,0.00556073045137593,-0.0305492113673034,0.0193891474078129,0.00514983121352859,0.011963531426928,0.00255680500113826,0.006234040220916
0,0.1,0.591541671541671,-0.00226823144890374,0.00593196202503287,-0.00543314355157524,0.0168818015003728,-0.00883551444984823,0.0124491554139063,-0.00426617453367468,0.00597155858744956
0,0.1,0.591228147228147,-0.00482597887177405,0.00657178498362436,0.0164857665339729,0.0204385034975262,-0.0129065151848876,0.00973120097203415,-0.00855609321440049,0.0060189764952995
0,0.1,0.639345723345723,0.0114520923937943,0.00574293832653698,-0.00753327915896679,0.0167219602744582,0.0135378377681298,0.0100829010334541,0.00822625036791063,0.0061346173374851
0,0.1,0.595784515784516,0.00134487488662197,0.00639647342031165,0.0105424322163307,0.020742197634414,-0.00418682941829115,0.0121242420312691,-0.00214400612699089,0.00662807726567254
0,0.1,0.588501096501096,-0.00038231099917547,0.00617444817317425,0.00267687106239932,0.0160865573990802,-0.00417482651126701,0.00944382977987578,-0.00267605527514336,0.00590134674400913
0,0.1,0.579158499158499,-0.0106219195837991,0.00571765871012956,0.00394881626173864,0.0160819322499209,-0.0168641612080453,0.0122428792209,-0.00876798891505348,0.00599714930459407
0,0.1,0.602515274515275,0.0106864016905959,0.00631616868867017,0.0205004425530527,0.0157284567296719,0.0177745124888083,0.0084503653029584,0.0123616038220082,0.00596879150150355
0,0.1,0.580666216666217,0.00446031756519954,0.0059489756026116,-0.00154166464323683,0.0119861992740588,0.00939109699261139,0.00869727167807275,0.00665287960903415,0.00658066396315984
0,0.1,0.578744882744883,0.00503413898505083,0.00532330820841798,0.012072101672608,0.0147177689573705,-0.00757262207048587,0.0127214512833125,-0.00354819116624102,0.00597559854765786
0,0.1,0.61833417033417,-0.0018709432947126,0.00605413050810804,-0.0424897254117498,0.0186052720979781,-0.00611783277250508,0.00888563477635499,-0.00399599487282387,0.00587982008743624
0,0.1,0.559692415692416,-0.0105578351317902,0.00561389494312885,0.00535294419754836,0.020619547473553,-0.0292157471772627,0.0148707081766186,-0.0125941252276104,0.00583042604324354
0,0.1,0.57040161040161,0.00323917754024109,0.00636688264312083,0.0343612125466093,0.0171932647336213,0.0089132005110258,0.00955906336928226,0.00601097473952853,0.00680448772214022
0,0.1,0.558842142842143,0.00357238218485143,0.00658858423665143,-0.0128631194589912,0.0228933466480291,-0.00252079895958669,0.00935419706367398,-0.00168881607692769,0.0065310604584577
0,0.1,0.56766921966922,-0.000168045026664703,0.00592480359049065,-0.00325283072843035,0.0167450261891396,0.0117787127085753,0.0098355760544219,0.00705039056346055,0.00574361712113447
0,0.1,0.577798957798958,-0.000962120972788613,0.0068457808338889,-0.0176113460066206,0.0201068167518491,-0.0149632350822258,0.009057676736212,-0.0101421293952974,0.00602957486260124
0,0.1,0.577807573807574,-0.000366635091258565,0.00578018420111235,0.0322262004172498,0.0198063857661644,-0.00532743765048713,0.00976356710053763,-0.00320671147103,0.00534023024336551
0,0.1,0.60379191979192,0.000345466042288107,0.00622327854520776,0.00905344900566373,0.0187050432775252,0.00698219992342888,0.00976977275806098,0.00430683976211861,0.00608988091021357
0,0.1,0.588314988314988,0.000846573510022491,0.00593607888940522,0.0266786064209928,0.0187560263573885,-0.00446472944627572,0.00967472535468212,-0.00280611825282688,0.00619596544828803
0,0.1,0.608129012129012,-0.00040783867471256,0.00614071762385891,-0.0132317089830586,0.0205170593605595,-0.000505478777718605,0.00886495344970288,-0.000341761601332043,0.00610455517414969
0,0.1,0.58977346977347,0.0204850070411385,0.00650691317493974,0.0203927320875445,0.0183497824498519,0.0279017295343718,0.0106122073003033,0.0164254695224915,0.00587100401682254
0,0.1,0.605571833571834,0.00409958990335455,0.00553028196029238,0.00153869500139551,0.0207661994474773,0.00749682045197164,0.0111561339602882,0.00411654872764199,0.00592799408531433
0,0.1,0.638423582423582,0.00745957707406551,0.00541934375303007,-0.0014149884948514,0.015112918160802,0.0149731600864342,0.00842035665573533,0.0102385736316995,0.00542946558702748
0,0.1,0.593634833634834,-5.63989888301665e-06,0.00723652726590784,0.011158329550894,0.0222604793586521,0.00596147611483389,0.00854571176601027,0.00439057598094983,0.00682727021213349
0,0.1,0.611113595113595,0.00178302078719753,0.00660163561312756,-0.0273124644791758,0.0167785739786474,0.00240893846205561,0.0101388134048895,0.00151452412770474,0.00647017131784949
0,0.1,0.582652734652735,-0.00271522244713636,0.00575551288029776,0.0184055341322676,0.0147549591183524,-0.00257498389714511,0.00876627314202673,-0.00179087338159873,0.0061680045121731
0,0.1,0.588674292674293,0.000368471355524989,0.00566577303098379,-0.0064626317528333,0.0172965384676428,0.00126171901931603,0.00797983086843027,0.000910576301281235,0.00576404539666292
0,0.1,0.610461682461682,-0.0122316480617836,0.00660445616527654,-0.0272565780684598,0.0205274665719722,-0.0197751051571138,0.0103326750453368,-0.0123020637979613,0.00632498043412096
0,0.1,0.600641244641245,0.00617112805281571,0.00603041566325246,-0.0212472549361546,0.0188777206385335,-0.00753252238459953,0.00878251050153766,-0.00524808157788883,0.00548751408148691
0,0.1,0.574898350898351,0.00399910966286633,0.00607496469246559,0.0129324813123124,0.0244533631486302,0.00434282303540457,0.0108292627722428,0.00244802543262401,0.00520414516390201
0,0.1,0.578467346467346,-0.0041592083345289,0.00592405500582718,-0.00639630567094278,0.0143402168061843,-0.00602244806105852,0.00945681670237549,-0.00374437584511719,0.00608737315020587
0,0.1,0.605279717279717,-0.00160706743801873,0.00577065200068677,0.000648515527830692,0.0189065844655093,-0.00964354268311557,0.0103526385606988,-0.00589391441632649,0.00654947633501995
0,0.1,0.598029166029166,0.00357925970041078,0.0060569264841228,-0.000452535908804431,0.0171577523649899,0.000511991904771155,0.0114755060572242,0.000271733530344637,0.00609263066295783
0,0.1,0.571955863955864,-0.00424402257195502,0.00557363965631054,0.0184424778604031,0.0197948111219953,-0.00182497609384805,0.010448014159328,-0.00103952946088531,0.00572587794455218
0,0.1,0.588784896784897,-0.0014640953987073,0.00602070670074268,0.0265938113798954,0.0162965322573284,0.00949449315369581,0.011373512276269,0.00518877472246894,0.00676106088075008
0,0.1,0.571758475758476,0.00629140873657843,0.00629777545793991,0.0177789467708178,0.0177746247635142,0.0155362419310039,0.0136482780226602,0.00713806779685738,0.0062840812745833
0,0.1,0.610123486123486,-0.00370597175231981,0.00578186623618086,0.0339410991350642,0.0209286681704273,0.00582956749996519,0.00889619053122595,0.00379713960552307,0.00647682930084192
0,0.1,0.547256611256611,-0.00172343522564811,0.00642529113779015,0.0327861548982181,0.0194987283714583,-0.012260274313779,0.013569029725894,-0.00575821250148707,0.00643574556766491
0,0.1,0.610646002646003,0.000936550183566145,0.00593271719936072,-0.00593705304081257,0.0211760354689256,-0.00445671576278705,0.0090941078817657,-0.00295208067720491,0.00604071253365997
0,0.1,0.5762268002268,0.00845489056775361,0.00664918895066923,0.00557049752236637,0.0207910686911196,-0.00388396457142296,0.00935081105602609,-0.00262526077621584,0.0065033222733925
0,0.1,0.574793938793939,-0.0126576082879971,0.00620167560847799,-0.0128215335989321,0.0168805504159978,-0.000913352142511555,0.00893518218339583,-0.000589546098572017,0.0060466886221028
0,0.1,0.597175569175569,-0.00952363036487941,0.00585915192449962,0.00118360743687307,0.0191500310509384,-0.00722911328949495,0.00970799712271596,-0.0044262991065534,0.00592011058588083
0,0.1,0.56580286980287,0.000905762108945689,0.00622179106159663,0.0146399245639951,0.0236020533491463,-0.00564132442969173,0.0095153536203571,-0.00373759456955635,0.00623687200048152
0,0.1,0.616388824388824,0.000891011113039303,0.00703910680687221,-0.00694800994943441,0.0204836980215812,-0.00423869935481132,0.00989476063404376,-0.00267450101095278,0.00657168758875781
0,0.1,0.632615888615889,-0.0111364855716793,0.00618773768109695,-0.0186154308689816,0.0210246212380611,0.00260169035404526,0.0100306516188656,0.00165461889730646,0.0061349711221593
0,0.1,0.589296709296709,0.00208596504222085,0.00645610178605624,-0.00690754087465775,0.0132283536652009,0.00688720985320518,0.0116396362882408,0.00384829555804555,0.00631898463316405
0,0.1,0.60039414039414,-0.00371796691366012,0.00574843843543274,0.0159390506080405,0.0156712757831201,-0.0105598413390172,0.0103774412861231,-0.00591878507734898,0.00577132779126561
0,0.1,0.582287178287178,-0.0028709164666486,0.00645093867024786,-0.0236150917234641,0.0242509442553764,0.000619650228229831,0.0110994551040384,0.000345395980206336,0.0060220940311643
0,0.1,0.585131733131733,0.00752604359168568,0.00585992467466371,-0.00493904482437183,0.0166431780175681,0.0042620738859986,0.00876592836986723,0.00284988702710978,0.00578014846347244
0,0.1,0.644495576495577,0.0090326548979365,0.00587367057159182,0.0318549008307281,0.0134937490312654,0.00187607690949422,0.00971636403881304,0.00117541971793143,0.00561946661227773
0,0.1,0.574770082770083,0.00781775003380315,0.00565479229666185,-0.00556197905176414,0.0145312122767128,0.00736661883548945,0.0120947651571528,0.00365204349504551,0.00585960816363203
0,0.1,0.581473289473289,-0.00064354960389993,0.00586280371106087,-0.0234224264710778,0.0166622286343325,-0.0102527582705009,0.00986972662327788,-0.0061378514143099,0.00599275922042921
0,0.1,0.594756894756895,0.00236588755870888,0.00620643654757202,0.0198775208488966,0.0206028856148076,-0.00323572776244594,0.00940505351266723,-0.00209312428635958,0.00631845716811516
0,0.1,0.58625221025221,-0.00254545254611066,0.00601134155349375,0.00342474221244836,0.0165552452999519,-0.00215410034837945,0.0115784990398397,-0.00114757324454435,0.00610168330045437
0,0.1,0.573612105612106,-0.00429463294967503,0.00631533469677398,0.00945113484656303,0.0165718228596603,-0.00586691564834269,0.0103197995570248,-0.00338777327957498,0.00624136425483403
0,0.1,0.597729405729406,-0.00260152179511756,0.00633457467231728,0.000163220478076669,0.0181569609348913,-0.0123332422962761,0.0106729745501593,-0.00720831023280089,0.00619465608607883
0,0.1,0.580053304053304,-0.0109186707883334,0.00648158703644832,-0.0460325213043386,0.016559541174954,-0.0341990456700348,0.0105096655301772,-0.0207465540047546,0.00596135181679765
0,0.1,0.589946401946402,-0.00403122589675646,0.00580846652563271,0.0210276347555331,0.0212362035602986,-0.0153383264133222,0.0109609960142192,-0.00843009567953303,0.00569160193414568
0,0.1,0.605960633960634,-0.00558791084370465,0.00642430177205933,0.017840245266085,0.0122919373279628,-0.00795312280543669,0.0100191458233338,-0.0048747185227028,0.00611468326951429
0,0.1,0.616509184509184,0.00206671538943766,0.00613549661647621,-0.0166408225315771,0.0215179582718979,0.000752235425884259,0.00897230785264608,0.000503947000280301,0.006163952526752
0,0.1,0.638900102900103,0.00145165434893505,0.00650221864201834,-0.00194938079437259,0.0202296792292627,0.001198831383918,0.00966833506780202,0.000779273222645881,0.0066139567281632
0,0.1,0.559028659028659,-0.00346710851374154,0.00630288994696668,0.00365858347558623,0.0170369053493171,-0.00379539396331401,0.0106285427432995,-0.00221848694592739,0.00682890304940837
0,0.1,0.563506631506631,-0.00331852615296249,0.00624771061657096,-0.0296573727546253,0.0185557994951391,0.00638026671385769,0.0102101479508074,0.00396704295564509,0.00611415038872566
0,0.1,0.585045105045105,0.000409024882665515,0.00622318952234459,-0.00296622088260881,0.0214364441453459,-0.0010202143199421,0.00941525718245158,-0.000690253995409859,0.00654262624719515
0,0.1,0.629684501684502,-0.00273145874292839,0.00618863374674319,0.0194658499849076,0.0213389588644041,0.00274179640422487,0.00948944846491642,0.00182978330197389,0.00661376687704722
0,0.1,0.573066081066081,-0.00161824450111319,0.00575149341054196,-0.0224870418830373,0.0201619411412484,0.00736217457099562,0.0115826503662556,0.00373154864417087,0.00545919135177742
0,0.1,0.546191598191598,-0.00972710133262795,0.00587429612908289,0.00416981276636883,0.0177370741896215,-0.00905575724267789,0.0101387290947512,-0.00541518444981677,0.00612130065644194
0,0.1,0.622569238569239,0.00256633098596371,0.006129141242989,-0.00550577580123549,0.021342138606081,0.0130949748434662,0.0106220943603924,0.00777470717201432,0.00615581189195791
0,0.1,0.612128076128076,0.0114871028443365,0.00652328325302464,-0.0249477560971249,0.020069961834075,0.010653649578035,0.009474468393154,0.00719080668536864,0.00596043520225688
0,0.1,0.590506034506035,0.00467491557006369,0.00702512039726347,-0.0300452499171608,0.0185184723444994,0.0118928562269307,0.00967444462558228,0.00791062172497984,0.00646148655461057
0,0.1,0.597126057126057,-0.00377332188480545,0.00652886584507197,-0.0116637279640945,0.020511028666477,-0.00586175432250075,0.0102365625956501,-0.00354216738776168,0.00680700828527852
0,0.1,0.56749947949948,0.00884090819687543,0.00621987705235296,-0.00737944759861384,0.0218367230623668,0.00222841471629596,0.0117674563063236,0.00117775506787569,0.00623125320830599
0,0.1,0.621934125934126,-0.00353907993669875,0.00622356845331712,0.0132959143054897,0.0181451034644052,0.00212052616169985,0.00909189866000519,0.00142097142794364,0.0056462993195207
0,0.1,0.607384315384315,0.0182816226237355,0.00627779780834711,0.0485275149710163,0.0174308331112638,0.00859056715441388,0.00924343432311702,0.00570294812770244,0.00621859994485336
0,0.1,0.58814754014754,-0.00639056481827468,0.00558580311308858,0.0259972827913236,0.0101399895471507,0.0126802595348031,0.0103457053564289,0.00722021144384389,0.00564779407343699
0,0.1,0.623345507345507,-0.01059086012671,0.00670058428217003,-0.0107834736184605,0.0187575701414003,-0.00650236138671947,0.0101228965755503,-0.0038221622055071,0.00614050406966199
0,0.1,0.580939180939181,0.00808464364806152,0.00564140214695605,0.033725194392377,0.018274880442294,0.0117739406296342,0.0112580002855879,0.00641057642349578,0.00593300450488125
0,0.1,0.57369546969547,-0.00917973407506169,0.00558893988487896,0.00418857940579946,0.0186471644963077,-0.00872602301739118,0.0122100978277033,-0.00434919302619022,0.00608369416275512
0,0.1,0.562984450984451,-0.00689083249743592,0.00565929998940481,-0.002001140235737,0.0212378424240791,-0.00120413974021506,0.0118729558060566,-0.000610682967040328,0.00556915704398399
0,0.1,0.599413607413607,-0.00790136117018486,0.00584033819253897,-0.0244322000364511,0.0195508618108071,-0.0145324292248698,0.00875081962921953,-0.00985424479916955,0.00616199342119784
0,0.1,0.604116328116328,0.0017821242681469,0.00590742887983727,0.0331554054369943,0.0158855148082334,0.0182183863969749,0.00858518273328924,0.0128633699439006,0.00605216625002102
0,0.1,0.585850713850714,-0.00998495002094942,0.00574361998655276,-0.00138062772792191,0.0139849773957604,-0.0158292075432455,0.0113988837168512,-0.00860554496426973,0.00604123233497003
0,0.1,0.599344487344487,0.00821602429613519,0.00613577615981971,-0.00285268153191397,0.0181456669075598,-0.000205179958154787,0.0091560924900335,-0.000136097085188409,0.00585074705987052
0,0.1,0.621584181584182,0.00174593706787951,0.00634131746946564,0.0262309344003396,0.0207194985179466,0.00903501548637415,0.0102993627736828,0.00556012079970223,0.00624355774036902
0,0.1,0.630659790659791,-0.00598894566793178,0.00645640274850062,-0.00685228535634344,0.0186063415331673,-0.0122668557651446,0.0110060066996891,-0.00688343018034721,0.00610736107116547
0,0.1,0.611282795282795,-0.0074666137694338,0.00609326477712526,-0.00902405918938493,0.0205040602641996,-0.0176498382083136,0.00917692443573375,-0.0115966341517288,0.006457499830083
0,0.1,0.554408906408906,0.000715210634348734,0.00624508145422631,0.0220292803756908,0.0176350358436816,-0.0030933478676743,0.0111236016017312,-0.00175990668665129,0.0066694375195285
0,0.1,0.579998235998236,0.00288222897324547,0.00621622739572771,4.6275660952309e-05,0.0175467966270086,-0.00682227351344813,0.0113759520010363,-0.00378922748183772,0.0064546337656915
0,0.1,0.616729660729661,-0.00260294104629262,0.00637715408710415,-0.0104676219283904,0.0187957927087465,-0.00549480580306888,0.00909314440685251,-0.00361343895646087,0.00605042816980535
0,0.1,0.600867468867469,0.0105305554310952,0.00590585384435292,0.0338335215082019,0.0159149254279762,0.0237388532311161,0.0118484435683237,0.0122909871792377,0.00576618633485951
0,0.1,0.56631821031821,-0.0048216937053308,0.00564401618410784,0.0103946351172109,0.0228011888027908,-0.00742073097925681,0.00955032867744899,-0.00477132670754535,0.00598798369280723
0,0.1,0.61024489024489,0.00149849259324905,0.0056952636363392,-0.00537095246835189,0.0154967989850881,-0.00528570442704041,0.0111365166258816,-0.00296723516872837,0.00594617863329683
0,0.1,0.611019623019623,-0.0140420875065382,0.00598375777499793,-0.0430837504667725,0.0224433869743072,-0.0240227528078691,0.0115555737514483,-0.0128465349064098,0.00626190495205672
0,0.1,0.596918636918637,0.0134515023825799,0.00606957110636192,0.0059522798178914,0.0194178867951075,0.0258420910130189,0.0133573787161767,0.0131499232491921,0.00671234144530038
0,0.1,0.58217409017409,-0.00226586692485592,0.00628012596709935,-0.00827678248604355,0.0205033316285975,0.00163414791319655,0.00946034024241504,0.0010790039581327,0.00653089085581578
0,0.1,0.573589893589894,0.00384963777292881,0.00552732301154275,0.0418217080069122,0.0177610806782156,-0.00359111950720169,0.00968769815205244,-0.0022857808487963,0.00580420710259435
0,0.1,0.57216332016332,-0.00159947734086793,0.00579670112814503,-0.0142358636058301,0.0227636490622495,-0.00572975785364394,0.0105271555301221,-0.00338103297330684,0.00610412497574681
0,0.1,0.602414414414414,0.0028170088826437,0.00590100014707157,0.0487870590965773,0.020261896744403,-0.00465966618296289,0.0101911835851218,-0.00274137448349783,0.00582097392676998
0,0.1,0.578922434922435,-0.00399306043484106,0.00623559877959473,0.00443736555287433,0.0124475172742891,-0.00287928002447197,0.0102814534404557,-0.00170974845101309,0.00602898224557174
0,0.1,0.621689025689026,-0.0127538497107443,0.00632447177985763,-0.00610685190898662,0.0172309147812945,-0.0131726852862724,0.0100333313888333,-0.0083223071232149,0.00635733492307996
0,0.1,0.624433392433392,0.00882363671212423,0.00629032646697505,-0.00636087197195439,0.0226862029480747,0.0125799527108869,0.00982188419574019,0.00804246056674825,0.00630943983476723
0,0.1,0.599644583644584,-0.00712726586709661,0.00580239846849789,-0.0367298927471676,0.0175379283289989,-0.00388376842464111,0.00898186224603569,-0.00260841062872172,0.00587719218030255
0,0.1,0.597683085683086,0.0109289271558258,0.00621525134009902,-0.00426288092240955,0.0272556134924901,-0.00752400089202481,0.0119570203227118,-0.00392721539773432,0.00583818917823774
0,0.1,0.63968745968746,-0.00542026317537291,0.00593426029199756,0.00746479605806479,0.020357580111543,0.00373164145859023,0.00953257614898959,0.00232308197746307,0.00577536382890485
0,0.1,0.576988416988417,-0.00609586167023099,0.00648165225424719,-0.00151679345124582,0.0161293493972226,-0.0273662008279765,0.0149304743629368,-0.0122626984155722,0.00637914050068238
0,0.1,0.643144387144387,0.000166758591590209,0.00622020772382898,0.0236704164818788,0.0191322730194668,-0.00963180842214112,0.00941907833112971,-0.00637797610853582,0.00628187849917773
0,0.1,0.570839574839575,-0.00285681588303268,0.00647441900418272,-0.00792123066756515,0.018130398607536,-0.00945274618389809,0.0108602157173319,-0.00534784752873841,0.00600107347396516
0,0.1,0.58563510963511,0.00275221712710107,0.0059974965278433,-0.000293365354448814,0.0145288846785639,-0.00753326183366811,0.0104691738588136,-0.00442513408004787,0.00559043291059671
0,0.1,0.593762897762898,0.00402828741873765,0.00611714859367797,0.00571877607181798,0.0197774856943929,0.0106050411587726,0.0118272335032373,0.00545585597269177,0.00588641179319709
0,0.1,0.602619278619279,0.00497055563628422,0.00647098292456173,-0.00324987377710493,0.0130897668928974,0.0156987621061897,0.0109959551300945,0.00926295540767609,0.00588161614535349
0,0.1,0.53978321978322,-0.00217669371954532,0.00561639363141947,0.00144459352456689,0.0183711476511149,-0.0168564132983497,0.0106755590799192,-0.00982104606564098,0.00574200264298565
0,0.1,0.603633927633928,-0.00451736670033823,0.00546936477038385,-0.00966297268892815,0.0207461046133166,-0.00476869226963113,0.00837556391840592,-0.00319215228205709,0.00563110912138524
0,0.1,0.612763296763297,0.00862807731471922,0.00630238878842997,0.00756546696618187,0.0181839999114884,0.0032189574735741,0.0100869694300281,0.00203634241409125,0.00630473048848532
0,0.1,0.616932916932917,-0.00594309852375493,0.00608501062376681,0.00993847385177336,0.0149262954477184,-0.00392623688629762,0.00973372607045992,-0.00248342946362422,0.00624855918263357
0,0.1,0.604132084132084,0.00654861853808753,0.00574414553056025,-0.000770640960026474,0.0203863292440283,0.0228027324424281,0.00955958644670893,0.0147218965323983,0.00604725064598931
0,0.1,0.622419394419394,0.00596411071804525,0.00602656621912194,0.0167645658097333,0.0138902318775426,0.00307853891216752,0.00858377154740362,0.00217321996847121,0.00560961815339981
0,0.1,0.573867657867658,0.00894256725926256,0.00587160543987074,-0.00262143514982721,0.0140399785582997,0.00277214204534478,0.00956025953134202,0.00169408106445304,0.00543961729142181
0,0.1,0.640683160683161,-0.00297293420155322,0.0062187554187535,-0.0169849522014589,0.0184639571948386,-0.00326158986469112,0.010165338719308,-0.00200038251380173,0.00617823107519724
0,0.1,0.603027063027063,-0.0019136069536059,0.00548352028987313,-0.0181549621189128,0.0175185951274747,-0.000857328067149142,0.00988420628063317,-0.00050443264884342,0.00606176558524638
0,0.1,0.620835752835753,-0.00695386813508814,0.00620914084782876,-0.0170403848986699,0.0203826522784339,-0.00504225725770384,0.00899972415177755,-0.00343021253279347,0.00640713483404694
0,0.1,0.609179301179301,0.00494328127282006,0.00661651554280039,-0.0045394698370544,0.01314741227651,3.63231315276024e-06,0.00938074470570809,2.4234542753578e-06,0.00611246471032243
0,0.1,0.60604023004023,-0.000981796465226166,0.00565501890001302,0.00354444129560093,0.0137335513208258,0.00242197738437653,0.00986928634134698,0.00148517085403353,0.00581649440213285
0,0.1,0.578178614178614,0.00966088866547069,0.00601301688651701,-0.01211424142892,0.0215209097465773,-0.00243586158556627,0.010541236865689,-0.00138451415100077,0.00532976303743704
0,0.1,0.600719004719005,-0.00506689908086767,0.00639069377124894,0.00781978650054169,0.0271758586101392,0.00135333657314253,0.0128064710268045,0.000660411906531691,0.00619687366154075
0,0.1,0.587490659490659,-0.00625061832530768,0.0055584197452487,-0.0224924968448918,0.0205081839396735,-0.00456688411633696,0.0106934079106801,-0.00256656577413474,0.00581928385131959
0,0.1,0.59434497034497,0.000700113263379707,0.00563807138293873,-0.0164215114661045,0.0189649007385497,0.00274301089178258,0.0092547777426881,0.00169394307285601,0.00560549678033356
0,0.1,0.560387000387,-0.00341877988436114,0.00557406041651772,0.0500069483243891,0.0183859316957327,0.00353489157453754,0.0099779725011156,0.00211527556505994,0.00582132014316335
0,0.1,0.613251217251217,-0.0112103563549156,0.00589809923529865,0.0133077842927431,0.0157892654416306,-0.0190241990485868,0.013116931478915,-0.00936618657717155,0.0063114589941156
0,0.1,0.581718797718798,0.00246462487474499,0.00629636761382261,-0.00627468896013639,0.0205270096449356,-0.00153508151533417,0.0108760870406668,-0.000893228697153985,0.00588871394761031
0,0.1,0.627217299217299,-0.0107677155691085,0.0067750508419034,-0.0108533940069624,0.0187027311384934,-0.0153601921300662,0.00949193069455197,-0.0101439690311926,0.00700671641196641
0,0.1,0.615398115398115,0.00638993559183349,0.00642275067713617,-0.00254828951227325,0.0177046116556053,0.0128656754176835,0.00865583016788985,0.00888275978656209,0.00591835691162706
0,0.1,0.592618204618205,-0.00171292517551491,0.00587380206998152,-0.0246950878592662,0.0195458403260446,-0.00475959116902838,0.0110008448319661,-0.00255319109068529,0.00583853446716159
0,0.1,0.600483744483745,0.00439319697396389,0.00607015839479128,-0.00991762376231414,0.0204875381548477,-0.00137100935652976,0.0117920986808514,-0.000727465028215603,0.00589705441069761
0,0.1,0.625421965421965,0.00458060821321351,0.00652390692052224,0.0173630712152855,0.0163612159666372,-0.00402601205346593,0.00886322235891793,-0.00273612962318154,0.00648965711400954
0,0.1,0.600988536988537,0.0036201331605874,0.00671071013189013,-0.0219593259211948,0.0174446635409529,-0.0123542764809211,0.0105476130459084,-0.00726326425668918,0.0064833506487755
0,0.1,0.563381519381519,0.00146794364725969,0.00620531088270929,0.00481225321619242,0.0177569778297027,0.0129043438018321,0.00978680372837916,0.00802050833736816,0.00595835224629058
0,0.1,0.569064149064149,-0.00645748899868658,0.00538488778118031,0.0346706311550433,0.0171682134908777,-0.000383266602411632,0.0111926443823875,-0.000207184195696514,0.00558490463027776
0,0.1,0.619572535572536,0.00837223584909175,0.00549117421955724,-0.0235735777528293,0.0175291679328558,0.00142153097009392,0.010075548400439,0.000849308107272801,0.00605626233396866
0,0.1,0.607553443553444,-0.00602323631521058,0.00647511735902241,-0.00638535903077015,0.0174438300086641,-0.00592613228586916,0.0102695615288566,-0.00361551503898655,0.00651942084529133
0,0.1,0.610540450540451,0.0130429243074618,0.00641667819670117,0.0215496807207616,0.0184718131373551,0.0206809701438449,0.00988519199720159,0.0129867192325602,0.00668842664344395
0,0.1,0.608737580737581,0.000105227067880306,0.00616373857421402,0.00504871589103155,0.0160768241990878,0.0196571374552748,0.0113930535287459,0.0109136770977419,0.00647725835051929
0,0.1,0.637927513927514,-0.00249674899174791,0.00589387421522677,0.0109862855101854,0.0154336290592981,-0.00111985690957941,0.00911325484404321,-0.00072464595768498,0.005896367719366
0,0.1,0.562893022893023,-0.00122511154243764,0.00569081894512817,-0.00518295734207406,0.0212036831134451,-0.00678032266843906,0.00956507784914022,-0.00411220967023924,0.00586955622630064
0,0.1,0.56815978015978,-0.0032770400547391,0.00684980081743004,-0.000132180390838527,0.0169939991472856,-0.0157690125802348,0.00973949063178614,-0.00993989583243058,0.00575324836688225
0,0.1,0.593613401613402,0.0129758449678885,0.00552817929837548,-0.00276868967753976,0.0163315049278671,0.0167324720067899,0.00888645437144717,0.0116224786398125,0.00580266457736559
0,0.1,0.579172575172575,-0.00217430766754958,0.00650838109359015,0.00263991976502588,0.0155243381678274,-0.00555934318846289,0.0113452299127682,-0.00303135548328666,0.00589962828351349
0,0.1,0.61423571023571,-0.000233128916193093,0.00614323839987188,0.0138388491740904,0.0237331792438273,0.0060112284932436,0.0107052631111602,0.00355143896193289,0.00652943122875275
0,0.1,0.609743205743206,0.0134164224514029,0.00603735408568646,0.00767861217414444,0.0184776148706322,0.0255685532569682,0.0119365573564163,0.0132306832574317,0.0056194975113041
0,0.1,0.583389463389463,0.00650405477420559,0.00714608718632906,0.034595957847264,0.0187932979672431,0.00685879678528865,0.0106765647690159,0.00398191755987329,0.00639141455126172
0,0.1,0.568148224148224,-0.00971910643974307,0.00579098236700707,-0.0268015635944234,0.0180051818956119,-0.00457447200611055,0.0119603054646654,-0.00235428710894658,0.00545337183522949
0,0.1,0.626633642633643,0.00110014820114107,0.00611625501521587,-0.000653412908033519,0.0152318253992813,0.0083576600093745,0.00912527708787031,0.00589874835856398,0.00631075412582419
0,0.1,0.601220665220665,0.00310362391798584,0.00563096944895225,0.00419544893012506,0.0180866535716704,-0.00139337054727541,0.0100909262934276,-0.000827865447757418,0.00602090340090709
0,0.1,0.55361044961045,-0.00456253430643854,0.00607548362486603,-0.0233968291947323,0.0176644459569384,-0.0178302709512768,0.0115037259513414,-0.00954198912699056,0.00597148371962687
0,0.1,0.593627705627706,0.00085614448656202,0.00588432628753525,-0.0196614228849215,0.0189084741162757,-0.000470684404665965,0.00962279451999588,-0.000297663625885258,0.00637589466660081
0,0.1,0.611478371478371,0.00460495865561388,0.00638466259845169,0.0445379536021759,0.0195630354661266,-0.00732833073413379,0.0107275076599483,-0.0042694746111844,0.00607338221864809
0,0.1,0.599870747870748,0.000858500350973778,0.00614006487866211,-0.0524251945800421,0.0138623519792239,-0.00653789315863174,0.0109302059662869,-0.00361624986722896,0.00611316727707694
0,0.1,0.565041241041241,0.00577036724009129,0.00663842907319488,0.00216720598434956,0.0230861886221333,-0.00393412740104913,0.0117241308774598,-0.0022357968200471,0.00675058340912242
0,0.1,0.561843885843886,0.00250973593578089,0.00592359062070611,-0.0111784378262687,0.0146435100174785,0.00113497619344596,0.0128286984025515,0.00052193302075424,0.00622953598320279
0,0.1,0.580949584949585,-0.00395846275311854,0.00680954992627752,-0.011867740506509,0.0147554857839312,-0.00266053035557378,0.00975113954710128,-0.00172792375429884,0.00659390765615299
0,0.1,0.600107388107388,0.00301757994674776,0.00628047205396699,0.00938125437622428,0.0209657811855661,-0.0114645398744207,0.0103335024968549,-0.00685805232750053,0.00553758689965898
0,0.1,0.59153397953398,-0.00286528476390978,0.00635896155784164,0.00325609793115141,0.0227299426058313,0.000377377497744438,0.00977058108948038,0.000234734764769212,0.00607207368787979
0,0.1,0.545306429306429,-0.00255517389407188,0.0056577087236886,-0.0231646157897254,0.0190711568706524,0.0102016958704258,0.0144540219351003,0.00459511265560204,0.00660174518943507
0,0.1,0.59636978036978,0.00351244996783652,0.00632522448565329,-0.0261637998644986,0.0228086856715748,0.00481892754524569,0.00969518960407452,0.00317460966353876,0.00665900360311226
0,0.1,0.637103149103149,0.00272654164542001,0.00643990636180737,-0.00138662340192244,0.0171859051010185,0.0052352844617149,0.00905383873734015,0.00353983941949455,0.00603645379292462
0,0.1,0.597674373674374,0.00218177623422126,0.00651809560017897,-0.03101777607689,0.0194738299815224,0.0157912066373625,0.0105182529637238,0.00984591208034847,0.00655416027962799
0,0.1,0.601190557190557,0.000292517331071403,0.0059355740382119,0.00200984465825513,0.0270379421961747,0.0110506695447315,0.00895583133029577,0.00731044927185356,0.00594967085815556
0,0.1,0.595036831036831,0.00188743336879934,0.00645701768316396,0.0259466800613899,0.0197742676025422,-0.0103503041227287,0.011265868853118,-0.00566978405332617,0.00608580522667256
0,0.1,0.569913713913714,0.012600940375092,0.00605915236662056,0.0143485759940782,0.0222025471120661,0.0142074240904653,0.0131678151347987,0.00678845524171123,0.00602597123051558
0,0.1,0.62988020988021,0.00771039498219482,0.00590416451871632,0.0106716552765136,0.0132056253847442,0.0085026308767788,0.0103331039507593,0.00512407836996044,0.00585754329792072
0,0.1,0.57763336963337,-0.00479102334797595,0.00620243120233657,0.010621899755333,0.0175478310125895,-0.00689995379016128,0.0124493044494507,-0.00333032196459731,0.00570399896580318
0,0.1,0.598659262659263,0.00231383484606502,0.00613246036097726,0.00479371834541407,0.0182397016314997,0.00946546485402187,0.0106441544882198,0.00558294159339137,0.00655951354833932
0,0.1,0.601419841419841,0.00918572276301391,0.00600810795663701,0.00219053351985448,0.0184678107488249,0.00525350357579396,0.00923689022117195,0.00324118412938902,0.00502923395729271
0,0.1,0.596128856128856,-0.00555030533579505,0.00555194213066166,0.00493923710422335,0.0212037259831607,0.00777891508760226,0.0120264742667016,0.00394635453024375,0.00512671961119265
0,0.1,0.581873501873502,0.0182077944658464,0.00585606390769788,-0.0131160309627555,0.0222030437622138,0.012649648157589,0.0112097403563225,0.00713825654122743,0.00608794912999683
0,0.1,0.590302154302154,0.000939064236791676,0.00628053393421578,-0.0232281780896804,0.0173340207785845,-0.00234733259471291,0.00960144680467769,-0.00152268186602144,0.00642706237229058
0,0.1,0.599614175614176,6.61448531489341e-05,0.00584893343985789,0.0196361310739833,0.0165804336860368,0.00955640687651658,0.00977972765418958,0.00606553628645008,0.00564998619898752
0,0.1,0.614124026124026,0.00797155830504094,0.00621309607212862,0.00442761179437716,0.0166179453810883,0.00667945375648604,0.00949774285644532,0.00430727207370373,0.00634901975772205
0,0.1,0.563899703899704,-0.000478206609899554,0.00665933805394584,-0.00375469074870816,0.0187917955001011,0.000229946737532032,0.0119284861378363,0.000119271080495449,0.00598861355757353
0,0.1,0.606333018333018,-0.00733052814479003,0.00644120124413736,-0.0265298417387073,0.0170093298420802,-0.00202701409529918,0.00906676490311625,-0.00135736245146339,0.00591551552442001
0,0.1,0.580223224223224,0.012312180351041,0.00646586917059348,0.0131131105120463,0.0242440187359338,0.00633864180023246,0.0109748891713824,0.00367293045250922,0.00698771423773089
0,0.1,0.591323307323307,0.0106149696734468,0.00639040644389641,0.0402340639825512,0.0235766583207534,0.0058745296200556,0.0116169775798196,0.00328311905449411,0.00653900097116793
0,0.1,0.56175222975223,-0.000610791902791205,0.00624390426280089,0.0253936741472328,0.0215110101588946,0.00910223795450283,0.0108977404426677,0.00516668944219194,0.00627657515076502
0,0.1,0.612460836460836,-0.0131177011758397,0.00591276487677094,-0.0228378184442282,0.0212534578508234,-0.0156572229010347,0.00881451121153822,-0.0108874238511519,0.00578083669882736
0,0.1,0.616339288339288,-0.00368007707409824,0.00609958219578744,-0.0156778148640644,0.0151528527675678,0.00232789621872972,0.0101702569945685,0.00144971055258003,0.00615487623085452
0,0.1,0.566510690510691,-0.00254890629222085,0.00613103595653647,0.00590892428963953,0.0185264092149018,-0.00241045635278029,0.011565513657773,-0.00127348502223993,0.00594311834057618
0,0.1,0.557660345660346,0.00930685557301614,0.00621688730787415,0.0143043983856485,0.0183826789864549,-0.00309386909832857,0.00998433078057864,-0.00191541479796404,0.0062894168319215
0,0.1,0.607722127722128,-0.0016804945747196,0.00654120680238228,-0.00162311073698662,0.0168766622527077,0.000420646709001085,0.00917701356231461,0.000297110474952107,0.00639961358264383
0,0.1,0.608514176514176,-0.00128451871976052,0.00562907016850285,-0.0213601207315292,0.0210572644089633,-0.00671518320228235,0.009492756153746,-0.00436045303338195,0.00596641813758554
0,0.1,0.590844326844327,0.00181857690669717,0.00565907968974459,0.0423390475165251,0.0181880574233965,0.014160259268084,0.011190595197423,0.00747175444244744,0.00613316380315476
0,0.1,0.594732126732127,0.0010360806961626,0.00599105043338377,0.0193391521732659,0.0170275667047482,0.00511955847239961,0.00955945549999625,0.00320089595560323,0.00615715733179549
0,0.1,0.575360243360243,0.000306997776059631,0.00665625444197886,-0.0101446635956867,0.0232398818640617,-0.0132181360962495,0.0105210970188181,-0.00785691411690697,0.00690488692607164
0,0.1,0.644893832893833,0.0049573400416011,0.00624223303075761,-0.012452930049815,0.0191730170327507,0.0118612312247363,0.00843704025132778,0.00851778853570185,0.00584554469238431
0,0.1,0.618554466554467,0.00341547542977761,0.00592707279836417,-0.0328136466880613,0.0164010867621214,0.00624658721106574,0.0120253393041357,0.00294989247164674,0.00570045098907349
0,0.1,0.617142353142353,-0.00448913972641314,0.00614282986954717,-0.014880063999541,0.0180381057338451,0.00932569434645005,0.0105587657186311,0.00546225728944772,0.00611287854828648
0,0.1,0.593831333831334,-0.00335646996001048,0.00572089546680187,0.0156245114031919,0.0158481442400995,-0.00782653866204438,0.00925498012995785,-0.00517891554102043,0.00611992296852716
0,0.1,0.56569672969673,-0.0050272882307608,0.00572709692490473,-0.00995578906436516,0.0194329135109957,0.0106607321956625,0.0105547132177516,0.00601285755380863,0.00622279976641724
0,0.1,0.613176865176865,-0.00278310745583014,0.00600404558194921,0.0219985258519283,0.019713848443646,-0.00461914953624273,0.00932829439685836,-0.00288763854919201,0.00603616289630215
0,0.1,0.581425613425613,0.00493408071348222,0.00645530659935404,0.0439085347040363,0.0151605139265861,-0.00627745087992314,0.0108160566131389,-0.00348960335630128,0.00645452641495073
0,0.1,0.625248265248265,0.000904334086332227,0.00622828131063383,-0.00321830930204298,0.0205333523290382,0.00772232371631874,0.00936758624622088,0.00504801694920201,0.00587189325271595
0,0.1,0.59247262047262,0.00128582026889544,0.00591257463010034,-0.000852462211702139,0.0162061051607704,-0.00529543526689735,0.00986444101081405,-0.0031818888110237,0.00598224635178067
0,0.1,0.592683868683869,-0.00598107786707503,0.0060702244344524,-0.020254711765113,0.020246749864609,-0.00991650175104368,0.0104091666442832,-0.00589434564984263,0.00623316164345328
0,0.1,0.525412857412857,0.00232672952025144,0.0065758846001246,-0.0176003517248762,0.0164793620597021,-0.0176513698585178,0.0120877559685112,-0.00892564580529082,0.00587663548285841
0,0.1,0.595460167460167,-0.00351065795382314,0.00582648428593547,-0.000516804129448845,0.0178875154579574,-0.000809350238707496,0.0095794922187126,-0.00051605286011295,0.00612450951327358
0,0.1,0.58180310980311,0.00124783754197023,0.00641462225617939,0.0019867052258551,0.0124837969842854,-0.0135322424584456,0.0115132806486043,-0.00744581094259541,0.00616682243502419
0,0.1,0.61361632961633,-0.00937852764067051,0.00635921686232165,-0.0166922145383526,0.0184053697103553,-0.0109535029750786,0.00906932422786954,-0.00752433191990723,0.00635371819424974
0,0.1,0.61960465960466,-0.00302228740943532,0.00617251553004966,-0.0680044077628227,0.0195415819064351,-0.00433254689881188,0.00932093823230931,-0.00284502906907734,0.0060229975713092
0,0.1,0.613330765330765,-0.00454334207704524,0.00627688326226265,-0.00264326457074312,0.0216371035523062,0.00204106436863707,0.0124744097564151,0.00104933050595983,0.00602730366226897
0,0.1,0.563531903531904,-0.00779124377311786,0.00582522901258292,-0.0353264752444888,0.0176426193586164,-0.0123001942555713,0.0125919752504,-0.00593164625200514,0.00591843942787424
0,0.1,0.606662598662599,0.00711721486423224,0.00607730575748388,-0.00538320654339173,0.0176580949072177,0.0123155450315322,0.0122805059684023,0.00645065986276419,0.00654057947366522
0,0.1,0.58436756036756,-0.00750028754221468,0.00674179042823914,0.0377157367293159,0.0195227889372535,0.00269672575790709,0.0117875168066445,0.00145455919974341,0.00640465675539244
0,0.1,0.583237411237411,0.00368971647809927,0.00673311782277807,0.00825196811492322,0.0193701392430439,0.0117670233313027,0.012385925441708,0.0062418798909838,0.00675741648092116
0,0.1,0.563025899025899,0.00286658686766348,0.00613445463694012,0.0194086189999138,0.0205193633630246,0.00873744543092126,0.0108330135378839,0.00511869621817922,0.0061980693330227
0,0.1,0.593207549207549,0.0110013064733471,0.00619326609448802,0.00558315727365454,0.0132003356236581,0.0358103695942593,0.0128753226740911,0.0183751670980964,0.00614695809122933
0,0.1,0.622170262170262,-0.000338383317378634,0.00609816774948589,0.00982624083954757,0.0182329233482371,0.0107536231530773,0.00931576771531692,0.00695440534336777,0.00620459477554952
0,0.1,0.600736716736717,-0.000211573243643487,0.00538857393532646,0.015780563792742,0.0205945154758489,-0.0112458218777483,0.00968593585689269,-0.00684771476657362,0.00623998601865245
0,0.1,0.584502116502116,-0.00543140428476792,0.00643452524511182,-0.0207543663820923,0.0165596960365946,-0.00102905362723757,0.0100664057908043,-0.000686834930132215,0.00665376036250616
0,0.1,0.583140463140463,-0.00573446813761892,0.00580607317126439,0.00146090547132841,0.0190965715829812,0.00328805823835078,0.0100475354954498,0.00202846032828269,0.00645993027415885
0,0.1,0.56151720951721,-0.0101824180116914,0.00588310738049994,-0.0378631744052494,0.0174716772565042,-0.0296427731881741,0.0114207967044445,-0.0163161175175868,0.00626010856169975
0,0.1,0.601999777999778,-0.000714470501460803,0.00650647273074131,0.0123115808068976,0.0172999848991031,-0.0181955612371369,0.0117121452797801,-0.00948929543525889,0.00625988908677851
0,0.1,0.605977973977974,0.0108621099307887,0.00618292666536677,0.0366905227393306,0.0129079344158569,0.0147239239836889,0.00873028792421413,0.0107392358997673,0.00629259797303079
0,0.1,0.585681237681238,0.00475942019201571,0.00652977144133274,-0.0106048306772497,0.0198172378229777,0.00604969441721261,0.0107909066085389,0.0034800272330587,0.00690163707886885
0,0.1,0.585624081624082,-0.00392962285832502,0.00632465107550363,0.00937898047853693,0.0114767643487336,-0.004218217269632,0.0125195044813193,-0.00212378471333419,0.0059061520103127
0,0.1,0.630094938094938,0.0173462532271289,0.00623295328843014,0.0200441711480221,0.016797473931213,0.0180015091999645,0.00896205233736702,0.0128077993106571,0.005694911334541
0,0.1,0.575158367158367,0.0107810606456966,0.00594320597687958,0.00866267354850917,0.0212952442367452,0.0186836827501803,0.0118067562638018,0.00982720549286924,0.00598005744871369
0,0.1,0.545796473796474,-0.0026125409594424,0.00657575133982595,0.0371373085048065,0.0229278036228724,-0.00855448444985126,0.0116408259303694,-0.00472407474379738,0.00621772618484768
0,0.1,0.567791415791416,-0.00487198387441476,0.00572222377229903,0.0100090101697257,0.0236516937488804,0.00671693188451439,0.0108611397579951,0.00378309538790757,0.00606718869977472
0,0.1,0.571555135555135,-0.00750318573214359,0.00605938186439247,0.0149232769789741,0.020486695648544,0.00515232832268407,0.011209571546416,0.00286188185119991,0.00640908451620934
0,0.1,0.604693552693553,0.0102719150922819,0.00647270562742925,-0.0100855719708581,0.019004519572989,0.0207620828421046,0.0117439171511162,0.0114705598719679,0.00632027757842064
0,0.1,0.601338049338049,-0.000549834419952286,0.00620646575451391,-0.0169493466655179,0.0160887058617958,0.0141458653480035,0.0103561883731293,0.00835853071817084,0.00609988880348771
0,0.1,0.574350142350142,0.000215344074101045,0.00581513569364985,0.00908069112029037,0.0147841025507945,0.00780842609633685,0.0106350751762303,0.00452271404794647,0.00599332647347265
0,0.1,0.604783288783289,-0.00854451082200989,0.00614410717830379,-0.0335813832317695,0.0170842099351669,-0.016271636111056,0.0110937152689985,-0.00948878207422972,0.00642531712879236
0,0.1,0.603469227469227,-0.00769567366688472,0.00637905464646406,-0.011139465512487,0.0248962844842789,-0.0118261933859442,0.0113148906814801,-0.00663223837724416,0.00692249646174786
0,0.1,0.583805251805252,-0.00153393738385043,0.0059497323210417,-0.00168884802243327,0.0171335348163096,-0.0122820548249352,0.0103460523022996,-0.00734238051109353,0.00612768575515284
0,0.1,0.610186678186678,-0.00383832677130365,0.00613243240703273,-0.0320740585831531,0.0198448437144388,-0.00341562875729627,0.0104785460287338,-0.00196057084151867,0.00607770019229318
0,0.1,0.558143226143226,-0.00311546831939226,0.00609103393624346,-0.0305265833406161,0.0171414179931113,0.000657258878723148,0.0103118096974075,0.000381059579412061,0.00575181524556545
0,0.1,0.588542748542748,-0.00111826674445489,0.00627128748878241,-0.0182167569255967,0.01726767970771,0.00874266437874911,0.0088728627612866,0.00583248043141544,0.00520826941535645
0,0.05,0.608560508560509,-0.0039451613534428,0.00639932553593911,-0.012709592859122,0.0189014224338684,0.00854537487741082,0.00910891299439825,0.00568727109474355,0.00582055896677077
0,0.05,0.607582507582508,-0.00809337688179227,0.00591381478045489,0.00658533943651753,0.0369004317134222,-0.0373570265732761,0.0127772094164507,-0.0210157847741888,0.00642126991723833
0,0.05,0.621144045144045,-0.0118029218376507,0.00628076125924234,0.0156745515555782,0.0222636121790751,-0.0381310119328593,0.014107909536286,-0.0211390550090273,0.00632948960702757
0,0.05,0.632376332376332,-0.0067245291654312,0.00598322635498811,-0.0329454038026899,0.0245030783154121,-0.00245074168994719,0.0096610181438253,-0.00157424469774695,0.00625585354940275
0,0.05,0.574379758379758,-0.000565146299797866,0.00690349135135838,0.0245305762626399,0.0304476485330433,0.00102925796601762,0.0125211369896975,0.000540330900267944,0.00652060109358248
0,0.05,0.571265827265827,-0.0127329322194379,0.0061481428335241,-0.0117594779771557,0.0178167441187872,-0.00952725862098274,0.00969889620572252,-0.005904646765166,0.00613826042789021
0,0.05,0.627870975870976,-0.00422776451198533,0.00636169125265048,-0.011527810154295,0.0232835957794303,-0.0109125665047981,0.00812173566820163,-0.00840432546081787,0.00655527741554432
0,0.05,0.582058242058242,0.00187120804022808,0.00587674198875164,-0.0070555169524146,0.017364181715468,-0.00272300997748507,0.00974837222384356,-0.0017352817975784,0.00601750895067711
0,0.05,0.659759831759832,0.00160710634800472,0.00683778319347097,-0.0328261727412462,0.0208976460106804,-0.00552412403029022,0.00806185227851962,-0.00430148127361802,0.00631006769755075
0,0.05,0.573185649185649,-0.010829074344903,0.0057910885612496,-0.0146787639054577,0.0263188448101417,-0.0110016252550667,0.00962164420099759,-0.00696082297833135,0.00600507908387459
0,0.05,0.569224025224025,-0.00340969988657717,0.00584822798475028,0.0148469952089124,0.0196885114724431,-0.00289754142276926,0.00966436801866836,-0.00174440139204477,0.0059841203711789
0,0.05,0.550906846906847,-0.000722153459704425,0.00637924404321513,-0.00485966743530272,0.0200962203835504,-0.00817905993373414,0.00983437831964515,-0.00527580022932474,0.00625643105067217
0,0.05,0.610423426423426,0.00597967131851207,0.00592253185069051,0.0593622397339299,0.0290878726053839,0.00607547609160468,0.00851336219239719,0.00429946423924582,0.00629868175817128
0,0.05,0.606915570915571,-0.00151217182156278,0.00617209616783303,-0.0171712742386464,0.0386680385946238,-0.00471292253797137,0.00827210147759669,-0.00338242819461163,0.00611898973678704
0,0.05,0.581102969102969,0.0105941438893952,0.00604328259956657,-0.0230808602280736,0.0200270249016893,0.0209045924840182,0.00871067681896323,0.0149151096489027,0.00571607481858749
0,0.05,0.622796134796135,0.00396923243082769,0.00582850226578653,0.00832619530366998,0.0257211728352597,0.0110441605150782,0.00990560953354262,0.00680169595244721,0.00554899514157058
0,0.05,0.593345549345549,-0.0176594907213381,0.00635024960590366,0.00716973223959292,0.0168323750209665,-0.0108155656483478,0.00937691095082639,-0.00724548959528055,0.00572908086401311
0,0.05,0.611073167073167,-0.00359702770725409,0.00620770980716769,0.0444435745504006,0.0245781522197906,0.00895024646963637,0.00951897662113909,0.00569915001294844,0.00611854600373173
0,0.05,0.592140736140736,-0.0103897499441692,0.00590302151448033,-0.0094162904963769,0.0315462602388925,-0.00868260256631007,0.00992311464097947,-0.00533249226975049,0.00584972268810097
0,0.05,0.657433881433881,-0.00345308852308457,0.00656020035879076,-0.0107643478774875,0.0284166838394956,0.00431999704212251,0.00780356444888287,0.00334194581111102,0.00582004688368642
0,0.05,0.566430578430578,0.0110945150254695,0.00545206819814054,-0.00961379774711146,0.0144008362128093,0.0203698785599273,0.00993718684210711,0.0130720446057037,0.00625118559778612
0,0.05,0.604400632400632,-0.00164006789494686,0.0065280440072341,0.00242714017371014,0.0276426783138443,0.0144017028093456,0.0202370648864161,0.00458678469414271,0.00629830883134305
0,0.05,0.578515694515695,0.00211830868032276,0.00646952658396115,-0.00231345923215193,0.0104070056714575,0.0060311405929796,0.00948552134096163,0.00383390119917947,0.00626715382842046
0,0.05,0.613818433818434,0.00307855810320986,0.00622877651477507,-0.0768132015190017,0.0382312996367982,-0.0113389868084133,0.0111778298749009,-0.00619157515650926,0.00579858718324541
0,0.05,0.589227889227889,0.00475602638129849,0.00611390087378458,0.0255335837310424,0.0205009179624326,0.00583400423658036,0.00883854033925514,0.00396429395756327,0.0060566047346228
0,0.05,0.589343593343593,0.00415286622951201,0.00669073792102303,-0.00730799375664542,0.0208429920923043,0.00734568391036098,0.010356367861475,0.00415759384018343,0.00600998763442713
0,0.05,0.598041178041178,0.00204849112766811,0.00526835346138148,0.0012272170397905,0.0193871740329207,-0.00195716871016692,0.00882979093729146,-0.00133230575487767,0.0061708411020797
0,0.05,0.579442191442191,-0.00855123036312364,0.00566938073615402,-0.0139247632185737,0.0157377839502525,-0.00462234825595789,0.00948264422720572,-0.00293207792548518,0.00570482956994839
0,0.05,0.596584508584509,-0.00538559626432565,0.00673441675435725,0.0338409327809076,0.0277581265084076,-0.0111696208523946,0.0120138009039694,-0.00616050130644001,0.00656528715589607
0,0.05,0.616074208074208,-0.00399187558511771,0.00581595170764867,0.00491980488944946,0.0254306614548757,-0.013128536506344,0.0111953445377363,-0.00785396449747367,0.00619699260442015
0,0.05,0.53608004008004,-0.00234964135608984,0.0064148461530823,0.00309835032129029,0.0292089587638148,-0.000552363839927961,0.00926798305933713,-0.000356002338207629,0.00636635718028645
0,0.05,0.556111756111756,-0.000599003122744872,0.00689148379188024,-0.0430714128636851,0.0262619064986533,0.00352823300509399,0.00908190900797008,0.00249872089664392,0.00659043399429009
0,0.05,0.587681423681424,-0.0031775340698196,0.00606252405695082,-0.0382368746764661,0.0374233071588367,-0.00458396152174956,0.0117748701043333,-0.00225603060436987,0.00534153795817827
0,0.05,0.61351822951823,-0.00415134986601426,0.00647041295436971,-0.0477032461419836,0.0224996767003556,-0.0159625397331691,0.0102981565569541,-0.0100734802560604,0.00657920044912116
0,0.05,0.596005784005784,0.00739799964858617,0.00624459029774464,-0.00938651245049039,0.019422362158042,-0.000360545524598225,0.0102798966358067,-0.000218064204541429,0.00592735297375795
0,0.05,0.583462075462075,-0.00125808409756469,0.00571050427481707,-0.0230568388579679,0.0267887123480828,-0.0185428475717285,0.00980317243620342,-0.0117375984252176,0.00566243776359329
0,0.05,0.592849528849529,0.00640894326517404,0.005909658060291,0.00518703125580632,0.0244165994315096,-0.00971530048242271,0.009952194057293,-0.00601955188117062,0.00587547307272417
0,0.05,0.564523008523009,-0.00254564105428612,0.00605968155562806,0.0116501217703945,0.0220557077025432,-0.0168885478065785,0.0102303521085678,-0.0104002597529639,0.00575806966602645
0,0.05,0.596727164727165,0.0116190302978328,0.00634647455625238,0.00416646868623773,0.0235159904362904,0.0203288728153982,0.0131915795633244,0.010041949642834,0.00627949825491728
0,0.05,0.64020166020166,-0.00589862353280192,0.00641365764395691,0.00466435321735236,0.0259576725855595,-0.00952838281788983,0.00956138511314384,-0.00619570353729168,0.00587396175475262
0,0.05,0.600565464565465,0.00335843464253141,0.00584290291602513,0.0150755461629765,0.0260562114100734,0.0212973530908849,0.0114999100549897,0.0112383272743065,0.00591488211751875
0,0.05,0.622831582831583,0.00583211877152629,0.00623657240880133,0.00834181199700015,0.0318673386209058,0.0133095192301691,0.00983116323201166,0.00852995782698247,0.00596447803948079
0,0.05,0.58627585027585,0.0115470052087856,0.00534633366560845,0.0219103550349919,0.0248118116147589,0.0122756204983132,0.011165811591011,0.00668984872611227,0.00582097563631233
0,0.05,0.562477498477498,0.00908371410086912,0.00601137951211859,-0.0301613103715336,0.0189289245429371,-0.0101619582684314,0.00919803739670254,-0.00670924668663711,0.00595873419545056
0,0.05,0.586116502116502,0.00568388916005724,0.00628915226197891,1.5210399163532e-05,0.0268858316272748,2.87124976923229e-05,0.0113266009587823,1.55735289111771e-05,0.00571063420810675
0,0.05,0.607612051612052,-0.000589821566464403,0.0058144353521717,0.0202614125373535,0.0318689203074012,-0.00390143760265817,0.00959037801544722,-0.00245579956143754,0.00581039168153025
0,0.05,0.616217872217872,0.00880067296957631,0.00597293851564839,0.0185133038122638,0.0318092274107253,0.00989085834785433,0.00902515344867491,0.00674594680795587,0.00578016346954675
0,0.05,0.620079188079188,0.0110661698383468,0.00597723281163031,0.00567996964700767,0.0387684535822655,0.0152290933938108,0.00921377978203898,0.0101444189158482,0.00563216524574507
0,0.05,0.572632532632533,-0.00908736985102695,0.00673996563792596,-0.0147408051886275,0.025293716768517,0.00384236031757004,0.00976119632274621,0.00242682163936014,0.00605362085687441
0,0.05,0.594998214998215,0.000759863658434637,0.00635407694270744,0.0415945785631317,0.0263213506615504,0.0100281752196537,0.0106253752838584,0.00593968718341504,0.00634555892747103
0,0.05,0.612384012384012,0.00241685488455549,0.00601530687917795,0.021455221052494,0.0188590885788956,-0.00535150461784718,0.010527580077279,-0.00306504907887177,0.005789401905668
0,0.05,0.583177183177183,-0.0053060855769895,0.00607779218259528,0.00203101617340522,0.0361558125179096,0.00310439287209127,0.0086023198380207,0.00224408884747497,0.00612755890017537
0,0.05,0.625772413772414,-0.000188872190027679,0.00564766944747979,-0.00285080848366572,0.0403489658165318,-0.00541373305675255,0.0109345552419762,-0.00296158762156124,0.00521331866204929
0,0.05,0.596399336399336,0.00427109470250071,0.00614592321974336,0.0190284848779205,0.0219279993497497,-0.00278250812825451,0.0100108453249895,-0.00161717135938685,0.00587058309472655
0,0.05,0.605778605778606,-0.00799637057367675,0.00673772948288412,-0.0474107798229987,0.016568689051344,-0.00564311794281239,0.00956438987328433,-0.00376396843157317,0.00718303899463071
0,0.05,0.583964947964948,0.0071829415031761,0.00611670917190433,0.0360481036000833,0.0232431410242886,0.0185141560726632,0.00930542607816745,0.0119522738753226,0.00484793113487347
0,0.05,0.59391866991867,-0.00102253356053389,0.00589653002525822,0.0710459397751609,0.0150697871120869,0.00259013639356353,0.0125648392914762,0.00121267515966001,0.00556716612559225
0,0.05,0.602313746313746,0.0107165755431096,0.00568327548567763,0.0582193053015619,0.0260531414598063,0.015701313017576,0.0152320252438797,0.00672016452948763,0.00618229143097321
0,0.05,0.57175021975022,-0.0104839476918575,0.00668722349809573,0.0072613782715631,0.0242822484929841,0.0018589393011494,0.0162335182617212,0.000704810879200461,0.00621037707121072
0,0.05,0.584359196359196,0.00359498228539277,0.00621688541600428,0.035151596881334,0.0257184119957033,-0.0064172533454711,0.0103782094144892,-0.00372435407493482,0.00605803491473634
0,0.05,0.596317112317112,0.00872983318334232,0.00582269210694408,0.00280678210191848,0.0212091770519256,0.0101403463819764,0.00982754036021269,0.00633338936694046,0.00579786256494543
0,0.05,0.607966231966232,0.0012466924658099,0.00688069711494496,-0.0413086236486818,0.0319219679675442,-0.00808377995879137,0.0103420396712493,-0.00489346264042697,0.00638745555027109
0,0.05,0.568652200652201,-0.00423487934285955,0.0059279667616682,-0.022561087702467,0.0332890891586542,-0.000325399493598732,0.00997582873634003,-0.000197273467600709,0.00612329496696735
0,0.05,0.638317142317142,-2.91914007339773e-06,0.00593779971874795,0.00185771233587047,0.0249626647346108,-0.00904484418518055,0.0109175306922998,-0.00522412640135836,0.00599381110477318
0,0.05,0.607251691251691,-0.00394637194474558,0.00652138706593021,-0.00563167603457115,0.0276639832683625,0.0103676165293211,0.0115576275305364,0.00557265476865344,0.00609764421199626
0,0.05,0.618864294864295,0.00152817450948144,0.00589349573898247,-0.00587036161974244,0.0218693443521341,0.0032724935080491,0.00867448786292676,0.00229279965137586,0.00596076995066129
0,0.05,0.570382266382266,0.00128152034164594,0.00599735557542331,-0.0280550109318203,0.0271930611697894,0.00126328819063495,0.00917966408517697,0.000832807032412814,0.00611956668996117
0,0.05,0.560707436707437,0.00707012741135567,0.00581921406493509,-0.0404623828298988,0.029347641496459,0.0171723115938629,0.0126228927007256,0.00893480704680887,0.00648495524478201
0,0.05,0.613221517221517,-0.00675193654416564,0.00575963453442665,-0.0310681080055275,0.0187516310101058,-0.0118707942094444,0.00734462169920779,-0.00971283927786919,0.005879473282285
0,0.05,0.581451149451149,-0.00234722939435401,0.00591758560591754,-0.0596484670792004,0.0254501775558914,0.00304138332952631,0.00875218825646444,0.0021205752733476,0.00605790931955543
0,0.05,0.583094995094995,0.0136847660803347,0.0066610258625945,0.0273945917170269,0.0188442144574395,0.026889494199068,0.0108753884018276,0.0160281973000527,0.00618083828084107
0,0.05,0.594149838149838,-0.00341094412536723,0.00632207844105025,-0.0242093884625802,0.0352510228676761,-0.00582793852277807,0.0106965808904279,-0.00351395619450387,0.0066483723248951
0,0.05,0.576867540867541,-0.000609752733972936,0.00622966116068911,-0.00540400171067008,0.0293350251448031,0.00957196095781526,0.0132918011171507,0.00443262821632555,0.00633192595483136
0,0.05,0.596241872241872,0.00501843086475254,0.00583075304175043,0.0497686444505046,0.028576831136036,0.000511542459326952,0.0112584839509062,0.000274685085556292,0.00537926667881695
0,0.05,0.615628203628204,0.00694585176788689,0.00599258072235979,0.0197972379367709,0.0247716220720683,0.0108035402222238,0.0105850482755416,0.00627401814012157,0.00622871120711925
0,0.05,0.576274908274908,0.00509216892515844,0.00595986804770033,0.0210794629493133,0.0234490408116819,0.00398230378653929,0.0137756282781144,0.0017296646762033,0.00611072131259764
0,0.05,0.603429387429387,0.00291239041990281,0.00596505627214881,0.0298731575260823,0.0276278005574413,0.00803731385265581,0.0112445932179541,0.00456229473356808,0.0065370048875548
0,0.05,0.573238725238725,-0.00335420888869396,0.00556429045506111,-0.0146443100410088,0.0210578208135021,0.000998237088446189,0.0101609438259152,0.000573618828532134,0.00578870660497252
0,0.05,0.591189999189999,-0.00133407371125423,0.00601333231049055,-0.0499294461113606,0.0211341612613723,0.0107840741990929,0.010664561863644,0.00627938270017099,0.00608781922923116
0,0.05,0.575554103554104,-0.00979278212150162,0.00644749012935207,-0.0364423257480653,0.0232298133763695,0.00667886503756269,0.00913033579697797,0.00476317350455096,0.0064967990425232
0,0.05,0.606552786552787,-0.00837468828088465,0.0058194076939964,-0.0030554464642621,0.0285783741613883,-0.00620647294764218,0.0107622991079194,-0.00335432093989703,0.00596292883847605
0,0.05,0.593464013464013,-0.00158018912172363,0.00616685416665813,0.0091417474187573,0.0269220627691703,0.00475859186192241,0.00936088879789365,0.0032331108590569,0.00635257683176131
0,0.05,0.606377862377862,0.00381443927076596,0.00607565391200367,0.00717333981930834,0.0253935690931591,0.0145734095113929,0.0115541338709295,0.0080346063734116,0.00583299988967238
0,0.05,0.587614967614968,0.0114026385899097,0.00600093973938216,0.00368680902656555,0.0237673981738091,0.0126094152886223,0.00895741642039386,0.00891560719644322,0.00618153103095583
0,0.05,0.585045069045069,-0.00394219070270137,0.0065917564441207,-0.0437767770133329,0.0243335874168377,-0.010785696961889,0.0113397947349013,-0.00589287637781533,0.00656994213857935
0,0.05,0.605092553092553,0.000898655973602322,0.00680344380262314,-0.0294499014255444,0.0246213763425079,0.000815062983923947,0.0104786324152105,0.000515201888970354,0.00623358100549603
0,0.05,0.578738666738667,-0.00740596542481222,0.00580906859989819,-0.0335540360408233,0.0158710857279068,-0.0188745588132236,0.0116216182273233,-0.0102165561543153,0.00650195693430243
0,0.05,0.583085479085479,0.000429427388264152,0.00584629642299354,0.010574170700253,0.0176111054594462,-9.17842118527604e-05,0.0090137890384573,-5.86761604935564e-05,0.00591371809231501
0,0.05,0.637210777210777,0.00552054264250692,0.00671520833953959,0.0356675075286295,0.0228448154232047,0.00493883751669397,0.0130410707832882,0.00235772486466166,0.00588639517027262
0,0.05,0.572004188004188,-0.0030252667818751,0.00564746414591541,0.00574359928305751,0.0150740524220136,0.0019266881402884,0.0118864375056854,0.0010079363787497,0.00623037106474078
0,0.05,0.576456552456552,0.0123682772856282,0.00664576686776417,0.0542722822967284,0.0378084382191582,0.0117203765409192,0.00902512264570757,0.00772803799350727,0.00637581628847797
0,0.05,0.605756345756346,-0.0016453075899129,0.00640128960684182,0.042337745260439,0.0243696265852103,0.00953086876378246,0.00997107951476194,0.0060313087340097,0.00672723321142661
0,0.05,0.581380409380409,0.00225489594919615,0.00594249751672318,-0.0310670051022461,0.0253510564165415,0.000721171582471858,0.0103542272475623,0.00043679464456144,0.00648090463258874
0,0.05,0.631083007083007,-0.00744546481677563,0.0063727929489937,0.0174588981216614,0.0349669348259854,-0.0178018567100885,0.010943977094727,-0.0105815318988035,0.00607913682013821
0,0.05,0.569177141177141,-0.00330946026603264,0.00604194026199031,-0.0170907507915611,0.0273988033112262,0.00519061178737767,0.010306028579631,0.00322520258734622,0.00594783986582184
0,0.05,0.550615282615283,0.00458150343132344,0.00610020434419313,0.0408348010952807,0.030911488002431,0.00514828295812112,0.0116385281527436,0.0027636162663717,0.00633121728846882
0,0.05,0.606326862326862,0.00743755571519688,0.00569428137159314,-0.0226699306322623,0.0155403946845279,-0.00124579504221018,0.00962051470281924,-0.000778765361446077,0.00590981082356011
0,0.05,0.605218445218445,-0.00447946053115829,0.00620605069249923,-0.0419829568671199,0.0197539994526478,-0.00186905801143867,0.0081596352721819,-0.00138959962271508,0.00691655371618294
0,0.05,0.586854622854623,-0.00995179731775096,0.00636226884883201,0.0291902562249433,0.0226313471636281,-0.0189059915917744,0.013221678763195,-0.00953859034584666,0.00624712259871668
0,0.05,0.620797592797593,-0.00143610196797188,0.00681562911287145,-0.068441702984076,0.0260745061127172,0.000529427890369488,0.0109108765855038,0.000315044085831981,0.00659464355281681
0,0.05,0.597101469101469,7.42082974933219e-05,0.00615388478394076,0.00253039373291356,0.0250010310681054,0.00972597522853443,0.0118509328032674,0.00505564602637828,0.00577250936209169
0,0.05,0.616895836895837,0.00513254474256224,0.00558324848616842,-0.0240664365625011,0.0239072416564298,0.00722355155900946,0.0105987600993743,0.00408408576569206,0.00630457843792003
0,0.05,0.589854937854938,0.00352095712296518,0.00661957029773484,-0.00811375178638276,0.0214921920419098,-0.0119868972243045,0.0105404836953834,-0.00734204987356249,0.00652415289589936
0,0.05,0.592826512826513,-0.00441562525831134,0.00614705114959833,-0.0604200926423684,0.0216647897592273,-0.00545038579313841,0.00769502979176575,-0.0041777261321742,0.00533953081784464
0,0.05,0.589276477276477,0.00211343068659855,0.00635021591852482,-0.00040745416454828,0.0248726383723139,0.0050309369843733,0.00994965652014026,0.00321432925056374,0.00639979459350986
0,0.05,0.579214683214683,-0.00607197287170065,0.00595338278281022,-0.035906097708844,0.0193892578074661,0.0048795183704467,0.0109211561731605,0.00264571715953541,0.00580082269322113
0,0.05,0.584769008769009,-0.0115048103175151,0.00584717617124859,-0.0242402272827342,0.0192353237114886,-0.0251206457433622,0.0135684646519757,-0.0120891222238134,0.0061428527355732
0,0.05,0.58816476016476,-0.00404260618811404,0.00613730089649865,0.00230306520210555,0.0172032682168861,-0.0151953386631096,0.00959813830367613,-0.00948274559692163,0.00583633889592184
0,0.05,0.556655176655177,-0.00158000407605061,0.00625500568916951,0.00185931071599155,0.0324394125887929,0.000783021928483105,0.010571238979329,0.000450494421909196,0.00595848266241469
0,0.05,0.5920039000039,0.00834137151890605,0.00629476130978788,-0.0295787613034651,0.0196275083458251,0.0215817459402059,0.0129349474320925,0.0111156642121609,0.00581259473702907
0,0.05,0.544621960621961,0.00016257359327764,0.00632443945566818,-0.0323572575286167,0.0281390975235884,0.0131504900874091,0.0118293841416883,0.00670990554470443,0.00587385233351802
0,0.05,0.589876585876586,0.0103482144560039,0.00644720110301458,0.0288376491838075,0.0200026841931321,0.0185071851050688,0.0103770439855755,0.0115632829726226,0.00598323661895797
0,0.05,0.605079341079341,-0.00458034171799333,0.0059224194080088,0.00926054374591801,0.0252721586332666,-0.00664009873993202,0.00707585822496669,-0.00530353016841877,0.00554649710068319
0,0.05,0.607020247020247,0.00557667408550798,0.00646086809661333,-0.0429794379895908,0.0284924056207535,0.0137523820404645,0.0123681141456405,0.0071935910534546,0.00604138583522891
0,0.05,0.574490758490758,0.00327248229864363,0.00599881621905921,0.0275722486776469,0.0293205639309329,0.0259426423295545,0.0107667827277351,0.0156300495175244,0.00629138221904704
0,0.05,0.5880729000729,-0.00123981137582654,0.00563603198624073,0.0115471687350629,0.0234694657353803,-0.00183428459152166,0.00843890348959367,-0.00134305709883478,0.00624954920643635
0,0.05,0.621520965520966,-0.00120947712342712,0.00643120868996205,0.068049560369706,0.0235092428122365,-0.0207532409419583,0.0114252070475549,-0.0119445147066304,0.00624424604432299
0,0.05,0.593388329388329,0.000933882350232254,0.00589098528069387,-0.0358740594823002,0.0224493795839845,0.0138102245837929,0.0088772327048957,0.00933261130285723,0.00608892095437784
0,0.05,0.587855471855472,-0.00428271688743906,0.00664507409296538,0.00196737400065443,0.0298802926744636,0.00923743915930978,0.00871034110549933,0.00673228974412013,0.005983529752302
0,0.05,0.624352788352788,-0.0036595890679039,0.00598213428922797,0.0066235369353231,0.0161589875040814,-0.0104811238509863,0.0127689304401864,-0.00478447329644016,0.00580237560889774
0,0.05,0.550508362508363,0.00535133965129428,0.00627405246949853,-0.0197065290665114,0.0284123503580719,0.00487776668032008,0.011809131372059,0.00260963140535447,0.00654196704447409
0,0.05,0.587080679080679,0.000853810211410967,0.00572288964958121,0.0195352038147552,0.0259310143046306,-0.00547608116124516,0.0100126403061863,-0.00321528948482862,0.00556576865980947
0,0.05,0.531818403818404,0.00675917636276755,0.00628924373181478,0.00868523405787438,0.0347511081845458,-0.00385351337207404,0.0167688448046983,-0.00146604901734623,0.00647902249386092
0,0.05,0.571475167475167,0.000724352286440413,0.00615775214904565,0.00906320485986678,0.0174508754570934,8.02888918013717e-06,0.0109393353938589,4.54584143002885e-06,0.00585829243669312
0,0.05,0.625172809172809,0.000766204384088123,0.00611703808442837,-0.0427409272588287,0.037160479618757,-0.00490330306729392,0.0108468915247739,-0.00286033500217812,0.00645262165660692
0,0.05,0.584918804918805,0.0124006097383756,0.00617478268083475,0.0217641704452245,0.0237853280923268,0.0105696746007219,0.00972873450538927,0.00680149115533076,0.00641686891585106
0,0.05,0.575608751608752,0.00134798343952534,0.0072521957834844,-0.0195537827434543,0.0164685135719274,0.0200465848132503,0.0116275095651125,0.0108909104285507,0.00577664051675617
0,0.05,0.603902127902128,0.00950433999535231,0.00614283060992999,-0.0155930618068992,0.0168418667476382,0.008802741254301,0.0115300284803695,0.00464877191006336,0.00572899667681375
0,0.05,0.530895986895987,0.00466588628892888,0.00649710413570438,0.0141613228674086,0.0282478577192375,-0.00593158108532692,0.0122320809944972,-0.00286956415837983,0.00593446989827183
0,0.05,0.583377823377823,-0.0032094134321285,0.00578411563245887,-0.000608176129001536,0.026439751813087,-0.00671873878797969,0.0095030608437813,-0.0039822286525512,0.00521954410954329
0,0.05,0.593485901485901,0.00449388713936113,0.00613396685265065,-0.0285550102284306,0.0190620235224104,-3.70669817869872e-06,0.00860276438377328,-2.50298176239933e-06,0.00586651875361179
0,0.05,0.613026937026937,0.00867922079716126,0.00562347926783815,0.0308204000300934,0.0228408851973718,0.0225599381386408,0.0183952279413477,0.00856764092646419,0.00651823781937118
0,0.05,0.623282063282063,0.0019152149068193,0.00624703340746903,0.0177491450153936,0.0394918496233017,0.00987186471336646,0.011453703695499,0.00547168436965078,0.00622632718654019
0,0.05,0.60619857019857,0.00262497053786862,0.00600630801498021,-0.0576500338056006,0.0278146532777464,0.00260769406845779,0.011056569215867,0.00146974784881695,0.0057237571720364
0,0.05,0.603386691386691,0.00402250161291525,0.00561491651918827,-0.0183602886623709,0.031007374947319,0.000870257731480284,0.0100499485877631,0.000522458875298344,0.00587177901414104
0,0.05,0.57956511956512,0.00538541837078973,0.00601540851398329,-0.0181377668731053,0.0282882474054461,0.00133385914692974,0.00879433147295624,0.000949106556427401,0.00620958616362572
0,0.05,0.571390279390279,-0.00618398698713703,0.00573114274348282,-0.00102400125134352,0.0337000953969253,-0.0128283953422755,0.00938428955199647,-0.0087313275381089,0.00631891755743324
0,0.05,0.554648750648751,-0.00428620318842641,0.00619988825847204,-0.00161322414891612,0.0207411356680174,0.00712000657248807,0.0129632761176621,0.00320687819490076,0.00626980456660825
0,0.05,0.591274935274935,0.00710009805580722,0.00573920514556568,0.0055816732863351,0.0254823114005802,0.0247312104578471,0.0155732464210353,0.0101974924655072,0.00582114712811971
0,0.05,0.604067896067896,-0.00551980860227712,0.00630412606887499,-0.0242915874029176,0.0156322876961326,0.00905778646827457,0.0105919060758887,0.00536095170756395,0.00642668546549409
0,0.05,0.590347226347226,-0.00284852599583078,0.00597921066668887,0.00672095437163608,0.024896048003336,-0.00119671989653258,0.0105760506023386,-0.00070360966204666,0.00592661174902037
0,0.05,0.583176655176655,-0.00464563299900193,0.00574578773537495,0.020504607069039,0.0268874211108316,0.00703089846563131,0.00865076970410513,0.00467325691043488,0.00578378444339122
0,0.05,0.580525408525409,-0.000866392864813532,0.00607095979199791,-0.0143284621965358,0.0210101639243277,0.00752169769172438,0.0136633905197177,0.00341274964363545,0.00629093381401604
0,0.05,0.606703854703855,-0.00142482992402295,0.006030735021709,0.0137038074295706,0.0261562794789743,-0.00239640716114974,0.00843342412502335,-0.00169931685365945,0.00607415481665528
0,0.05,0.616726576726577,0.00533303866162947,0.00606294765685487,-0.00836484917853291,0.020114398152304,0.0263195116188916,0.00960523929273773,0.0178620570890062,0.00611291766182236
0,0.05,0.583397071397071,0.00593382342910581,0.00586283845492426,0.00683556049567371,0.0324280387511175,0.00860248489734242,0.0111757035944927,0.00468011879845882,0.0060867005886664
0,0.05,0.583485775485776,-0.0044116410118942,0.00658846974655553,-0.0360525784584068,0.038544158014209,-0.0164813504662083,0.0113020629187446,-0.00984191219654261,0.00685438831584813
0,0.05,0.611274671274671,-0.0042083673268373,0.00674737875570074,-0.00385032809754229,0.0189599270192948,0.00120138898094595,0.0106138025035297,0.000699754717247548,0.00645432059532145
0,0.05,0.601273189273189,-0.0019077068851468,0.00613774665904223,-0.0103087791173502,0.0276882721628198,0.00627309567942746,0.00979571196553911,0.00386067597519725,0.00571457363305266
0,0.05,0.595091863091863,-0.00300261727318725,0.0057594062956438,-0.00691303480935016,0.0331472458058802,0.00392235550512185,0.0117154558295593,0.00200726019384499,0.00589738293859158
0,0.05,0.608286272286272,0.00465373551786485,0.0064084947569082,0.014085766876005,0.0237436616654477,0.00380567566650622,0.0102833359576572,0.00213707994929596,0.00544993307349979
0,0.05,0.587472239472239,0.0013863914219642,0.00631683534044879,-0.0040792313831901,0.0228166440198026,0.00390105743100599,0.00946829003817893,0.00253026817185023,0.00553853844635929
0,0.05,0.630074514074514,-0.00734564720942648,0.00596970619405804,0.00562961655958164,0.0303291039794041,-0.00918949251747383,0.011400623053134,-0.00493522864866444,0.00583571771044697
0,0.05,0.632602076602077,-0.0041522120925,0.00629109609079013,0.038918169918206,0.0258128563490832,0.00355290315519332,0.0118386182707037,0.00188349748631921,0.00626939721546818
0,0.05,0.586249666249666,-0.00303747476455519,0.00562694243528816,-0.0585991042998129,0.0279323756163736,-0.00896905222947293,0.0120740392491144,-0.00446073180966191,0.0055796821086736
0,0.05,0.577134709134709,-0.000939168341677766,0.00641254678235942,0.0185639294869505,0.0314014641945091,0.00788467347294221,0.0128121732587426,0.00410271426349741,0.00722334313852656
0,0.05,0.594496314496315,0.00199092703788824,0.00643213775655058,-0.0424852261883298,0.0176227119633775,-0.00278226060206744,0.010557740248837,-0.00163823195915242,0.00593956849818751
0,0.05,0.626450882450883,-0.00491708155153849,0.00691554406563557,-0.0553009760047169,0.0163279511668204,-0.00835749568378252,0.00982079468117604,-0.00518649515962598,0.0065670263676321
0,0.05,0.540587868587869,-0.0008644661141666,0.0061644492475915,0.0327735379908195,0.0285381824423454,-0.0129193752246248,0.0164532802525753,-0.00486679328468054,0.00584302604031394
0,0.05,0.602552462552463,0.00628592754932919,0.00591310004277248,0.0229768213438993,0.0273939327581345,0.00662764905587435,0.00933944421590204,0.00433109959259286,0.00574088492379055
0,0.05,0.600661944661945,0.00147520483078912,0.0070742145788821,0.0177820652223572,0.0298283454049038,-0.0176060724596498,0.00970793124151039,-0.0115254207362746,0.00597828327760097
0,0.05,0.594473682473682,0.00733389142233965,0.00585992568676225,0.00120557223322848,0.0249972844750667,0.0220183541487443,0.0201634382358603,0.00741192142785246,0.00605896790850834
0,0.05,0.586240546240546,0.00760106491024534,0.00541643830705876,-0.00520073759666828,0.0218662132728734,-0.000871153947871629,0.0101985922867795,-0.000511348233287803,0.00589592751763143
0,0.05,0.616827412827413,-0.0140955769014719,0.00560515862306448,-0.0162927574126894,0.0157134985425405,-0.0273527150567994,0.0117717269283856,-0.0146993619717477,0.00551123571662679
0,0.05,0.585472137472137,-0.00130251238185827,0.00627636606589431,0.0118501080945263,0.0239984037652186,0.00374107332843152,0.010832009231662,0.00207660778703427,0.00593557903151915
0,0.05,0.558176982176982,-0.00456383727989707,0.00633083038133186,-0.0350569392300021,0.0376650248339274,-0.00228102784201837,0.0113365282978082,-0.00124703620091967,0.00609231605738147
0,0.05,0.575482355482355,0.00151340055847127,0.00512709229028763,-0.00260306496661826,0.0252076396051771,0.0147265361852957,0.0108274705523558,0.00843432146750928,0.00583272989532369
0,0.05,0.615647343647344,0.00515783767470244,0.00589222534578365,0.00570158863280564,0.0235244917211713,0.00467241637853933,0.00911094253652307,0.003278924220751,0.00624634865883167
0,0.05,0.560859944859945,-0.00150221098226327,0.00598938787374294,-0.0224756835855941,0.018684757713554,-0.00225900908470632,0.0126303688206904,-0.00111847940668335,0.00586950706912404
0,0.05,0.597141777141777,-0.00441467023921923,0.00630541602578248,0.0344964235922678,0.0326068879085023,-0.0196157450848919,0.01351453473458,-0.00882568976573282,0.00592045356148773
0,0.05,0.619309627309627,-0.00355981779420098,0.00606582954674141,-0.0586606934338712,0.0292237416425292,-0.00625345620894155,0.00983984492447683,-0.00402276498864436,0.00686068094977965
0,0.05,0.607152847152847,-0.0176454479700817,0.00644449221539876,-0.0249420985855981,0.0237505251177909,-0.020085014407284,0.012461372858618,-0.0108372780817507,0.00645189032179799
0,0.05,0.58853688053688,-0.00134206015958711,0.00607955807309766,-0.0286987377061704,0.0254098458857631,-0.00374648502497057,0.0100193335395004,-0.00235273033152469,0.00626909325837838
0,0.05,0.617187545187545,0.0145898720708177,0.00600125896052675,-0.0243943144399142,0.0351507787433987,0.019753904547012,0.011686712497596,0.0105543102428354,0.00572017438424384
0,0.05,0.638246858246858,-0.00434165620470067,0.00639047438912078,0.0146692077704899,0.033652376365259,0.00235548427988692,0.0101441206671742,0.00150051172379428,0.0063847705484069
0,0.05,0.592718284718285,0.00363151000963772,0.0060922645559698,0.050681548545896,0.0371758511932726,0.00166282269972309,0.00936368039974449,0.00111448807688307,0.00614461434170375
0,0.05,0.613919497919498,-0.00308509222911449,0.00652324763783163,0.0159962423907233,0.0297472764686027,0.00840430588243362,0.00981552191331616,0.00552058815563132,0.00625646015908572
0,0.05,0.584680652680653,0.00296893758077697,0.00606136795438976,0.0132540951399074,0.0278682447953654,-1.87425599519975e-05,0.0105194341841538,-1.10716154610254e-05,0.00619415859229954
0,0.05,0.552343884343884,-0.00117069980140817,0.00622442799492492,-0.00110007831162441,0.0229558361142163,0.00512524668397621,0.0114636180200794,0.00276216531301763,0.00632426117721784
0,0.05,0.600262956262956,-0.00876367619710031,0.00599163008600373,0.00990473121363051,0.0261582487562563,0.00321726228783488,0.00835633609522397,0.00231582392857882,0.00608705520337153
0,0.05,0.555088131088131,0.00913583549796239,0.00589106203239568,-0.00426077990684378,0.026307679981631,0.0210159402851477,0.015363126483136,0.00923582289750893,0.00609039611715331
0,0.05,0.581853197853198,0.0028182628884224,0.00590211068555827,-0.0480813413076818,0.0247148721309472,0.00175357235598283,0.0127633829101473,0.000824823194134636,0.00602912207895119
0,0.05,0.561122001122001,-0.00214338644440029,0.00572848669353562,0.00354657370264064,0.0326550042627936,0.0244409266686468,0.0127439296868475,0.0125613479186405,0.00577152182770685
0,0.05,0.61160915960916,-0.00768970328505182,0.00601376088363927,-0.0335663362716889,0.0219590191778564,-0.0151608543376487,0.0101630806815238,-0.00901519103417753,0.00587876439495376
0,0.05,0.599876783876784,0.0035082840995526,0.00582598708037655,-0.0329868658976485,0.0281700209535654,0.0018769277188461,0.0109182677699377,0.00100497686617284,0.00581069696793098
0,0.05,0.608358992358992,0.0104797278408963,0.0066837842570975,-0.0259766568820403,0.0322479079569505,-0.00777315475427939,0.00931242959306822,-0.0052770008915768,0.00651355629765201
0,0.05,0.558179118179118,0.00348965292010574,0.00626040493670599,0.00385261062640581,0.0355242785339916,0.00744877736319405,0.00992586886231712,0.00452062400895886,0.00642948485323789
0,0.05,0.622819702819703,0.000849148941552476,0.00605925706465842,0.00895573953542551,0.0296855177633492,0.020951033567547,0.0113901393014241,0.0112528645757093,0.00607161863787906
0,0.05,0.589732261732262,-0.00499501896097639,0.00658512589891537,-0.00369667256491976,0.0205984913098726,0.0119511120961325,0.011647165203504,0.00625850121847567,0.00603253373319982
0,0.05,0.60608379008379,-0.00464826242833932,0.00640069767664891,0.00605017422245428,0.0431843023305481,-0.00203040490813547,0.00894303463220673,-0.00137570295998234,0.0063106848473041
0,0.05,0.598749394749395,0.00600868193837596,0.00628620628741354,0.0142936604038477,0.0296155382124159,-0.00094988215090067,0.0122685472768555,-0.000471799153313315,0.00610940826770331
0,0.05,0.568617484617485,-0.000920088417162071,0.0059720413110842,0.0255924123719613,0.024529272450761,0.00405284584972151,0.00944065862202023,0.00261502011528218,0.00593742858493534
0,0.05,0.621100689100689,0.00473834651594228,0.00545153089448921,0.0323643735391656,0.024524271188725,0.00994927193611801,0.0126597061813565,0.00466463195949454,0.00602202828081625
0,0.05,0.586410502410502,0.00305369250277794,0.00586560452530782,-0.0220317607491015,0.025655711438538,0.00490346696122969,0.0096747933149458,0.00302341324398294,0.00591408286606034
0,0.05,0.584130176130176,0.00442371632716745,0.00591438571553123,-0.0122478457741902,0.0296120836908715,0.00460185019362871,0.00955080422867029,0.00281243370694192,0.00569694464792901
0,0.05,0.539953955953956,0.000542057325293054,0.00586076233753336,-0.00179733380734233,0.0196159651253328,0.0206733377138727,0.011688216719962,0.0111352686520218,0.00592282665973098
0,0.05,0.620793176793177,0.00565508730339148,0.00614510726383498,-0.00762407246604912,0.0300854098154016,-0.00734564003943298,0.00929692085187029,-0.00503393986406555,0.00570489433857772
0,0.05,0.585586353586354,0.00482404317949986,0.00602918769613399,0.00837103248313762,0.0285440001962488,0.011673057071743,0.0177396144229466,0.00402566213500572,0.00540001453775916
0,0.05,0.546058038058038,0.00493006586009368,0.00617297753720753,0.022868819595498,0.026118902324463,-0.00202048874892502,0.0122236748710187,-0.001022056927248,0.00651333769802739
0,0.05,0.609108717108717,-0.00691361813839988,0.00596030130168106,-0.0575886020410224,0.02663580966095,-0.00550110204718256,0.00925687757806017,-0.00358666810453373,0.0059999895555573
0,0.05,0.589946113946114,0.00401936891659865,0.00637563365587167,-0.0564898279200601,0.0265274045195848,-0.0368562866152468,0.0229592922727375,-0.0121520314837481,0.00652236004311514
0,0.05,0.561633645633646,0.00334326947871591,0.00590971834735532,-0.0250861453868837,0.0290953561325993,0.00663095248558675,0.0116558172931595,0.00349357747794898,0.00581246658578994
0,0.05,0.573486861486862,0.00573812082672317,0.0060597077898025,0.0587299182201842,0.0369195823830857,0.00208542890871995,0.0108979142079234,0.00117871093252419,0.00635146757270522
0,0.05,0.596496716496717,-0.00448984035382189,0.00637709855631796,-0.00817026024577723,0.0241276106578027,-0.000107077476373779,0.00871448703924134,-7.38812897616291e-05,0.00649827928974648
0,0.05,0.59995895995896,-0.00186895882463134,0.00634260607118683,0.00897693069045871,0.0294704080096303,-0.0139302151868531,0.00974739728066853,-0.00916425653324311,0.00631819575430322
0,0.05,0.572917352917353,0.00318549686946512,0.00638247451140612,0.011262155391722,0.0323553801030017,-0.00600264012852406,0.00934690652645086,-0.00392157647918852,0.00609718853759328
0,0.05,0.582491214491214,-0.0012617398373743,0.00612227671288768,-0.0568537933814962,0.0256150543224982,-0.00968167349594516,0.0157222451412609,-0.00366307118575571,0.00644841268005055
0,0.05,0.597424989424989,-0.0120871071268803,0.00607189303805136,-0.0501094546416088,0.0426572668079103,-0.0146144091485049,0.0104058026637067,-0.00867036480319069,0.00622816795418916
0,0.05,0.563103443103443,-0.0020613832814797,0.00581596444528291,-0.0158797606062533,0.0171938966170832,-0.00742347347335967,0.00872015951194465,-0.00492306338170659,0.00568086754791892
0,0.05,0.598194106194106,0.00363727178895871,0.00574809532667706,-0.0597721283217339,0.0238231491964536,0.011014228390448,0.0104971611124122,0.00654659383410445,0.00602624678741259
0,0.05,0.64170746970747,0.00856709247951346,0.00574247205105214,0.00711979162915499,0.0192217756125554,0.00492416962642166,0.00875406823353244,0.0033892835768351,0.00602325738755275
0,0.05,0.576657960657961,-0.00122448081648046,0.00646253639947791,0.00747646211473476,0.0237685032950629,-0.00530675140164027,0.0105137723785824,-0.00316721170414704,0.00634980469374412
0,0.05,0.59396408996409,-0.00536427086540934,0.00639524062526075,-0.0176072174513882,0.0265393001516574,-0.0137558368120635,0.0121927373376177,-0.00708869249075422,0.00599347553914225
0,0.05,0.593781593781594,0.000978345120765064,0.00579608897755279,0.00881809444441955,0.0242134651654191,-0.00673574723575006,0.00995980419476025,-0.00396963532612388,0.00622242672417057
0,0.05,0.608721092721093,0.000363499167424431,0.00627720478151127,-0.0176500632053218,0.0253592213713978,-0.0167447043923274,0.0100181734045128,-0.0108506257761677,0.00622170093455287
0,0.05,0.574518178518179,0.00991961319840616,0.00581208744092432,0.0124695006080749,0.0272887226381953,0.00104817611828731,0.0114488341852972,0.000537113952288753,0.00560381209474074
0,0.05,0.605643065643066,0.00471322096860034,0.00614737083590109,0.00528100433737946,0.0239002408206114,0.000278515191945907,0.00949296504827977,0.000184096575413284,0.00630331304807612
0,0.05,0.601581613581614,-0.00432534448751353,0.00624952612402066,0.042210283789111,0.0294397351247647,-0.0146521116609986,0.00871219682065507,-0.0108553250897032,0.00608988729285991
0,0.05,0.573339825339825,-0.00575832451684977,0.00604210630794273,-0.0213914034491827,0.0333778009787934,-0.0238665870299736,0.0100915252327839,-0.0151791905815097,0.0059289208756519
0,0.05,0.585166941166941,-0.00482112527708569,0.00609488285549111,0.0130280641935359,0.0272958058611597,-0.00684752133536841,0.00978232739847261,-0.00418608866293946,0.00578036334130869
0,0.05,0.609878445878446,0.00469801930361526,0.00613238316055337,0.004814793552086,0.0234374789583856,-0.00532521309561496,0.00986444793778027,-0.00322763971661293,0.00630933315959278
0,0.05,0.578345486345486,0.00172624844959989,0.005708058782292,-0.050540569754623,0.0285342961544164,-0.00503437418728845,0.0129602325429448,-0.00233912195816092,0.00624227860523584
0,0.05,0.620039384039384,0.0111111388671967,0.00629062982235817,-0.000268231050525947,0.0236923086932367,0.0164285369971906,0.0121033901751573,0.00869960364871562,0.00603013986212858
0,0.05,0.624110376110376,-0.000617045218875806,0.00598930919884253,-0.0114865448603898,0.0230779848327085,-0.00352091000096176,0.00931165185174061,-0.00220382056435269,0.00562612092030861
0,0.05,0.60756583956584,-0.000499826938399369,0.00670075330092729,-0.0351534251960508,0.0377785485956311,0.00691890510114995,0.00960365560612709,0.0044466883776312,0.00645656131775691
0,0.05,0.601761457761458,-0.00112319036731509,0.0067282521922404,0.0292444512968658,0.0164592677727431,-0.0062119806346407,0.0106383269736828,-0.00390827834327971,0.00686253544005702
0,0.05,0.584331044331044,-0.0136236402457622,0.0060554030803532,0.029621116717498,0.0179664892464495,-0.0123007530141414,0.0105546072580091,-0.00699970906431291,0.0059739540674825
0,0.05,0.550055602055602,-0.00642202244296628,0.00684597444215,0.045926189359612,0.0224070328024634,0.00456600810147358,0.0120533533459643,0.0022837566662538,0.00601572163902504
0,0.05,0.601979845979846,-0.00782333519177797,0.0063708041442528,0.00753913287998026,0.0336044386054735,-0.00752320753566668,0.0116156285509775,-0.00412401578930725,0.00643401330601567
0,0.05,0.608924984924985,0.00163180379802731,0.00586337390347729,0.0128936789650104,0.0258081873039856,-0.00248095245139041,0.0119337927005464,-0.00122419253951404,0.00572870534912168
0,0.05,0.568860328860329,-0.00118894778120119,0.00572918000673004,0.00910484525405424,0.0280557144963327,-0.00126411338247143,0.0097427369653205,-0.000787967309920686,0.00627865500854643
0,0.05,0.588269532269532,-0.00609227738703242,0.00579895541062166,0.0028926046421741,0.0278627501448013,-0.00056355720199305,0.0088926402935961,-0.000371973250164667,0.00581488423421091
0,0.05,0.614928794928795,-0.00285219523233347,0.00640049007769157,-0.0231473369547043,0.0293146957513267,0.000743786422313658,0.0090115768491158,0.00051819737725278,0.00519867902070324
0,0.05,0.554167334167334,-0.0125154339014986,0.00601713931646277,-0.0235998556776587,0.027098127312922,-0.0120845895562469,0.0107754402533175,-0.0069173217536791,0.00626775415521732
0,0.05,0.616509772509772,-0.00477206895886077,0.00601706570733919,0.0169440927326975,0.0173739733111505,0.002684527682123,0.010603344870478,0.00146251835118062,0.00612783850599459
0,0.05,0.573898137898138,-0.000458349574652733,0.00619613263061086,-0.00775596525492687,0.0212276952507143,0.00359371135009848,0.0101379784878995,0.00227718904612612,0.00625153374629484
0,0.05,0.605769113769114,-0.00378158244382004,0.00640625788065896,-0.0665445993726783,0.0369464449325603,0.0113349800481554,0.0126172327790414,0.00640209850061339,0.00625592680923329
0,0.05,0.603810207810208,-0.00836629062900407,0.00615458016489067,-0.0351542503004603,0.0285295950685437,-0.013966397209833,0.0107551356152501,-0.00853553277200018,0.0061803505194705
0,0.05,0.571459651459651,0.00412446663228972,0.00650457981546238,-0.0111825130280259,0.0283655628479042,0.0123871579043555,0.00915406670529329,0.00818963599168469,0.00597916443439444
0,0.05,0.594170166170166,-0.000469030894268554,0.00620607988067809,0.0201844246645475,0.025346969366342,-0.0150839042243638,0.0111462174121553,-0.00859094376856324,0.00600445168548068
0,0.05,0.594719490719491,-0.00122931946409667,0.00622434311793535,-0.0334488473732852,0.0245484826445207,-0.00383650961707507,0.0129595169984855,-0.00180277637895676,0.0062079727946731
0,0.05,0.590871794871795,-0.0149183401607311,0.00590540078197867,-0.00684990685703124,0.0199004754264308,-0.0189158480683297,0.0107480959813326,-0.0111296281253316,0.00590502507076613
0,0.05,0.596967608967609,-0.0151386524791167,0.00645008699692465,0.0283905244025455,0.0264758224710226,-0.0219545946950097,0.0133387203769662,-0.0108990715268269,0.00621938612283332
0,0.05,0.583393555393555,0.00476655397125632,0.00633236341331425,0.0535554262334661,0.0294665374138681,0.0111251250940797,0.00912886167144562,0.00742967456253817,0.00641462338738261
0,0.05,0.567001431001431,-0.00207939618068384,0.00606878444582002,-0.00746897758514023,0.0346184947623383,-0.00274450822321088,0.00872478186006278,-0.00199752457750112,0.00612410808074089
0,0.05,0.605263373263373,-0.00635795834573809,0.00598206447082171,-0.0803253258312916,0.0471344334396727,-0.0126861154593905,0.010882211356999,-0.00725666624109211,0.00644261712700949
0,0.05,0.598495342495343,-0.00308504759580191,0.00607366345631331,-0.00733670568309616,0.0357413703779615,0.00274168622612997,0.00767087986765946,0.00219631329498687,0.00608928327562507
0,0.05,0.623301767301767,0.0109607750072466,0.00562801590406437,0.0679693784240988,0.0326361362327403,0.0127075318503514,0.00844398720747662,0.00899093465416111,0.00569687288772048
0,0.05,0.615531867531868,0.0109274174961307,0.00579481977453629,-0.0357906317482347,0.0285407091364876,0.00932837590194711,0.00839044161334885,0.00682539638506191,0.00597543184891094
0,0.05,0.594253902253902,-0.00254062530739177,0.00561047709820328,-0.0346257975013399,0.0308474862442405,0.00162177423070218,0.0110484752335441,0.000888775928945827,0.00564510779748718
0,0.05,0.606390486390486,0.00593300441953562,0.00665473100016623,0.0361614731675474,0.0273312459006819,0.0119095352394988,0.00999620367364679,0.00767397392761304,0.00639928769219662
0,0.05,0.582683286683287,0.00254440475092274,0.00614718013310813,0.0477561367360049,0.0272287825919643,-0.00379011124678769,0.00939400160124921,-0.00253994546745356,0.00685369586812546
0,0.05,0.534629742629743,-0.000225399636258538,0.00567577433798937,0.00893457541843699,0.0314563555287335,0.0062161232850232,0.0119218916844504,0.0030948725328403,0.00569787841719955
0,0.05,0.612979548979549,-0.00530365591901953,0.00612170250838631,-0.0470372915050447,0.0340488297552176,-0.00372995918813913,0.0134505127134493,-0.00175207836980651,0.00563383430027537
0,0.05,0.572899364899365,0.000516512248347327,0.00596153294929045,-0.0330823825532825,0.0397307207118012,0.000913689048168938,0.0127667825390664,0.000470491006820849,0.00646635300088217
0,0.05,0.606225942225942,-0.00722908622033226,0.00581821930050151,-0.0408721598367295,0.0241800302174597,-0.00653229823280693,0.00942692395539771,-0.00395873902806239,0.005708734334841
0,0.05,0.58240065040065,0.00539470182212386,0.00626932155159539,0.00371082648990017,0.0356102956739185,-0.000184760827141479,0.0091745103424483,-0.000126259170959097,0.00604220152139826
0,0.05,0.599702987702988,-0.0032243876941838,0.00677545677218525,0.00979494773664801,0.0276487230004902,-0.00542325215897942,0.00801048007427462,-0.00428945328625548,0.00658563893805379
0,0.05,0.576935232935233,-0.0156891214993909,0.00601784678887622,-0.0285437507760011,0.0167859133755345,-0.032840601429217,0.0143075981430139,-0.0156546140585616,0.00637441171516537
0,0.05,0.564779460779461,-0.000743928499581926,0.00573299690037864,0.0263638763300105,0.0182847190175457,-0.0142197606335817,0.0120446232698172,-0.00700029806553841,0.00599888322485724
0,0.05,0.595455595455595,0.00858172348855116,0.00606142353000869,0.0328184746151818,0.0329395421578218,0.0164699339282012,0.00979703194954404,0.0105174494629399,0.00538991031196935
0,0.05,0.561358413358413,-0.00305204992612988,0.00640472689746858,-0.0175466912170965,0.0245657634589698,-0.00950655170981434,0.0116980480627018,-0.00522633140121522,0.00637036597463241
0,0.05,0.615312831312831,0.00745636208996361,0.00565186128269142,0.0337196981881243,0.0188757979182346,0.00972203620684408,0.00840787165867509,0.00667600204984364,0.00571093226359504
0,0.05,0.613229101229101,-0.000373473485983723,0.00616233391452005,0.0422429307797801,0.0274237855492797,0.00831834202274741,0.0112703208995714,0.00454477732607107,0.00642398132234019
0,0.05,0.585149805149805,-0.000554821065284396,0.00645291341964309,0.00993893011106803,0.0267556281096444,-0.00343711115620624,0.0140879883300946,-0.00148904883380398,0.00601711898467456
0,0.05,0.601475857475858,-0.00623326238775869,0.00556555610665802,-0.0263257244515125,0.0245843144000039,-0.012166709845386,0.00924138735706318,-0.00798417646085473,0.00638980002838456
0,0.05,0.611285687285687,-0.00939190261639189,0.00624486210608956,0.0225173150512483,0.027646414530722,0.00689827957112485,0.0112257416663296,0.00390539494102808,0.0059610885445514
0,0.05,0.59616512016512,0.00145923077816595,0.00587883442968958,0.00120670729814345,0.0221381691876912,-0.0144627607043598,0.00992539612166145,-0.00909407997658997,0.00564674585610206
0,0.05,0.600955848955849,-0.00285641868680658,0.00577904575390549,-0.00103793477753986,0.0184820509130128,-0.00268655811625334,0.00926420704323168,-0.00172328106815714,0.00622657516515783
0,0.05,0.567550383550384,-0.00510172597579498,0.00618726504133882,-0.0223363348335373,0.024715894760368,-0.00398419643034324,0.0134688975160248,-0.00182255380366651,0.00654800409907785
0,0.05,0.538393654393654,0.000465204050587339,0.00649805149591113,-0.0102259158463432,0.0213802968290094,0.013378120513619,0.0199131876909761,0.00460249598941841,0.00637732767286707
0,0.05,0.604992796992797,0.00312507927987112,0.00671528233183182,0.016246795888282,0.0239417902725622,4.28719899793396e-05,0.0108559238537734,2.4905234543684e-05,0.00675640860031042
0,0.05,0.595436503436503,-0.00534508142197233,0.00611705579844548,-0.02831544765373,0.0213132834496865,-0.00749222381710074,0.0125377940876423,-0.00347649690979461,0.00551539041925608
0,0.05,0.581125565125565,-0.0045771657788602,0.00607915537325646,-0.00593989013494637,0.0201041465079692,-0.00961183245244818,0.010620929066563,-0.00561249561222559,0.00660886796810547
0,0.05,0.569260061260061,0.00287542488866078,0.00632676268671028,-0.00292362079398076,0.021078292893532,-0.0012705852046943,0.011127351923821,-0.00069431685732106,0.00609218348482631
0,0.05,0.63051357051357,-0.00390197791536419,0.00636330870573338,-0.0162427380127168,0.0205510273477219,0.0145058360573184,0.00840566416270735,0.0108064129441879,0.00582713035381709
0,0.05,0.587469635469635,-0.0114352387224119,0.00607166249789187,-0.00830192615294336,0.0163488689297233,-0.00929510571111575,0.00868469184576024,-0.00633002404132182,0.00573676997516192
0,0.05,0.582959526959527,-0.000349181641584154,0.00609061195232798,-0.0195616737738041,0.0249680504623904,0.0035546592544274,0.0101174657445333,0.00227187050631957,0.00641219168099426
0,0.05,0.587019395019395,-0.0139915637652572,0.00609575910347663,-0.0223516071920994,0.0286017095364954,-0.0186009950451561,0.0117964371138663,-0.0107230116789947,0.00590848116405128
0,0.05,0.59173197973198,0.00349286616899963,0.00598829160037402,-0.027750318938246,0.0274858024109564,0.00612338430744633,0.0129648346388228,0.00295509393134122,0.0060433046465897
0,0.05,0.605281829281829,0.00634961738648575,0.00560393788699292,-0.000584855344993902,0.0271897957662539,0.00835930787073588,0.00832854093063778,0.00598623241810823,0.00542100644551479
0,0.05,0.60993102993103,0.00415774126446741,0.00654835664236723,0.0140060460820324,0.0220771401107722,0.0114725768452312,0.00842279266787563,0.00854772000324967,0.00664704099750951
0,0.05,0.581780093780094,-0.00544855892775847,0.00615916936136152,-0.0259586714190134,0.026841704667479,-0.00813510973153191,0.0133232309377797,-0.003770397686209,0.00608837274894661
0,0.05,0.589065253065253,0.0038812273974193,0.00643988339798766,0.00358874162050881,0.0212049223602562,-0.00754835787667209,0.0134002222418228,-0.00345757730087804,0.00631708321347883
0,0.05,0.635551031551032,0.000837494136579181,0.00509632431916188,0.0737168840071319,0.0218957055272911,-0.0146890507056806,0.0105459832556499,-0.0086964315945913,0.00526769578952747
0,0.05,0.584111192111192,-0.00277386288761346,0.00605518502194455,-0.0298391054300184,0.0199949994084583,-0.0219960962841277,0.00958210667108509,-0.0144595303203274,0.00595839302708159
0,0.05,0.580596736596737,-0.00134007310190268,0.00586020364290854,0.00614706997178123,0.0275091176873062,-0.00136283695381171,0.011150276901833,-0.000765438985105181,0.00617702772500955
0,0.05,0.621998013998014,0.00744441161158889,0.00604282976994243,0.0471464493310555,0.0358077686995075,0.0151653527026964,0.0127159377858301,0.00768747955861242,0.00651840500912706
0,0.05,0.605261441261441,0.00610926354723719,0.00635246969254925,0.00186128724624132,0.0190623253504164,0.00736282973696314,0.0129796609106387,0.00374653441814623,0.00656275233449094
0,0.05,0.608831552831553,-0.00248872678235619,0.00593044595555066,-0.0291493566084848,0.0255150615486854,-0.0121109289753405,0.0114130105567165,-0.00643015742970147,0.00569625486887882
0,0.05,0.591635307635308,-0.00347457327825969,0.00592955679646183,-0.0225571024946018,0.0129278644549107,0.00504392256645978,0.00933567044887621,0.00319730003145471,0.00584692104047419
0,0.05,0.569527373527373,-0.000625485718477806,0.00632189833643793,-0.0665988340338901,0.039634771085641,0.00410623002846573,0.0118190060972151,0.00212628320862658,0.00628857814474139
0,0.05,0.631063447063447,0.000268539672949331,0.00607073178109774,0.0168190137326919,0.0176690067130324,0.003836826141941,0.0102482423028951,0.00232422270307607,0.00579875586471847
0,0.05,0.565347985347985,0.00283573956468899,0.00639048946328354,-0.0185864113356954,0.0168318657624946,0.0196668293455495,0.013753583798777,0.00908560784414409,0.00613514706148043
0,0.05,0.607053211053211,0.00273737289420684,0.00558056217241096,-0.010043671400665,0.0160774584785827,0.00609939041136186,0.0115375847919197,0.00326162570194831,0.00572340546253835
0,0.05,0.594723486723487,-0.00740576313599533,0.00633432427111891,-0.0556374625336641,0.0245111470604265,-0.0192140225558111,0.0113293097375432,-0.0112694732735559,0.00568901090381747
0,0.05,0.595543483543484,0.00611928175447224,0.00625380850575448,-0.0104064710946294,0.0330361505024956,0.00356214014933614,0.00974559706030086,0.00218337941799961,0.00610272796327882
0,0.05,0.592068928068928,0.00320197972999656,0.00590321313216809,-0.00922362978891047,0.0186856172167099,0.0219840386714868,0.0161291560097146,0.00909970636584932,0.00588826018634849
0,0.05,0.576252144252144,-0.0161604849026889,0.00608935964176021,-0.00562079881816389,0.0259826697387945,-0.021498348442549,0.0180329168302506,-0.00804380590464585,0.00625226396792122
0,0.05,0.580667440667441,-0.00990869749191298,0.0064250002564536,0.025536522315055,0.0282656546021814,-0.0261747471477264,0.0137649726676579,-0.0132004628862862,0.00612633620145165
0,0.05,0.615244947244947,0.000310532316262096,0.0058167376780538,-0.0278778486194719,0.0181973727610153,0.00358967512241734,0.0107226498022149,0.00203082545006129,0.00608620427088281
0,0.05,0.547056931056931,0.0119154349523528,0.00600856632860196,0.015452239067935,0.0256825123463284,0.0237470560828959,0.00936218015019092,0.015769783779579,0.00618385047564907
0,0.05,0.541331893331893,-0.00432743413840631,0.00623486293756255,0.0162220028745445,0.0233892865724723,0.000468573764559602,0.00797968104477837,0.000368528843480006,0.00585726157750069
0,0.05,0.610598038598039,-0.000237871452162371,0.00600868549326716,-0.0204454060010553,0.0124069408607221,-0.00729488999249274,0.00910929710818619,-0.00504456209604469,0.00599378042360556
0,0.05,0.647657435657436,-0.00913816175309683,0.0068577847866553,-0.0705448816357447,0.0183316646460452,0.00075703331411714,0.00924079689111366,0.000519201181186763,0.0061412308751751
0,0.05,0.597252621252621,-0.000150085910689398,0.00648802545833891,0.00937215438272587,0.0267489675869989,0.00189863381405033,0.0100339255712872,0.00118204580227126,0.00587175524325786
0,0.05,0.562781578781579,-0.00138658634022235,0.00611335692443239,-0.0520483364707885,0.0227632726117818,0.000393925346301715,0.0101910539412152,0.00024260270162929,0.006245556010327
0,0.05,0.61765028965029,-0.00645407577999383,0.00627182076487428,0.016428846266902,0.0369949614238213,-0.00831939928163933,0.0109336188335762,-0.00489214221836098,0.00630913462929789
0,0.05,0.537159645159645,-0.00193712996464365,0.00573060387485835,-0.0530304226764246,0.0187805265045962,-0.00906755743578273,0.0130960518163574,-0.00428567867588903,0.00637587642105684
0,0.05,0.613157977157977,-0.0108269158441362,0.00636687748402705,-0.0397341709343473,0.0321863060617182,-0.0270672622313791,0.0142396029396168,-0.0131508466370221,0.00650484792045138
0,0.05,0.558352122352122,-0.00755269278750944,0.00635372981388684,0.0537653648647757,0.0244886927147729,-0.00246396194473469,0.0104463710194004,-0.00148266621684255,0.00568744236708745
0,0.05,0.5878727998728,0.00208546980009933,0.00665825176738131,0.0765582002540931,0.0238342428427635,0.0120218863839462,0.00946965130456411,0.00782827908666091,0.00624440690482707
0,0.05,0.621804801804802,-0.00726947218655201,0.00598778983281321,-0.00456323217796963,0.0257981700834794,-0.00744756983177953,0.00859017091665523,-0.005344160099221,0.00599421197828618
0,0.05,0.620317088317088,0.0055626589829109,0.00574106513391913,0.0441088202207233,0.0257946603253092,0.00229034167484737,0.00878891511242754,0.00163004508755878,0.0063565963194827
0,0.05,0.616923892923893,-0.00183123229353103,0.00574247872475157,0.00281091800306468,0.0234362718567017,0.0102644493826148,0.0118757369107936,0.00524471966525364,0.00620590072713126
0,0.05,0.589722205722206,-0.00194183686907422,0.00645935851859985,0.0239620122828526,0.0190523944894431,0.00575511046739725,0.0124827530172444,0.00286724541931368,0.0060968300797738
0,0.05,0.589193797193797,-0.00739468001553128,0.00576888467769147,-0.000118820173510801,0.0299406183121646,0.000167237925250144,0.00990528266447912,0.000101244220008882,0.00621513150142504
0,0.05,0.543771951771952,-0.00403855725895224,0.00584314966725938,-0.000667652359631422,0.0254749976925695,-0.0210544686129595,0.0156791556156944,-0.0087278806258249,0.00592788696953804
0,0.05,0.58773533973534,0.00794645152880181,0.00593894060026023,-0.00603984915187008,0.0278855207881989,0.0131268303231726,0.0111541531715458,0.00716775693651909,0.00623949219885818
0,0.05,0.574590274590275,0.00751246039876632,0.00679577258082885,0.0185218189006895,0.0263851928920574,0.0252895122033974,0.0123407366467615,0.0136913365290162,0.00630668672167966
0,0.05,0.579742251742252,0.00405766029822762,0.00556479743282062,-0.0521897225695543,0.0246335817494767,-0.00379738522647257,0.00913384492743016,-0.00242789549193683,0.00551953842728033
0,0.05,0.562716106716107,-0.00631250271941464,0.00595784177785863,-0.0146536056370955,0.0267125006025884,-0.00802953679702399,0.00986220014832325,-0.0048686931922074,0.00588455273731927
0,0.05,0.616916176916177,0.00573487549451353,0.00552610771353673,-0.00645800942775489,0.0261775177454809,0.00897557295054902,0.0090151124546727,0.00590930285586054,0.00576501400579568
0,0.05,0.60969834969835,-0.00343724982738132,0.00625869142047602,-0.0160290296143359,0.0255436952202122,-0.00595972988315414,0.0126370889284811,-0.003043504122551,0.00642315602035947
0,0.05,0.595195987195987,0.000451628954178199,0.00603321669554472,0.00674887833180813,0.024934775053451,-0.00617396393766146,0.0170297828119584,-0.00222032678419719,0.0056956180776517
0,0.05,0.551786903786904,-0.0058935040279047,0.00567342692543322,-0.0581187094538951,0.0317058345524063,-0.00767515562387249,0.0107748131636471,-0.00440829901230371,0.00620809849286397
0,0.05,0.615987063987064,0.00628135756494419,0.00627805461950919,0.0236220134086072,0.0162068189773558,0.0171367999181762,0.0144962049448222,0.00768281430488428,0.0061240468788645
0,0.05,0.581142665142665,-0.000452045881164981,0.00606036400996955,-0.00193763975009215,0.0229352309091743,0.0033184651674933,0.0126724842489498,0.00158561378092349,0.00607887416001187
0,0.05,0.605379077379077,-0.000558552648061002,0.00636015926490684,0.0181680716315024,0.0366448502964347,-0.00869275262931923,0.010400188494153,-0.00505008812941992,0.00590836022547155
0,0.05,0.600958248958249,-0.00994401416524195,0.00615989084984355,0.0437592217776476,0.0220952161609998,-0.00938237729962853,0.00882415790655037,-0.0062476558627701,0.00556782336362278
0,0.05,0.582945846945847,-0.000289687429433098,0.00673866969178131,0.0114050732886736,0.0296250525725671,0.00177822842259605,0.0152385479261692,0.000765478635491066,0.00647637368146889
0,0.05,0.591122247122247,-0.0217195015195479,0.00629157468666954,-0.00873536163585271,0.0195659936051741,-0.0196575558974016,0.00944746024069766,-0.0134743025318522,0.00627745138822738
0,0.05,0.596699276699277,0.00225109276883758,0.00556834076173869,0.0341377656164326,0.030401005234915,0.00499580704207615,0.00813326177607085,0.00367067726847423,0.0060958122215301
0,0.05,0.570258582258582,0.00761981756006467,0.00614303945575749,0.0568682622308605,0.0306568993020558,0.00340306017590018,0.0100950380904638,0.00203537422064542,0.00594805186477788
0,0.05,0.645692781692782,-0.010597053792784,0.00620596540968447,-0.00992419972792971,0.0231483047088248,-0.0132730329807652,0.00907432639798446,-0.00917753331210863,0.00626666150388241
0,0.05,0.587090015090015,0.00602502940207578,0.00579050884537176,0.000788177844108118,0.0189637356185354,0.0312605247467142,0.0116383904740963,0.0176516330031693,0.00590065942305889
0,0.05,0.623269799269799,0.00368398523674541,0.00550979259935329,0.0281971819130554,0.0297394339222125,0.0125832145498873,0.00955443510715338,0.00839548921469405,0.00620595888600834
0,0.05,0.595543543543544,-0.00191252628810575,0.00592138157673416,0.000401343648072769,0.0233517993887865,0.00280433254570319,0.0206041651963143,0.000843696402134136,0.00630976058883394
0,0.05,0.60384675984676,0.00470834421437466,0.00623288751322403,0.0150798593843382,0.0270938574888743,0.00546708348020167,0.0119814744377489,0.00297330226691737,0.00560802825621196
0,0.05,0.60395781995782,-0.00116718447650213,0.00589608306219744,0.011185240690649,0.0235915037084945,-0.00517193669051869,0.00871053489407993,-0.00333820942500905,0.00580183314758467
0,0.05,0.626330966330966,4.92480701561191e-05,0.00617184559244966,0.0403156117736578,0.01620367231353,0.00690378632249604,0.00957504873212928,0.00416585066978556,0.00584725074367586
0,0.05,0.582651186651187,-0.0038998994901563,0.0061577356254254,-0.0263731600423314,0.0314541105817364,-0.0154953542660129,0.016889433980984,-0.00605983988851345,0.0064044398073739
0,0.05,0.59405841005841,-0.00616486622608637,0.00677705231702664,0.00325185616664669,0.0250298965718814,-0.000373969404734535,0.0179560015073387,-0.000135053827780861,0.00663952487992193
0,0.05,0.535009567009567,-0.00067787388996379,0.00643330626634315,-0.00398916223306346,0.0194735114876019,0.00702760587194173,0.00918703954897438,0.00467087156039588,0.00564297679704688
0,0.05,0.578677934677935,-0.0153346372911058,0.00550850739274323,0.016709948211489,0.0283233814255797,-0.0280770931202194,0.021305852535701,-0.0094798844340125,0.00646162315865994
0,0.05,0.612741780741781,-0.0046477047202508,0.00564587533582188,0.0240624167289636,0.0254461653261472,0.00649325310468959,0.00875190979477941,0.00478953267334564,0.00630381293541048
0,0.05,0.581759861759862,0.00182564029545788,0.00601409421235839,-0.0269944168578193,0.0287091328971927,-0.00121867567596696,0.0104950198290666,-0.000729317836907746,0.00627551529797343
0,0.05,0.621851241851242,0.00398834487550453,0.00670056911118322,0.065579847490264,0.0311335359864947,0.000363536196250624,0.0103372085377364,0.000204906021131151,0.00611685461778938
0,0.05,0.571132459132459,-0.00709970060395388,0.00596580302179276,-0.0167716689270978,0.0224701408629854,-0.0172311557833073,0.00977461840616215,-0.0113142324759212,0.00615262725780889
0,0.05,0.639260967260967,0.00147866795141521,0.00653203424927926,0.000268891959982286,0.0174438056821214,-0.00188316288176051,0.00881305523439089,-0.00128742373106802,0.00615284320851755
0,0.05,0.539898647898648,0.00489744955518481,0.00622519473324136,-0.00920603148720008,0.0200391699599311,0.0124520278999928,0.0154805110780147,0.00511563173601368,0.00621424250460317
0,0.05,0.584719424719425,-0.0110267839497881,0.00649487153594589,0.025996284954527,0.0207469029922656,-0.014283346738346,0.0112086780779695,-0.00794517542074808,0.00569109815709471
0,0.05,0.605483861483861,0.00307469050561379,0.00628126127591995,0.00612755397192155,0.0244136368648277,0.00369851851737933,0.00917503464658938,0.00246585113849147,0.00608460775844373
0,0.05,0.613487173487174,0.00809569019842907,0.00632947737843383,-0.0211335758697014,0.0158373965150775,0.0332824883217323,0.0234937706510091,0.0111365458788658,0.00605611716836826
0,0.05,0.56984852984853,0.00597305163167915,0.00567664667465269,-0.0407574461944991,0.0213061318088812,0.000625678122723118,0.00775815003570647,0.000489403404396823,0.00589721977850296
0,0.05,0.583836511836512,0.0043102403451516,0.00600105249664432,0.0165495913334162,0.0225282790442169,0.010985380487248,0.0111382668012241,0.00597337912498236,0.00578954619709976
0,0.05,0.629653505653506,0.00174324227760634,0.00553019000849734,0.0305056159494741,0.0258899016612857,0.00963483542247388,0.0137900070881983,0.00427842023001389,0.00603582040301946
0,0.05,0.58614229014229,-0.00054276153345076,0.00562741923186801,0.0369055567079977,0.0215392556217994,-0.00175880233351448,0.00964465207018248,-0.00113097618657566,0.00592714138090788
0,0.05,0.637161061161061,-0.00207063627030345,0.00596974088760522,-0.0507138317426421,0.0233669720393508,0.00743681023457914,0.00833599566733747,0.00546839448378635,0.00626637336227718
0,0.05,0.604476484476484,-0.00247432015816398,0.00596607608096447,-0.0114517114977012,0.0196892113226609,-0.000532336899479227,0.0108355505516908,-0.000298665457035274,0.0062414217142461
0,0.05,0.597945465945466,-0.00821583245596548,0.00595100730374805,-0.0355745621890325,0.0279632543651778,0.000694961996116197,0.00913588662523896,0.000472340626736931,0.00598648667999075
0,0.05,0.541943785943786,-0.00510873306896104,0.00540321376946589,-0.0116204365624052,0.024327419559656,-0.00936112802095217,0.0110858869758766,-0.00511611748575214,0.00640010120366015
0,0.05,0.568287952287952,-0.00162384745685332,0.00593825570700809,0.0503758547072065,0.0206336738864017,-0.00581305928709988,0.00800196875286125,-0.00440584317129199,0.00630754513254297
0,0.05,0.545807945807946,-0.00571155046454563,0.00594824394814117,0.0119765245843357,0.0271367946967463,0.00333000434185823,0.0128663800567381,0.00156030840688391,0.00614906895694226
0,0.05,0.582482862482863,0.00505096793770323,0.00612059711142437,0.0463364458595358,0.0275643500429277,0.0081643568691903,0.0109391301779848,0.00457829620855696,0.00584692266065324
0,0.05,0.583784023784024,0.00235471481413191,0.00609093931897843,0.0155257044778233,0.0201663210181552,0.00936657116336174,0.00971399336143916,0.0062948308337699,0.00637417305031147
0,0.05,0.597642153642154,-0.00106417084849341,0.00631792513233836,0.0147405445736284,0.0224998371642794,0.000585769214766849,0.0103498224210351,0.000344281476330605,0.00610730431480755
0,0.05,0.606852354852355,-0.00688459085596044,0.00579483841332864,-0.016776478073179,0.0350792652015235,-0.0177622894215947,0.00972819572986643,-0.0119584711414749,0.00608276011572726
0,0.05,0.602010554010554,-0.00436596824529912,0.00581314664382646,-0.0253072116292787,0.0239596891378854,0.00406856977049192,0.0115625171159908,0.00219180962468203,0.00637586757728907
0,0.05,0.574864606864607,-0.00943198303005178,0.00607476676031214,0.0106516967891426,0.0350172793032471,-0.0171079151210137,0.0108250357946067,-0.0102693846721958,0.00626784806924323
0,0.05,0.613709953709954,-0.00254271516705589,0.00621240712275167,0.0620249403393355,0.0282796749686344,-0.0232881289703288,0.0136412428839387,-0.0114706235567638,0.00610200080835934
0,0.05,0.578985386985387,0.00465131599276744,0.00552154851203625,-0.00874992377036485,0.0216970288597348,0.00688061870453712,0.0130306869486404,0.00315421729369363,0.00597363806371234
0,0.05,0.601632493632494,0.0116969437343777,0.0060937052609406,0.019049116390754,0.0120167259497482,0.0173712914579629,0.0119068516988057,0.00895361928794913,0.0055192356620513
0,0.05,0.578363702363702,-0.00492346846337287,0.00622412680360161,-0.0139189176726616,0.0244438297674777,-0.00204585381952037,0.00882392795225414,-0.00141295874888353,0.00614415821580396
0,0.05,0.587454935454936,-0.00780846887031496,0.00626961914336991,-0.0262616451638378,0.0258490554500922,-0.019178766050175,0.0118412159441758,-0.0101719864564197,0.00617864922167482
0,0.05,0.60768541968542,0.00394497414752596,0.00567911477509649,0.0304887629076946,0.0357809217531571,-0.0146924458040538,0.00967539650546823,-0.00928461031018849,0.00584377489264305
0,0.05,0.624684960684961,0.00765888009339569,0.00680750878385483,-0.0374406561387882,0.0307615078202439,0.0172080068190348,0.0115289208604095,0.00970446527668248,0.00672886944944338
0,0.05,0.605355233355233,0.00201276305068873,0.00591229968083338,0.00109849740444685,0.0279439832445326,0.00219105700177504,0.0112881125768297,0.00125375077539515,0.00610468672716264
0,0.05,0.611053175053175,-0.00488417754521834,0.00578062837318107,0.0208904120315271,0.0482232634154238,-0.00314817087252311,0.00940678518859498,-0.00203386641705414,0.00605554082833291
0,0.05,0.589488373488373,0.00186306385656205,0.00597117786591853,0.0582538757763842,0.0231381798703156,-0.0115528940832544,0.00971740271784962,-0.00758769081486998,0.00614472953428274
0,0.05,0.583211191211191,0.000578520557470262,0.00576194444633881,-0.0147966411235689,0.0203473991071749,-0.0125655761586806,0.0111382833837842,-0.00697448001854966,0.00618270356085843
0,0.05,0.600675156675157,-0.0070694283391997,0.00598975509993793,0.00647513808556429,0.0194843531038191,-0.00391827991042885,0.0113174647177885,-0.00216895316758645,0.00598312788776142
0,0.05,0.587179331179331,-0.00692999682299099,0.00584356410284003,0.00683057213491638,0.0304102466384322,-0.0266149060419827,0.0117260611081218,-0.0152610982287091,0.00555394755907871
0,0.05,0.586741510741511,-0.00305817183677899,0.00585875213119709,-0.0303068457767376,0.0371986329584934,0.00596800998373701,0.0104681662540312,0.00353151621726837,0.00601484547571476
0,0.05,0.609665637665638,0.0113716361932546,0.00632529343700137,0.049021437986676,0.0377894488033316,0.0167043029555591,0.0156144321368371,0.00724790381932644,0.00571749180277164
0,0.05,0.575458919458919,-0.00157289236127328,0.0060132570429049,0.0233646186709937,0.028698880938996,0.00308473525060321,0.0108706139139165,0.00175831260275699,0.00597084563607372
0,0.05,0.588334416334416,-0.00468771315664859,0.00582452656544981,-0.0420281207998508,0.0366205930262068,0.0019700919214273,0.0107634423401446,0.00111453559615305,0.00559395030233962
0,0.05,0.571223647223647,-0.000630657559030738,0.00614691660371196,0.0119228305152839,0.02266284002323,0.0130936412795902,0.0105810934345993,0.00772096134037728,0.0062609685776866
0,0.05,0.588892344892345,0.00802881948258145,0.00581380262075727,0.0614831522787199,0.0187361900889667,0.0182297405816372,0.0108470602458455,0.0106418301226962,0.00616708092325061
0,0.05,0.614781158781159,-0.00890148772752066,0.00581704091706081,-0.026914593440121,0.0215592670389387,-0.012086505611576,0.00909641475461635,-0.00847236414309069,0.0066863742600631
0,0.05,0.59431407031407,0.0112180819079648,0.00615652667561594,0.0228991595346458,0.017456900534701,-0.00232138092269409,0.00928459147781152,-0.00160889737439119,0.00698540439433748
0,0.05,0.578689790689791,0.0103112507796611,0.00646999883461461,0.043098011109794,0.0229128714735456,0.0189402741950584,0.00927097968898927,0.0124125020197471,0.00605269051151357
0,0.05,0.576441108441109,-2.36526926422825e-05,0.00589287128164656,0.007167453667276,0.0237776897298401,-0.00299834719043454,0.0117885340451815,-0.00160000960565205,0.00602903783993283
0,0.05,0.593777513777514,-0.00359087752694169,0.00574800316613334,0.0467105591405965,0.0217988449655275,0.0068938989799263,0.00974362576352465,0.00451225727602513,0.00617615343079353
0,0.05,0.567369327369327,-0.0104392976763533,0.00626771927122619,-0.00349711845853184,0.0186545330944356,-0.0158422983114059,0.0116601851399705,-0.00857999021535502,0.00624317562663767
0,0.05,0.597700893700894,0.00505957219056651,0.00586264371393751,0.0223576324919438,0.021515596732311,0.0077888001102332,0.0111354312625279,0.00418760246139504,0.00650483926554591
0,0.05,0.589906213906214,-0.0011634602886875,0.00595077807887635,-0.0141906843006006,0.0185982902632272,0.00935475033293327,0.0124219422030458,0.00453337927285971,0.0058938928163525
0,0.05,0.588089748089748,-0.0130631457022067,0.00596761015996153,-0.0336086078446659,0.0221807258636937,-0.00951650345986828,0.00859849778938129,-0.0069353094779057,0.00592524997088411
0,0.05,0.548722496722497,0.0133692257708595,0.0068327896142285,0.0110259141209449,0.0117187542817324,0.0275090296937333,0.0201432523085112,0.0101877405850082,0.0062581942111531
0,0.05,0.581173769173769,0.0120325486652227,0.00649123367627971,0.00189542945697133,0.0298219204928889,0.00280973359570701,0.0159826091979753,0.00107723849080879,0.0056658818774283
0,0.05,0.577709257709258,0.00727619060176214,0.0062936434760958,0.0176906840529887,0.0239341885743703,0.0127063342990432,0.0114881788498849,0.00702729522346258,0.00595966593836734
0,0.05,0.615484611484612,-0.000848830370153925,0.00569696335262721,-0.0133127847330809,0.0203213230539728,-0.00533533019990588,0.0103746036614262,-0.00311222943643054,0.00573039011419852
0,0.05,0.587159591159591,0.000119017682933291,0.00602240106246006,-0.0311049739607751,0.0227674239249193,0.000392744285821553,0.010620474163066,0.000214207311509212,0.00613120620790365
0,0.05,0.607079863079863,0.0096223375797132,0.00572539360457337,0.0652792264751797,0.0327428044770414,0.0049583129394607,0.00880751700905471,0.0033138902138525,0.00568594924593562
0,0.05,0.594559362559362,0.000632676522131309,0.00585564903894714,0.0562675458835575,0.0359631808292201,-0.00456436876163128,0.00923847189555693,-0.00300310725874471,0.00588237572043813
0,0.05,0.593061797061797,0.00628329619219777,0.00625021015073579,-0.046147682980088,0.0278547174731966,0.00586914571076208,0.013960938664078,0.00253183858132989,0.00588335980610359
0,0.05,0.556517932517933,0.00176139337979736,0.00638891620951749,-0.0129404440868057,0.0219179279345103,0.0138115141830236,0.0108964493793717,0.00847294992003635,0.00636094004887117
0,0.05,0.583258375258375,-0.00997262365637061,0.00647522736083694,0.0473850304713513,0.0227512726103803,-0.00373663526964774,0.00853316135126204,-0.00265051399417066,0.00596613697691336
0,0.05,0.566096114096114,0.00395836216624843,0.00650439884393788,-0.00104369537598702,0.0233250036668413,0.0133094356921998,0.0150582460716476,0.00561609725211609,0.00637587750986459
0,0.05,0.581315285315285,0.000713508807479437,0.0060756231093265,-0.0242116484708013,0.0233162428876185,0.0111206256347273,0.00896967014354411,0.00766372458208228,0.00604659465571417
0,0.05,0.622870654870655,-0.00267572297623666,0.00534424188120921,0.00566481774835061,0.0285124000981142,-0.000935589238911734,0.00804259026715377,-0.000693574544495896,0.00567295256560741
0,0.05,0.589760761760762,0.00436944398267009,0.00636569860822952,-0.0365114023143843,0.0236041617943384,0.014862871758444,0.011035210330963,0.00867223087608462,0.00661384782953756
0,0.05,0.581090201090201,-0.00364165924332479,0.00575930480466495,7.83742922194493e-05,0.0260413096475531,-0.00464186214946983,0.0125482297673669,-0.00228440005703257,0.00604055023014531
0,0.05,0.61423079023079,-0.00148808367185978,0.00607180157265745,0.014289705351954,0.0202180427661077,-0.00873517538976542,0.00941284043143726,-0.00570744468069321,0.00610183323367862
0,0.05,0.605264477264477,-0.00265579259889688,0.00569819826069421,-0.00929019815940815,0.0302514322273702,-0.013431696662207,0.0102258850130568,-0.00836147067951092,0.00629852796276303
0,0.05,0.591674835674836,-0.0028789093223864,0.00567966315389736,0.00820044319761829,0.041636841127646,-0.00670119759267407,0.0128169759920402,-0.00321402154941356,0.00639763932117956
0,0.05,0.580021036021036,-0.00356769662693216,0.00585956095343163,0.042149284828212,0.0243093033239083,-0.00621168277575105,0.008306764433871,-0.00447433516010886,0.00556964612057291
0,0.05,0.59424075024075,-0.00120479330500144,0.0061630553401342,0.0136331251559258,0.0149482906194385,0.00478715483919056,0.0100104382982609,0.0028299598260778,0.00579898792858828
0,0.05,0.572421632421632,-0.00283896318937159,0.00651989392622655,0.0381888996887343,0.0294037114492174,-0.00145051660466407,0.0107279369874784,-0.000845435927501245,0.00668441866536571
0,0.05,0.59773626973627,-0.00458756750034952,0.00644310922298939,0.0419247277363342,0.0321159337324763,-0.00603432430863189,0.00821324797278682,-0.00453137499998637,0.00611765408216735
0,0.05,0.595135111135111,-0.00790495169501589,0.00622612718292124,-0.0361243813886458,0.0208176638692572,0.00547028690918496,0.0113975623857037,0.00288285808915153,0.00596590805588463
0,0.05,0.590621390621391,-0.0076011788681777,0.00620174794351499,-0.0192606154539196,0.0233681494656416,-0.00455068836577448,0.0118242679662066,-0.00240988115439284,0.00670781796169828
0,0.05,0.582988362988363,-0.00417828590510419,0.00631885102593812,-0.0458854242865798,0.0253593732495452,-0.0106785323950948,0.0105920469192318,-0.00620559438537698,0.00607059731554628
0,0.05,0.617754941754942,-0.00148539088496489,0.00597136006689457,0.0157135375334508,0.0293241267407597,-0.00741373180500379,0.00939506859192155,-0.00489085061744982,0.00621913934581096
0,0.05,0.575412647412647,-0.00115365123463541,0.0060755660175628,0.0166617684438888,0.0233125918369617,-0.000808148794984165,0.0131194992165082,-0.000371595870373252,0.00604145017492084
0,0.05,0.592421752421752,0.00241085710214604,0.00604358776139533,-0.00782092556282934,0.0171724285314425,0.00655982274000659,0.0106938424525333,0.00382687181383706,0.00634810688713719
0,0.05,0.577695565695566,0.00785786761644681,0.00645597494456736,0.00459403150899007,0.0236350804773131,0.0183524238761843,0.0180049617507517,0.00693184600699496,0.00690620673539767
0,0.05,0.604418296418296,0.00364752426643074,0.00598313139444505,-0.0091505394884099,0.0256254813564821,-0.000389788736704704,0.00819159335603197,-0.000292564632783171,0.00604486486285197
0,0.05,0.582843054843055,-0.00463663092080365,0.00586282491889599,-0.0165476371462834,0.0330617420391773,0.00308719204937332,0.00958580315740545,0.00193579857414754,0.006239938675645
0,0.05,0.59197533997534,-0.00355730920151354,0.00582264357172727,-0.0145618003926845,0.0328144449675041,0.00723669517445836,0.0103239495433185,0.00423431428726845,0.00524785878014511
0,0.05,0.610861210861211,0.00518022947498486,0.00661928452150318,0.0135875173295067,0.027969643033638,0.015223764112634,0.00988458179561133,0.00966247807896633,0.00629619167645351
0,0.05,0.578587514587515,0.00104584904706396,0.00593897226694895,0.0225701409326654,0.0241086263898684,-0.00298370178194106,0.0101233777508484,-0.00173289393372256,0.00613193719654803
0,0.05,0.58954012954013,0.00741037866897472,0.00648458595036246,0.00100505340992014,0.0265703912923274,0.0242653073147013,0.0149401437332603,0.0109154781215879,0.00575484184293588
0,0.05,0.650710958710959,0.00884938650428728,0.0058382129727295,0.0370489223419693,0.0307369783689298,0.00243743395505166,0.00849024644193392,0.00166993528792511,0.00590960451616948
0,0.05,0.581039321039321,9.2405196406051e-05,0.005701250527117,8.21655549154611e-05,0.0260532293683726,0.00113296774191732,0.00832029594973629,0.000808915255163464,0.00588947911703114
0,0.05,0.564651720651721,-0.0051333774779595,0.00552658574586092,-0.026720143506507,0.0265879380750064,-0.000544337459728381,0.0109089672602312,-0.000286324668390871,0.00584479728781751
0,0.05,0.606910458910459,0.0167894274196148,0.00610731495077687,0.0614803711921182,0.0285141159913815,0.00613408576823212,0.0105101430501065,0.00362612009387371,0.00621083041483467
0,0.05,0.597939813939814,0.00190360736631865,0.0062224312787336,-0.0534957950766003,0.0212794055797196,0.00158447720738513,0.010466644455632,0.000917366165852451,0.00550375544323452
0,0.05,0.589416457416457,0.00186506348233027,0.00544016172666977,0.0357927517396231,0.0221283703152658,0.0113594861343561,0.0106824042747102,0.00624461948329106,0.00566067447146787
0,0.05,0.609967665967666,-0.00599724724830675,0.00588842767169321,0.0261486428680029,0.0256855958484465,-0.0190270135234412,0.0123276961306863,-0.0100600323049879,0.00592337019708478
0,0.05,0.552270504270504,-0.00391665508738665,0.00562727930106417,-0.0220490473474551,0.0221593241051238,-0.00498580512632812,0.0145050009180468,-0.00208172558646003,0.00615239874303798
0,0.05,0.60208343008343,0.0135759568893455,0.00581483459337749,-0.0134884852645052,0.0250018689438716,0.0102647874854052,0.00901832114672306,0.00690727018938488,0.00591329119155538
0,0.05,0.571249399249399,0.0129686742360683,0.0066726729738529,0.0247467319975689,0.0203963619103099,0.0237057756710799,0.0111943073098272,0.0142255965157415,0.00627241242805458
0,0.05,0.592095568095568,-0.00655354835074753,0.00556175013475931,-0.0333092675799804,0.02310452428767,-0.0137366522375637,0.00915902051066333,-0.00916031792504004,0.00597365159426316
0,0.05,0.600910764910765,0.00519718638687651,0.00577840859299694,0.030284199010851,0.0224840084544285,0.00911041544370178,0.00858181215065008,0.00654239070055004,0.00599847573659774
0,0.05,0.619976287976288,0.00165047216567196,0.00612745403221792,-0.0340376707532598,0.0303629571357519,0.00227913653162201,0.0085959912999002,0.00161260256504207,0.00601877930457134
0,0.05,0.593993705993706,-0.00728395889103965,0.00640797017788582,-0.000315123807047149,0.0216475095364069,-0.00841325352119777,0.00943230575551654,-0.0053271200059961,0.00557559352684125
0,0.05,0.586287514287514,-0.00210858225913169,0.00592749148910648,-0.0518649141396798,0.0273235969390934,-0.00123974440579702,0.011822208629591,-0.000647086982556678,0.0058413399053751
0,0.05,0.599059715059715,-0.000549756147648445,0.00555167774549212,-0.0333763143562839,0.0272243293888957,0.0120872881449325,0.0127962508642693,0.00563640578681097,0.00603011029855044
0,0.05,0.563298251298251,-0.00644950358309529,0.00576726268308217,-0.00958552931403107,0.0318750395053165,-0.000162635159865112,0.0173008390397851,-5.73596610491327e-05,0.00621499074935594
0,0.05,0.595350079350079,0.00369283825944647,0.00577159153694045,-0.0221354610938803,0.0211577320030617,0.00583394247949179,0.0119016155754244,0.0029814517094936,0.0057452604721229
0,0.05,0.56001368001368,-0.00203482564678215,0.00627361112254423,0.0171365721069539,0.0215741924330584,-0.000804644181422469,0.00985140527775417,-0.000475337353456294,0.00602062803804993
0,0.05,0.630695118695119,-0.000669345334627219,0.00559725930780913,0.0134252880694944,0.0204450387951435,0.00372062127279092,0.0101284435542677,0.00217024900217273,0.00567540098911955
0,0.05,0.586264594264594,-0.00519368308052761,0.00671217081975782,0.0031380815237198,0.023230722762239,-0.00523019480986447,0.00912149946898518,-0.00340591635907118,0.00590203603748075
0,0.05,0.608550704550704,0.0171926466488845,0.00625531639856133,-0.00302948965077435,0.0228761592365269,0.0249132950762889,0.0104896003102396,0.0158155304420916,0.00637463507325673
0,0.05,0.621451077451078,-0.000680013011944434,0.00587687941265958,0.0293053835694556,0.0228580421483006,-0.00223141024427436,0.00915275592459861,-0.00150413428397556,0.00650713530083225
0,0.05,0.591719103719104,0.00324685573333062,0.00594466680546433,0.00630271784670045,0.0171657605841034,0.00514305933364366,0.00892685088497958,0.00366184594895123,0.00668324856323257
0,0.05,0.581071505071505,-0.00984690456624289,0.00598655544252167,-0.019021183679018,0.02564006816438,-0.00772675787925261,0.00952020054957575,-0.00483598051865813,0.00601709081271422
0,0.05,0.615734463734464,0.00450888177548238,0.00587008359150727,0.0160010090737394,0.0164525597462676,0.0125463149669039,0.0110073272205905,0.0069785014093119,0.00602234850102129
0,0.05,0.595545859545859,-0.00269076555443388,0.00630842252068158,0.0404818630491697,0.0226762101845635,-0.00635305465088003,0.0133260855651744,-0.00301554033668376,0.00610953499253327
0,0.05,0.582624654624655,-0.00782991320778161,0.00586926779381625,0.0596107646888729,0.0284182729223403,-0.00284627442236333,0.00851921090670921,-0.00191802097346445,0.00547497503576544
0,0.05,0.599071535071535,0.000999203456294567,0.00662591613914164,-0.012562221117532,0.0234995607826832,0.00620720397625922,0.0128238839660617,0.00307052534827727,0.00645632444035483
0,0.05,0.591094851094851,-0.000733051188655298,0.00595093865881117,-0.00531500247660868,0.0256705220830573,-0.00463887192550197,0.00913569892446642,-0.00310722134248332,0.00583771882552735
0,0.05,0.599504435504435,0.000886281106797898,0.00588524260036279,0.0107959041747407,0.0290161908542883,0.00175843952199071,0.0154261865972167,0.00070614200025361,0.0062208547169233
0,0.05,0.607908787908788,0.00655358562200354,0.00615804234482475,0.014545863466521,0.0183016267868915,0.00958785161734344,0.00873716170548088,0.00684437653443422,0.00625439218078778
0,0.05,0.598792186792187,0.00791940094773849,0.0062193357927249,0.0602251128186258,0.0290083120694397,0.0108625060991211,0.00902324475589706,0.00732919024486294,0.00599503832892912
0,0.05,0.629435117435117,-0.00417964473801238,0.00631133093869731,-0.00530450385818075,0.0286717031276858,-0.0053677392860761,0.00976329466459052,-0.00339040908296248,0.00633180919401865
0,0.05,0.603376719376719,-0.00478483851688465,0.00599246652606479,-0.0293002597658011,0.023575432934529,-0.00136694387597545,0.00810478805143997,-0.00101394665220211,0.00593920910526685
0,0.05,0.566969786969787,-0.00357111892754231,0.00602769691322342,0.040003694087324,0.0320055761353172,-0.00380768563741862,0.0120766161989705,-0.00195967737660083,0.00573753978141474
0,0.05,0.586325482325482,-0.000736878375324234,0.00613075237560464,-0.00765590141030767,0.0243058099562935,-0.0007788361781002,0.01146190448588,-0.000400036193140713,0.00596072235385278
0,0.05,0.61829703029703,0.0034388935067148,0.00619485067422861,-0.00930528292206335,0.0263185956273953,0.00250859623933952,0.0074492524442633,0.0020368678227692,0.00627002516521414
0,0.05,0.595422079422079,-0.00109730351948047,0.00617987045237428,-0.0235965436873357,0.0236547437818243,0.00603694784580197,0.00967926067316965,0.00376674103057086,0.00602912608740998
0,0.05,0.577502245502245,-0.00539745531966499,0.00614463018085624,0.0401433142217,0.0273171526740686,-0.00244531246678742,0.00961890782634762,-0.00154838561311507,0.00596432117087219
0,0.05,0.595417339417339,-0.00104918523352456,0.00599243989841392,-0.014498366388918,0.0284925554564787,0.0174983425158317,0.0116710246420822,0.00945165117109291,0.00613741549669938
0,0.05,0.594621222621223,0.00136345307158066,0.00594747348410404,-0.0401865805235679,0.0271879707749468,-0.0069238028776691,0.0131684499723015,-0.00323161300061341,0.00603695654201795
0,0.05,0.577288357288357,-0.00813351460653541,0.00616908416513049,-0.0181830015632015,0.0229307977555679,-0.0048738007312835,0.0130971352192283,-0.0023154471001302,0.00639075621604321
0,0.05,0.583276399276399,0.00631354936128416,0.0061481641371429,0.0180222211372102,0.0363625911200984,0.00349574643246543,0.00834988594875796,0.00250295210591222,0.00621068878385749
0,0.05,0.625505125505125,0.0012721873181365,0.00570126613876378,-0.0289337360945904,0.022590456922923,-0.0024762339154619,0.0086189656406847,-0.00171060944015411,0.00557849991721801
0,0.05,0.59189325989326,-0.00206490952348771,0.00592190750798353,0.0429482012293753,0.030987236138904,-0.00257749776707199,0.0105182973183241,-0.00150477921995279,0.00595466843366571
0,0.05,0.587318387318387,0.0127232511697165,0.00596243359463896,0.0176166626527975,0.0281629196662488,0.0125094114607791,0.008545091665324,0.00906624501845279,0.00561453057671128
0,0.05,0.582562602562603,-0.00382848885784187,0.00600609741977196,0.00286648602659268,0.0227869784580135,-0.0083695337135758,0.00938910070852129,-0.00555799687214509,0.00571347264895519
0,0.05,0.591277035277035,0.00636081146044781,0.00606172255031569,0.0141173659763482,0.0169225614440565,0.000428565169388762,0.0104834747273025,0.000248612137164507,0.00622505206366189
0,0.05,0.593648825648826,0.00352458203729269,0.00556611305333096,0.013401177767309,0.0253301639071505,0.00966756654478644,0.0137191143242405,0.00448427247596942,0.00626559574454596
0,0.05,0.574764718764719,-0.00526808619237764,0.00578945078272616,0.0329507844787234,0.0274239751008803,-0.0108501489168693,0.00908976443029631,-0.00723270064417602,0.00587770069214888
0,0.05,0.613023061023061,-0.00919344264217371,0.00592398400177262,-0.0429533923292172,0.026837868981701,-0.0138470377961276,0.00969166341357464,-0.00857625795235679,0.00608720268903163
0,0.05,0.610616998616999,0.00268123311615791,0.00641962401294144,-0.0680856860411786,0.0257141899632324,0.012704293556334,0.00891938587413955,0.00897394072422327,0.00626785777735212
0,0.05,0.572107652107652,-0.0026397649025728,0.00674136765503271,0.0182712363828886,0.0212216371475886,0.00138319712508723,0.0102546917440172,0.000873352166486228,0.00666100504670926
0,0.05,0.618720522720523,-0.000118205849898648,0.00631494619410242,0.0220238269938693,0.0250469469678147,0.00378416729867841,0.009173293536133,0.00252342217748885,0.00564811906973323
0,0.05,0.552272532272532,-0.00312634688309607,0.00604436593196667,0.0202602728171762,0.0255737178065706,0.00628482859593071,0.00948013439451918,0.00402399733932172,0.00527498731875229
0,0.05,0.586842418842419,0.00341792524329292,0.00594104454208737,-0.0381404268014457,0.0246119880600811,0.0127342351047289,0.0102568718323146,0.00766478231891446,0.00570056798051721
0,0.05,0.552562740562741,-0.00454511952762321,0.00640331025891245,0.0165727792461547,0.0318755577964966,-0.00855955698212675,0.00944395359284139,-0.00551086257005265,0.00604889386618121
0,0.05,0.553366261366261,-0.00402865400574161,0.00602512977962359,-0.0180432800736747,0.0252936843206428,0.0140596676065208,0.0121798628804305,0.00723294776364341,0.00629280854100851
0,0.05,0.592296028296028,-0.000454383531726849,0.00624372243188744,-0.0289037169456205,0.0239458719285251,-0.00155548416923312,0.0101839368328824,-0.000959171741516186,0.00629661434067844
0,0.05,0.597209097209097,-0.0048646366046128,0.00617775557933142,-0.0279098182447927,0.0266716086216068,-0.00370599246804825,0.00827107251467795,-0.00272374253953927,0.00638754933921288
0,0.05,0.623319383319383,-0.00139061261387882,0.00646909878328772,-0.00728400713987896,0.0212199353823426,0.00270544172102265,0.0118809014746253,0.00144187897692185,0.0066847970354494
0,0.05,0.593277281277281,-0.00836448753931154,0.00605374669907878,0.00186707702200235,0.0269116309316049,-0.00619925532272625,0.00973791642815296,-0.00385519369295092,0.00589836642627004
0,0.05,0.606028458028458,0.000921188276299875,0.00608173882180058,-0.0403549422064602,0.0239259781319552,0.00109572471592074,0.00828396088131585,0.000823711655569734,0.00638747722376686
0,0.05,0.588224256224256,0.00448656051993804,0.00577999067527412,-0.0436041907463569,0.0253759677590826,0.0008139390553982,0.0105887511476037,0.000462669230553836,0.00570349197045663
0,0.05,0.61438457038457,0.00823299239317213,0.00596877578641036,0.0476440675102754,0.0240610144701412,0.00728829114773348,0.00749817460572489,0.00628096913584386,0.00661270059887104
0,0.05,0.578824514824515,0.00300386794192847,0.0060691900017494,-0.00975067797303604,0.0167623407333739,0.00765226939007135,0.00937476186844343,0.00500200590646765,0.00590126991287589
0,0.05,0.581013797013797,0.00311692178180927,0.00567595481651771,0.00776227815271194,0.025761167727905,0.021010870275008,0.014487728785229,0.00938233228951191,0.00551392239434026
0,0.05,0.590963882963883,-0.00527665556995138,0.00638842790686634,0.00963600013730312,0.0215523812593098,0.00191655547139281,0.00986787800221553,0.00123164843720447,0.00628874630778309
0,0.05,0.592961320961321,0.00644941794992313,0.00616646088445767,0.0054133412304634,0.0325234978721431,0.0107063931665553,0.0102480864832702,0.00656473860900865,0.00601301897531465
0,0.05,0.617783921783922,0.000596624297893283,0.00566159106241599,0.0015653923993022,0.0249926350358825,0.00400425270990711,0.00961209234458212,0.00250709722992615,0.00616269033295906
0,0.05,0.601657381657382,0.00657475600172421,0.00629409438034472,-0.00338704736497014,0.0349439527921528,0.0232629757556586,0.0120887116812257,0.012430921005424,0.00602384051621897
0,0.05,0.596609528609529,0.00068514931159373,0.00596868916174032,0.0148740733531126,0.0210624302317653,-0.00459657843960562,0.00928739324545053,-0.00293187225792601,0.00582665058622273
0,0.05,0.613843573843574,0.0060949632322265,0.00606822774241276,0.00280577703404497,0.0285908908938412,-7.73520937689049e-05,0.0110000491710865,-4.2951587128203e-05,0.00640033361854877
0,0.05,0.58821666021666,-0.00306639758652817,0.00587276979223973,-0.0144595425307693,0.020785685967282,-0.0013650615122394,0.0108468541520244,-0.000769779473313616,0.00587757612440401
0,0.05,0.561124977124977,-0.0040561653626043,0.00584772224538224,0.0162627921265197,0.0231716856675239,0.00781574260495856,0.0113046981237134,0.00433507510419373,0.00607578043394184
0,0.05,0.571145131145131,-0.000951770804569873,0.00594916983646325,0.0228718123197663,0.0247479959088419,-0.0101564117285975,0.0100699558105504,-0.00599958831680754,0.0061761738747895
0,0.05,0.577129621129621,-0.000991274970060589,0.00664573680739489,0.0121201152010222,0.0215033013013325,-0.00783236192202795,0.00830677390939872,-0.00575547744694637,0.00635593422414093
0,0.05,0.593673485673486,0.005008394912033,0.00660121358781557,0.0308254834270115,0.0295823820083227,0.0147213214438893,0.0103023966405249,0.00901982866793918,0.00612028737849856
0,0.05,0.607426675426675,0.00188716627538437,0.00649600567337967,0.0206710822344989,0.0361156050666991,-0.00128673003937238,0.00880471150293985,-0.000902125899610042,0.00597431663923801
0,0.05,0.576754116754117,0.000297414776209752,0.0060482770337559,0.0247398501928156,0.015388086956266,-0.00583159778377325,0.00958938474861733,-0.00376351411453555,0.0057052354549249
0,0.05,0.595563943563944,-0.002852599501115,0.00587171080395559,-0.00439750470671495,0.0301985387959478,-0.00384900383980161,0.00832214027087404,-0.00286525875795509,0.00612457094521553
0,0.05,0.58595976995977,-0.0171851386448069,0.00577937409878673,-0.0166597363918319,0.0319193755226546,-0.0203495782414991,0.0103269055436343,-0.0127088408971827,0.00551768479184373
0,0.05,0.579674223674224,-0.0060998805911611,0.0060990438446123,-0.022992557633031,0.0313213335518687,-0.00620668855297184,0.010998722782105,-0.00340530462311805,0.0057861628280901
0,0.05,0.628897360897361,0.0118212112980201,0.00650906840357553,0.0376275357138942,0.0300714671731887,0.00540064501710508,0.00945810445200949,0.00360112881332759,0.00639100657923174
0,0.05,0.622132282132282,0.00415826164491774,0.00659818717670967,0.0427240494146898,0.0301859712232278,0.0101352517881638,0.0136574410069732,0.00457290847845311,0.00638055532904996
0,0.05,0.604161124161124,-0.00368850600668632,0.00570905225602807,-0.0265285689006676,0.0171713631515899,-0.0136319922577999,0.0114309770985831,-0.00738548774880976,0.00599873835313031
0,0.05,0.576886332886333,0.00791423693987464,0.00660206473613124,0.0162064929974629,0.0336584472215206,0.0044230402676274,0.0106714708919375,0.00266697927317401,0.00691057879341487
0,0.05,0.610154098154098,0.00496355790483782,0.00621870977476562,0.0142377608485691,0.0235392091286236,0.00856843347873884,0.0108297893883946,0.00499041066397475,0.00611348966298971
0,0.05,0.647345123345123,-0.0104223888248137,0.0063265545212063,0.0184521222694545,0.0341464174906058,-0.0153738311826833,0.0101924807444602,-0.0095038071978219,0.00673196854163465
0,0.05,0.583526155526155,-0.00711588975373971,0.00686690268013674,-0.000233393213337224,0.0281045599234724,-0.0145724335596401,0.0117910805762982,-0.00796800981072855,0.0065545165403788
0,0.05,0.546849570849571,0.00734339229343773,0.00534755847989991,0.0216311068971264,0.0190926661380809,0.00548029582722775,0.0098615909892466,0.00334921045075519,0.0052053273168078
0,0.05,0.596644352644353,0.00165937967296117,0.00578354264858622,-0.0234551877184697,0.0264819304501964,-0.0114638048516132,0.00846176321035914,-0.00808322386723732,0.00582994308998615
0,0.05,0.539329391329391,-0.00390733451214166,0.00535524252373116,-0.0313071268803832,0.022079863415314,-0.00729077812425097,0.00801151047381406,-0.00531165705272631,0.00579956708575803
0,0.05,0.596532596532597,-0.00391526291030274,0.00535331744971377,0.0132224174866692,0.0318510417987507,-0.0104228488903996,0.0116933726091695,-0.00524157495790644,0.00580965353294908
0,0.05,0.614158562158562,-0.00969661102820909,0.00594601572490679,-0.0277019819700912,0.029691682984695,-0.00609889752029021,0.00929433012460222,-0.00397438065469496,0.00594651865401567
0,0.05,0.626193074193074,0.000720734419436631,0.00597057014763422,0.00810180171832186,0.0327080486707956,0.00391953411204424,0.0100021003681508,0.00238431743811392,0.00627664649278656
0,0.05,0.600431712431712,0.0036290981860128,0.00620216991063216,-0.00375942443446213,0.0337859422488719,0.00638178218349605,0.00932615327253774,0.0044265569494798,0.00623390707212419
0,0.05,0.607948675948676,-0.00290666545638251,0.00582792074078308,-0.00628135408831835,0.022296140807969,0.00658745184977542,0.00847755925140575,0.00468507001437555,0.00555112874780878
0,0.05,0.595391083391083,0.0144428199695254,0.00588227774590382,-0.0188762188280916,0.0280467566124925,0.0334923873422367,0.0197307352817487,0.0137518308258947,0.00618037356872171
0,0.05,0.596242676242676,0.00318099997513793,0.00609075245749144,-0.0154904206710664,0.0351426907694022,-0.00335765198788101,0.0103723621503415,-0.00194221062838424,0.00610234309968785
0,0.05,0.607300567300567,0.00212126751937888,0.00590533836825187,0.00465351518543338,0.0198499533818434,-0.00946289669196334,0.0100887830031635,-0.00592315135578964,0.00666328304610376
0,0.05,0.581319341319341,0.00799810091064018,0.00604462586880189,0.0881851647246011,0.0204062716679218,-0.0069835293594506,0.0102294382201933,-0.00434982677824573,0.00610920063992504
0,0.05,0.603497067497067,-0.00840370039266177,0.00554524878418865,-0.0490406558901806,0.0268626439271259,0.00636396838336201,0.0100314794930923,0.00386351062104188,0.00555966173299184
0,0.05,0.607753027753028,0.00421652451725997,0.00573721830859111,0.00136324667698037,0.020948428265278,0.0029994610109794,0.00915319442115497,0.00190743560832205,0.0056427663803615
0,0.05,0.56570956970957,-0.0086542975518008,0.006248627524635,-0.0408220272381506,0.0259772046680042,-0.0138447050772477,0.0107995312947534,-0.00782561289767541,0.00597891803460168
0,0.05,0.600653892653893,-0.00255155136028695,0.00594681206124369,0.0201982752604581,0.0290051586761365,0.0113788041986135,0.0154611228270415,0.00451829859716654,0.00566056512033134
0,0.05,0.576388248388248,-0.00206099236431617,0.00561258660195067,-0.00442563362064685,0.0206266243252515,-0.00680186684457047,0.00855655698571393,-0.00486047068859273,0.00620792452629196
0,0.05,0.596721848721849,-0.00176626100851393,0.00633142288934263,0.0140145669425761,0.0230173381523799,-0.00143299618241244,0.00894461554172417,-0.000983774247833407,0.00617081735153474
0,0.05,0.593995085995086,0.00228403178993402,0.00579011957540625,-0.0229971471941347,0.03715924440341,-0.0038874647274894,0.00945442168077108,-0.00249179873157781,0.00570641696623677
0,0.05,0.595620067620068,0.00792145402508895,0.00638202031174648,0.00348707944676288,0.0294892600353199,0.0207390175499291,0.0109324698851093,0.0124377618366173,0.00603869198552675
0,0.05,0.615841731841732,-0.00215967537507941,0.00624828610007065,-0.0243810744673769,0.0141219378420632,-0.00846620911893014,0.0108638300830222,-0.00491773820755251,0.00631262489875697
0,0.05,0.602663606663607,0.00928654221910187,0.00611644005618259,0.0624998019766558,0.0287300101272792,0.00741693190293255,0.0106669080074022,0.00409151743278677,0.00520783809519916
0,0.05,0.573620877620878,0.00392062138147216,0.0064967266353787,0.0185788883751649,0.0325231946361125,-0.00161043702198394,0.0113388670478285,-0.000873270162460408,0.00646260631483749
0,0.05,0.557204717204717,-0.00501588709816606,0.00632597186297054,-0.0190490522782492,0.0288855488579206,-0.00646468804235894,0.0118661113794678,-0.00326798447228796,0.00605138374618749
0,0.05,0.567246363246363,0.000722091435124206,0.00594692217065256,0.0210503352996336,0.0299167845308634,-0.00847095059661375,0.00853298334367248,-0.005857294107883,0.00581754923726621
0,0.05,0.561217401217401,0.000609935761616019,0.00578230457071732,-0.0112453468119199,0.018838633284985,0.0091461811181182,0.00953291480091032,0.00602115659390375,0.00612367876021172
0,0.05,0.610127962127962,-0.00142616416007551,0.00631814647170213,0.0294203938422404,0.0399429339856035,-0.00111217925546396,0.012334311622197,-0.000561156824350594,0.00639228673395012
0,0.05,0.502545562545562,0.00210981190160164,0.00565307654310513,-0.00836456085145,0.0235980892156613,-0.0068359714515068,0.0147315876556037,-0.00288715487227972,0.00571360410780514
0,0.05,0.562492762492762,0.00276192923139372,0.00631880624128338,-0.0297102940228955,0.0289717799898624,0.015113800042155,0.0127861305538974,0.00747404976903142,0.00592333065237399
0,0.05,0.579407031407031,-0.00314447219991284,0.00554167786772693,-0.0254029047083504,0.0213100106546605,-0.0270621745735033,0.0152646716777858,-0.0122005883934103,0.00604855227588471
0,0.05,0.611825723825724,-0.0112626216102634,0.00566278203297343,-0.0421915090635134,0.0273757962929504,-0.000348873171962968,0.0124880210082318,-0.000161737799369811,0.00533302856035542
0,0.05,0.561855381855382,0.00783083975115129,0.00532167807160264,-0.0403945329857284,0.025033154848805,0.00580208098641444,0.00848068030977556,0.00402864786640662,0.00546844334892302
0,0.05,0.613399957399957,0.00729024742031264,0.00634411721658685,0.0361479962151255,0.0317178473973014,0.00168672209084029,0.0109400823778251,0.000948994886969516,0.00598497362848419
0,0.05,0.573999237999238,0.0073607819155706,0.00648995551113179,0.0580523037108711,0.0271560080739744,0.00884486962079679,0.0110966829132017,0.00489109373046507,0.00595526013186515
0,0.05,0.575313119313119,0.00434763765320271,0.00637598462386699,0.0108768055138725,0.0292481763023312,0.0123471319050303,0.0123604846400581,0.00612331045937396,0.00593563629474012
0,0.05,0.583358131358131,-0.000423616512819077,0.00604037246143383,0.0177527369252335,0.0267169071893124,0.00561651669741931,0.0100787863984978,0.00346013008462742,0.00604513590601284
0,0.05,0.596056448056448,-0.00324298119226582,0.00554933403661563,-0.0330203108540894,0.0279208689584713,-0.0101883378723029,0.0111233624810909,-0.00552878616427889,0.0060326914253763
0,0.05,0.594364482364482,-0.00654423498797453,0.00635810123364119,-3.81008331660351e-05,0.015676625284201,-0.0331103307773676,0.0134875694523247,-0.0170647562010089,0.00617993371670037
0,0.05,0.569753957753958,-0.0118583877060983,0.00575225446120023,-0.0125236264764157,0.0275393720247885,-0.00558496004722384,0.00869293462480645,-0.00364440059902281,0.00545974417507946
0,0.05,0.599414555414555,0.00421891562782122,0.00617105308225639,0.0141308454031886,0.0216979038044171,0.00529590166230017,0.0078992877931416,0.00393568037439916,0.0058005853202097
0,0.05,0.598695262695263,-0.00393662998675312,0.00617957627601047,-0.0336750875317764,0.0317387441267123,0.00627158587520753,0.00997382251812178,0.00386670589166818,0.00595170807166229
0,0.05,0.614686442686443,0.00873614229004087,0.00586834660824522,-0.0183050618424073,0.0261549182243956,0.00896752408479778,0.00972714275362558,0.00581267251184867,0.00631772454573556
0,0.05,0.561421401421401,0.00811851250216395,0.00610058292147621,0.0226314316872802,0.0258009949953487,0.00390245396953346,0.00959644086879038,0.00237785864157812,0.00617676235397833
0,0.05,0.579914067914068,0.00177104520544634,0.00652436975507904,-0.0234410388231345,0.0226392317389993,0.00826260095801648,0.0107859246030779,0.00482089373269134,0.00678012046361662
0,0.05,0.525646497646498,-0.006736898825556,0.00584840652060375,-0.0444293379737941,0.0217986759905068,-0.0221294716657127,0.0158724613397781,-0.0095203258721464,0.00658927167581452
0,0.05,0.619323307323307,0.00955377717030261,0.00638671225609199,0.0497246066493659,0.0350930766874256,0.00491350354579327,0.00879769012155743,0.00348367387159483,0.00620064582178348
0,0.05,0.6165214005214,0.0138334437323719,0.00572913197428941,-0.00195511923499482,0.0296227682897097,0.0105298013305538,0.00901569172118676,0.00648286915272402,0.00534979657840988
0,0.05,0.552599676599677,-0.00246697486460951,0.00607580787319991,0.02267619302441,0.0243013693500074,-0.00830918029349593,0.0118998790435066,-0.00422072570734501,0.00582730410438682
0,0.05,0.545208881208881,0.00170990880126647,0.00614233747927976,0.00233925329606451,0.0371587115746019,-0.00997877449073266,0.0100833607464046,-0.00578808432482131,0.00576639100148681
0,0.05,0.587852315852316,-0.00482122207912335,0.00605634003424542,-0.0291791332469513,0.0164072934649866,-0.00142960921154125,0.00866152974782261,-0.000974176602454707,0.00553122125210592
0,0.05,0.623511803511803,0.0116179804045503,0.00589096643521968,-0.00776145034162289,0.0234158217849341,-0.000405323293996017,0.00965572758946935,-0.000258361590840599,0.00592414815494551
0,0.05,0.628731940731941,0.00116357747576097,0.00670568249136599,-0.0212782853674847,0.0341714414717138,-0.00627514645399281,0.00933268633602986,-0.00433679245369427,0.00664164700230823
0,0.05,0.646650466650467,-0.00581750954947385,0.00583236504947895,-0.00548279520433343,0.0346983177830735,-0.0101068056013417,0.00931642840080326,-0.0066213708749958,0.00562728891935684
0,0.05,0.619936003936004,0.00921976028634313,0.00594665166823743,0.0441642820851395,0.0254619825611354,0.0124292160596043,0.00865822755901045,0.00877711770613728,0.00619583597514087
0,0.05,0.608793800793801,-0.00208076414095154,0.00639692059650057,-0.00073858240813428,0.0222135693541077,0.000119183605028193,0.0116675853345448,6.60314975436034e-05,0.00620403767083145
0,0.05,0.633002601002601,0.00244511613931037,0.00648502782565345,-0.0303709901314631,0.019264643116196,-0.00179907967982736,0.00944337232799166,-0.00117639663784946,0.00627821196054871
0,0.05,0.567224103224103,-0.00150945626225424,0.00651689480782125,-0.0229928689690516,0.0260867740379691,-0.0020225616375007,0.0129502168979059,-0.000957673873912985,0.00587401800758745
0,0.05,0.606017802017802,0.0071103061392755,0.00587983175492704,0.0167665294197857,0.0231665485991809,-0.0123525893540963,0.0155871067555684,-0.00506442470460905,0.00615663625480062
0,0.05,0.596200148200148,-0.0076323402918924,0.00574603776188525,0.0187745746901275,0.0213745780270909,-0.00880687662638021,0.0115389305143065,-0.00463186022328565,0.00576952346296218
0,0.05,0.565789501789502,-0.00431890679674354,0.00569280930051626,-0.0116209684856875,0.0227053143889111,-0.00413113586857471,0.0104254919135006,-0.00245496487578713,0.00556880279497041
0,0.05,0.595708267708268,-0.000762575373724895,0.0063090241106623,-0.000775593837342835,0.0131113775747549,-0.0121735249072572,0.0111563144166615,-0.00709024674148439,0.0064095355609508
0,0.05,0.586159594159594,-0.00171730938300235,0.0067308489415733,-0.0526375481856294,0.0272419851338546,-0.00236837869482614,0.0107148163712889,-0.00140148784756765,0.00656631015574693
0,0.05,0.598071958071958,0.000159032763833255,0.00642909934411164,-0.00128330293714077,0.0228141961770669,-0.0110251852006849,0.0186143162255166,-0.00388200240857114,0.00643876777763221
0,0.05,0.611957723957724,-0.00385570075522765,0.00587625597877049,-0.0412083390305353,0.0210075465322509,0.000351805410062104,0.00988617810227626,0.000221330151014602,0.00623008085057107
0,0.05,0.638765162765163,-0.00230131885385773,0.0059785130263651,0.0310351906657763,0.0257571537834082,-0.0033377168210236,0.00828870516903014,-0.00241897975756597,0.00624703088101188
0,0.05,0.585104493104493,0.0110242111445777,0.00654677627242111,-0.00656820089091518,0.0297581860131779,0.00688874204956517,0.0116813637643569,0.00349529045953162,0.00625326974979768
0,0.05,0.614908502908503,0.00899402921333488,0.00585820068612071,0.0152105695772728,0.0263730743670264,0.0145794073770021,0.00969962002727522,0.00913333545744378,0.00599658109148279
0,0.05,0.595884283884284,0.00162952978244455,0.00593424720670224,0.0409054490453807,0.0179584262565617,0.00281412285417413,0.00807741154118075,0.00216068313740135,0.00616966829853522
0,0.05,0.617136521136521,-0.00403743600217315,0.00604807525381188,0.00292564198911521,0.0258617012940329,0.00737918715393895,0.0100961271306454,0.00469054673163681,0.00659414005995051
0,0.05,0.519534135534136,-0.0125775525770491,0.00657344848403123,-0.0315756096008174,0.0199609800918104,0.00130973656462591,0.0112829446389231,0.000733377100361784,0.00600014478468709
0,0.05,0.587869931869932,-0.00696241756202653,0.00630733115123914,0.0026268351279775,0.0204413312349714,-0.00770086694686232,0.00915601393537476,-0.00514159287687145,0.00566084838750738
0,0.05,0.558801762801763,-0.000620381150051249,0.00708009653903977,-0.0596184241781312,0.0224760739781881,0.003579309026756,0.0117237440943633,0.00190942480661137,0.00589520754215277
0,0.05,0.609965997965998,0.0044265999681585,0.00656954697015454,0.0485467859499981,0.0164873156033515,-0.0101558009646207,0.0159151724217747,-0.00399776457512141,0.00613155442466106
0,0.05,0.586347358347358,0.00457469885655737,0.00567251269724742,-0.00349013090557928,0.0176325453662903,0.000460002823606318,0.0122404011456502,0.000227592983779607,0.00619397894130765
0,0.05,0.613018549018549,0.00312091982043067,0.0057816848526149,0.0222244296046636,0.0143430990401623,0.00584778094179185,0.00892762714345813,0.00402047860904583,0.00603699548484142
0,0.05,0.587192531192531,7.59748795358829e-05,0.00538000349564067,-0.0256375507599428,0.0206363310160498,-0.00911946097953501,0.0112887917777931,-0.00463448592095761,0.00565747080013444
0,0.05,0.589990393990394,0.00531211396440489,0.00575773943711029,0.0060182545685291,0.029331399210302,0.00905923910519352,0.0124397640143553,0.00445045858588519,0.00570959297405114
0,0.05,0.596317076317076,-0.00893439204353409,0.00596266447239264,-0.00570796618549943,0.0247494009733909,-0.0112289986014641,0.00842426142669986,-0.00866776724341977,0.00626824522232301
0,0.05,0.569070245070245,-0.000825083338506343,0.00613572530030633,-0.0144455737083788,0.0288545935496394,0.00742621422047714,0.0122868166644137,0.00371707297130651,0.00651471853362817
0,0.05,0.598540822540823,0.000432774831761259,0.00577185079400835,-0.00237097558726115,0.017627109781324,0.00591936956457682,0.00969532595031961,0.00357185983682705,0.00610666552947295
0,0.05,0.569594345594346,-0.0104530568313986,0.00599195605108603,-0.0603205899615587,0.0293870814805123,-0.00327206987314852,0.0112711864370951,-0.00182126907609618,0.00626398465447072
0,0.05,0.613097125097125,0.00729497216404108,0.0071834997356059,-0.0237703479739729,0.031081842094283,-2.28447784065653e-05,0.00978352414709125,-1.48799982813629e-05,0.00657202091362453
0,0.05,0.5638385998386,-0.00268043662934532,0.00567770857676117,-0.100808566724261,0.0286468455019495,0.00934703790670426,0.0155540506987967,0.00380067369926666,0.00588659933950666
0,0.05,0.608498132498132,0.00650967287622028,0.00575863984174829,-0.000904815675161894,0.0198499297930016,0.00485716291591752,0.00759121822375822,0.00357207777418132,0.00542222398793921
0,0.05,0.623402771402771,-0.00273503318982685,0.00574752111678784,8.69266178692847e-05,0.0268312054936336,-0.00417521978346253,0.007134373330192,-0.00344297744587752,0.00579442109119953
0,0.05,0.617194901194901,-0.000647906463782771,0.00607519395136705,-0.014528547394277,0.0222410673948015,-0.00197199535421682,0.00846566690313212,-0.00139213175160311,0.00591826564263456
0,0.05,0.642289122289122,-0.00305193132198741,0.00599116137649299,-0.0151660433877923,0.0219797046158016,0.00469633143660423,0.0114449503964273,0.00250115293598459,0.00618452516567406
0,0.05,0.625923073923074,0.0012442061488656,0.00500194362057031,-0.0274211601891593,0.0190187741662458,0.00520774863169934,0.0106696251157043,0.00280454588475646,0.00557072190500132
0,0.05,0.591887343887344,-0.000416016088110699,0.00651519521990509,-0.0169345500881346,0.0220071476636659,-0.00505181832363113,0.00983399369383832,-0.00303047392170889,0.00596299260960784
0,0.05,0.575170139170139,-0.0048855345252155,0.00558687764803435,0.0460828586638544,0.0297161193913543,-0.0106015603130226,0.00950408597343818,-0.00627282930310813,0.00560273338708759
0,0.05,0.590151746151746,0.00944116870915771,0.00625667792567253,-0.0162890668673913,0.0298882093809427,0.0153686447465809,0.0093538186040386,0.0104760273278137,0.00633518540505078
0,0.05,0.593534405534406,-0.00540104557847632,0.00630748900627936,-0.103714887659839,0.0236686089433123,0.00965376305504481,0.0104610226168156,0.00580261238552696,0.00630688978906896
0,0.05,0.592037308037308,0.00997562808815005,0.00636623811425516,0.0166990423593788,0.0255627012029438,0.0087234798848363,0.0109203573469071,0.00515717199989169,0.0062725576339729
0,0.05,0.600306276306276,-0.00630293625825994,0.0066334069131617,-0.00338499432008876,0.0222745525677042,0.0063358785047951,0.0106300904431715,0.0037691063619412,0.00637854020763327
0,0.05,0.597641193641194,0.00581388730896185,0.00618165829314141,-0.0062591364512353,0.0195398777992654,0.0032268560779614,0.00906489686115464,0.00222345479849569,0.00601263086279506
0,0.05,0.595757083757084,-0.00625809560439719,0.00614435817117023,-0.0148853254591863,0.0256751540375116,-0.00363953988225807,0.00964647105270274,-0.00229650108738895,0.00616067973218335
0,0.05,0.567680751680752,0.00847031351198324,0.00577893853927126,0.0100891407474724,0.0201121101236398,0.00900984128786764,0.0106072609302871,0.00502100287683883,0.0055115894851536
0,0.05,0.630956910956911,-0.000565632029272193,0.00589853528880244,-0.0321660241253475,0.0196552474221557,-0.00804857526886423,0.0110648654113669,-0.00439587061634754,0.00602247102187961
0,0.05,0.568900228900229,0.00236949309937088,0.00561047190893143,0.0324302173511184,0.0257806203709964,0.0102308362104924,0.00969075955517656,0.00637726498775864,0.00625729391733187
0,0.05,0.610563574563575,-0.00261715464846015,0.00583787669827816,0.0396595073192644,0.0354656391065143,0.00073012620794005,0.00898481570551024,0.000499425636549749,0.00617798571401249
0,0.05,0.555983175983176,-0.00513734219932774,0.00632728003175531,-0.0280589713524806,0.0169709407544106,-1.53579817211316e-05,0.0127299249347228,-7.41823451086987e-06,0.0064270570634733
0,0.05,0.5962193002193,-0.00801669098360061,0.0066243718108681,0.0283771697741014,0.0295163646525184,-0.0272584059576722,0.0162441866646798,-0.0120023262804132,0.00628692344901465
0,0.05,0.589336393336393,0.00456638731774772,0.00587477141798178,0.0222991079852229,0.018851549856602,0.0072113436930762,0.0118547254297046,0.00382547111622423,0.00611433366110128
0,0.05,0.589567741567741,-0.00129177244584022,0.00656476993231792,-0.0173760302926266,0.0190542216732753,-0.00592802487684347,0.0108700142518898,-0.0032921830349514,0.00625448863983161
0,0.05,0.596668712668713,0.0050422310067619,0.00586255856732232,0.0531086671571439,0.0265950230536791,0.00827642247806307,0.00871141261782736,0.00589091830372968,0.00644472596241274
0,0.05,0.62604737004737,-0.00780914747526679,0.0054359399957465,0.00625255467901556,0.0215563659331168,0.00319731509001636,0.00846045860896225,0.00223587935639493,0.00573700377573795
0,0.05,0.603371235371235,-0.0043234983387908,0.00625569032090051,0.0446389519104549,0.0247839333664347,-0.00371119460724571,0.0104160850583367,-0.0021589740395685,0.00620493746785231
0,0.05,0.622659202659203,-0.005108110410846,0.00653893616405222,0.0191446401102248,0.0233233656375946,-0.0234973198335469,0.0135872311684687,-0.0122929899010532,0.00635185142129468
0,0.05,0.589803553803554,-0.00486197824348675,0.00638982409634,0.0308692401070604,0.0227180043034701,-0.00102581875164348,0.00980526579185407,-0.000683468194958429,0.00659162038572507
0,0.05,0.597448377448377,0.00243655631066484,0.00647678279245192,0.0276806011868091,0.0149074698480796,-0.000748788353012341,0.0116025622375712,-0.000396869623679121,0.00607510236697928
0,0.05,0.588744276744277,-0.00347836857119023,0.00605549530206323,0.0042854739693427,0.0228424113927464,0.00348236923208375,0.00839705360918083,0.00246519029504451,0.00556280181967673
0,0.05,0.619354735354735,-0.0150422594129151,0.00640690935955677,-0.0780287806342487,0.0163081440655812,-0.0289810597400297,0.0142395835197223,-0.0138297769553609,0.00602870477444489
0,0.05,0.578667626667627,-0.00200792702470039,0.00580515699586099,0.00235366535869775,0.0217886962142736,0.0128187778462873,0.0104644982482659,0.00762821447962588,0.00597066520688882
0,0.05,0.594975018975019,-0.00191089009192727,0.0066088171052844,-0.00674676381645161,0.0276797677352468,-0.0122965271582896,0.0089000181348806,-0.00812883669493507,0.00560740472185726
0,0.05,0.587147027147027,-0.00194875139833612,0.00553453641976236,0.0262559691218262,0.0167556300207708,-0.00288316755813458,0.010023477589867,-0.00165965142060183,0.00563413017427125
0,0.05,0.59751756951757,0.0104774232786181,0.00626736862474271,-0.0257947114427309,0.0291253870582542,0.0280336848841317,0.014174368122321,0.0143679145458417,0.00599535188831305
0,0.05,0.537353121353121,-0.00499168144906821,0.00647795326922029,-0.0300546493287483,0.0298432060138489,-0.0155150183100884,0.00905691161087772,-0.0110346951942192,0.00659244396571166
0,0.05,0.606372546372546,-0.00773220706890634,0.00667661876173396,-0.00124137451297306,0.0358220636365835,-0.00750981140748126,0.00929565046870355,-0.00476981011197359,0.00652074092646612
0,0.05,0.588174456174456,0.00605853531998973,0.0068269249975634,-0.0395226031498837,0.0178179512674482,0.0111638270529021,0.0107150968881644,0.00645769856448329,0.00619615257988775
0,0.05,0.591705123705124,0.0035734654662161,0.00578586088334643,-0.00831688980760457,0.0239811159387432,0.0125565618003145,0.0137393591587922,0.00577293345234232,0.00602507260372407
0,0.05,0.585807381807382,0.000464025020882493,0.0052890239278567,0.0261105506507295,0.0227837934633362,-0.0145946868259204,0.0119911916520015,-0.00778556663537108,0.0057989702178741
0,0.05,0.568080172080172,0.00396171519559264,0.0060340129241949,-0.0221021384788761,0.0308113393801326,0.00999003585865871,0.0116328228596167,0.00556010587385033,0.00641569782258072
0,0.05,0.58775981975982,-0.00407823368507183,0.00644689299502028,-0.0100027261564403,0.0257931495261871,-0.0149638329029175,0.0108254466552407,-0.0089953173938691,0.00676012524791628
0,0.05,0.597016809016809,0.00324382231330681,0.00625633240537302,-0.0143871075535475,0.024607177357156,0.0103797202305884,0.010399000932897,0.00615673515036529,0.00565582801948672
0,0.05,0.57633942033942,0.000158197394733837,0.00617649737305851,-0.0390845315126821,0.0269634377055618,-0.0148356171518845,0.0112457363776172,-0.00839856184965031,0.0060644703404274
0,0.05,0.564265992265992,-0.00227356593908383,0.00621355351283415,-0.0106812096964555,0.0292243614086282,-0.000280529852419608,0.0134819669472912,-0.000128716654575702,0.00604463942157837
0,0.05,0.607649923649924,-0.00271324300363374,0.00623165498846514,-0.00261219804485647,0.0224884119242028,-0.00249620011503084,0.00845738196867708,-0.00175177898048016,0.0060721882702136
0,0.05,0.616575496575497,-0.0020678303909949,0.00616285550994918,0.0403762114467305,0.0172391645053953,-0.00783096877224735,0.00926851315884068,-0.0049445268357473,0.00566752226124276
0,0.05,0.601053001053001,-0.00351284898000395,0.00600841764048946,0.0153640688640526,0.0272210027389334,0.00288736539251476,0.00815401322731937,0.00222314075113653,0.00616413432402317
0,0.05,0.601367341367341,-0.00117142185578713,0.00573286896193417,-0.0296280707941355,0.0247347464479864,-0.00293868165476613,0.00933252558309544,-0.00187442718652961,0.0061535463308608
0,0.05,0.626032514032514,0.00136017405957413,0.00594645332650586,-0.00653924822753258,0.02050029543011,-0.00266529345076111,0.00923199136017611,-0.00175392805041869,0.00608639641770407
0,0.05,0.58160582960583,-0.00283789187320474,0.00620838547479314,0.0284548066555373,0.0209459919705324,-0.00584800097169602,0.00936143398493392,-0.00369074689175316,0.00589320520813015
0,0.05,0.588530772530773,0.000660484201895081,0.00610948912079932,0.0529301098875249,0.0369837685574721,-0.00484765148805253,0.0110381607000006,-0.00276660320489483,0.00674891040498828
0,0.05,0.582050682050682,0.0208450562279065,0.00584831614027882,0.04560953047623,0.0246682298214441,-0.00370198508464737,0.0110318464342664,-0.00203851483885757,0.0058803328809343
0,0.05,0.599822627822628,0.00500683981468032,0.00572898286552632,-0.0140777959455884,0.0245396062753236,0.0187315440611928,0.0111639395962419,0.0106582663552503,0.00595085020640773
0,0.05,0.585862065862066,-0.00271543300337703,0.00578318211637979,0.0105697007665654,0.0244435314737224,-0.00732371685510524,0.00732794629882975,-0.00602918877528931,0.00555916624599622
0,0.05,0.581831777831778,-0.00403809564158642,0.00573866687485266,0.00454396570239242,0.022713500425903,0.0135762661595446,0.0093319615869458,0.00906107026638817,0.0060605312093046
0,0.05,0.607726027726028,-0.00157758987334813,0.00584973197348509,-0.0415378056153685,0.0321571788154078,-0.008212438869266,0.0105029049791859,-0.00472178708850218,0.00599712713881811
0,0.05,0.596674868674869,0.00921277907754449,0.00604589215025103,-0.00671913248533485,0.0303392170443176,0.00790816672519729,0.0110764059811254,0.00458906013583299,0.00623230913362014
0,0.05,0.612193308193308,-0.0101420378263338,0.00607541000120951,-0.028638640274386,0.0285826831358446,-0.0147120779918127,0.0111314871567685,-0.00831224891440282,0.00562401997745875
0,0.05,0.597083769083769,0.0075213967749305,0.00600448647968627,-0.0463166130011082,0.0176010450175811,0.00325888949981797,0.00857567703068107,0.0022565605578924,0.00616875573513355
0,0.05,0.619720591720592,-0.00665103865945971,0.006349709787888,-0.00549653044330287,0.0279748131333761,-0.0190638411995885,0.0100772786497683,-0.0118801690281059,0.00603032636156998
0,0.05,0.603658731658732,0.000530928312107579,0.00643426890826044,-0.00367560840916218,0.02105305061443,-0.00622818062283731,0.00939241428878329,-0.00419822176831205,0.00666382807174252
0,0.05,0.613071529071529,0.00120989627415918,0.0060049651179299,0.0378240881664606,0.0294821638279365,-0.00134969544898416,0.00912224920290707,-0.000887093072368394,0.00630736572995376
0,0.05,0.56576986976987,-0.00686820721853039,0.00617229954751337,-0.0237567163716256,0.0216738894279787,-0.0157977832865069,0.00918149217526947,-0.0108015601852395,0.00600609736610189
0,0.05,0.59840005040005,-0.00365659730419255,0.00637685831611542,0.0183263394650741,0.0195832485059637,-0.0143557237757717,0.0127257620374484,-0.00724217856679681,0.00626648331869366
0,0.05,0.591987063987064,0.00376181978550939,0.00653386831950008,0.00397437184795014,0.0318293561954563,0.00362059078934367,0.00890728619770829,0.00251055521317058,0.00631502526638769
0,0.05,0.604512508512508,-0.00059651596790217,0.00652782287087106,0.00095966579353225,0.02450407504393,0.0179534075130163,0.0118089982288706,0.00995307361962315,0.00624699663017245
0,0.05,0.550510582510582,0.0174333968089114,0.00584028239276842,0.0437451504970014,0.0303043786126393,0.00226913480002102,0.011571614885047,0.00117531414544631,0.00595776056740559
0,0.05,0.615395343395343,0.00177401471464635,0.00574653208882705,0.0252551655851982,0.0222428791262318,0.00876354000690907,0.00949384969647978,0.00556736114315822,0.00581016002913608
0,0.05,0.621568101568102,-0.00658961486948769,0.00694407332493495,0.00383841597332593,0.0233860492589354,-0.0149530359182953,0.010274503519779,-0.00884260615347201,0.00649997223434221
0,0.05,0.60582578982579,-0.0100483113613002,0.006547717311211,-0.0354405298962516,0.0173170783508292,-0.00647567677119062,0.0104402133352771,-0.00383240629560269,0.00597124287336247
0,0.05,0.60588404988405,0.00232746616115267,0.00611693766239911,0.0152462388639871,0.0256004164921962,0.015632234220963,0.0110413812077683,0.00841531427276688,0.00577822849733208
0,0.05,0.565458709458709,-0.0124636979169647,0.0062255436249299,-0.036272948841775,0.0234644225913461,-0.0220953056974003,0.0116402369113883,-0.0127940587710883,0.00610365215873505
0,0.05,0.603460119460119,0.015710519672055,0.00613156115500505,0.014433142464711,0.0176745908150036,0.0307050687145461,0.0130122884745924,0.0157318108149314,0.00594619191729907
0,0.05,0.580358356358356,0.000807973425362514,0.00643226337217609,-0.0189153078971768,0.0155742874764432,0.00774797244678747,0.0105821802770717,0.00441815365718187,0.00598590806466524
0,0.05,0.592163152163152,-0.00389075106412577,0.00609340161683353,-0.0470838810163637,0.0256002927490348,-0.00925425305274649,0.0104925348756647,-0.00538517419330969,0.00616676832676077
0,0.05,0.616104604104604,-0.00214481345610687,0.00594234101114355,-0.00084340041951545,0.0165154987249156,-0.00839057682240254,0.00795505988943135,-0.00656140236717331,0.00610337886824934
0,0.05,0.604829656829657,0.00628359520008204,0.00608508564793992,0.0115485417098043,0.020834894873849,0.00908207025778671,0.0117224152506472,0.0047748265997452,0.00627915296247065
0,0.05,0.621599913599914,0.00122452759574108,0.00622212251937296,0.0106413041723514,0.0288752295399866,-0.00300713465650852,0.00847009853166227,-0.00205460528301919,0.00574064384883903
0,0.05,0.593553653553654,-0.00352075062546799,0.00572341156148004,-0.0346579800235696,0.0259132045311921,-0.0128822461162881,0.0108975406737761,-0.00713516150833722,0.00466099871068811
0,0.05,0.576318276318276,0.00302752703887551,0.00652325037974394,0.0379375238008235,0.0199830291404082,-0.00553563364727502,0.0107800844283699,-0.0031459657365522,0.00588329024352648
0,0.05,0.587352875352875,-0.00104027281434777,0.00584062779935941,0.0286062904779485,0.0256194238796939,-0.0134795248604392,0.0120082691175992,-0.006821886618375,0.00578051837042759
0,0.05,0.58441166041166,0.00409962626045621,0.00586556807039112,-0.0174197512455162,0.0230606534329938,0.0119280050080973,0.0113732034274828,0.00663415256196205,0.00614528269209735
0,0.05,0.618212874212874,0.00154187821874895,0.00604150930216336,-0.021366683866343,0.0325064810638034,0.00349689267161321,0.00882394910765074,0.00249161463023652,0.00617349705334071
0,0.05,0.57583481983482,-0.00932295784675588,0.00585207064991093,-0.0395350145545575,0.0252160437362983,-0.0112847830876193,0.0101486072720838,-0.00680972520307031,0.00558392540061914
0,0.05,0.587154299154299,-0.0054465553237422,0.00573096397198118,0.0339536144894156,0.0294665322527466,-0.00537738770778112,0.0091839337061022,-0.00358456806850671,0.00590358718085794
0,0.05,0.58842624042624,0.00927265181874357,0.00615806361874148,-0.0308807893976383,0.0379816807186036,0.00936311532773233,0.00991181103966338,0.0056331305369713,0.00614438775466021
0,0.05,0.620675816675817,-0.00715537200699976,0.00645838749512725,-0.0128385342716553,0.0309189552507013,-0.00812874761077888,0.00961479252089828,-0.00533914877150551,0.0064286375094943
0,0.05,0.582052518052518,0.0110911030816085,0.00566805409164534,0.0219875220699918,0.0247487569400713,0.0179991323798912,0.0103172163272846,0.0113256537824538,0.00583425737369573
0,0.05,0.590771630771631,-0.00327853299845793,0.00595485074404341,0.00994266545153964,0.0188118301844809,0.0101117247885003,0.00817286137931877,0.00737876961509797,0.0061328284590577
0,0.05,0.598604794604795,0.0051939786757555,0.00573160487662389,-0.0104993998800013,0.0202466753397528,0.00518313566592368,0.0103063670882882,0.0030323094281515,0.00600485916400076
0,0.05,0.579264399264399,0.0104363858190966,0.00558556436809152,-0.00923848019408771,0.0212895918554377,-0.00373361482245221,0.0105847679272316,-0.0021317330588103,0.00577618511367541
0,0.05,0.620371076371076,-0.00367672740774681,0.0062141833867657,-0.00718316375667253,0.0268443195389498,0.0103552791750327,0.0137989224750117,0.00479450122569477,0.00688338640951693
0,0.05,0.589830577830578,0.00371211382304795,0.00627617360182824,0.0281770330398024,0.0232339240986311,-0.00831493735426111,0.0108970587353575,-0.00474261511102596,0.00626085346564774
0,0.05,0.596317088317088,0.00243587392607587,0.00596707849196449,0.00380883014914887,0.0258263192875207,0.00222340006634601,0.00922506682856116,0.00150258080304166,0.00586769788905785
0,0.05,0.614531690531691,-0.00385449739998329,0.0054854318651339,-0.0293338642016666,0.0226522875818823,-0.00886258809900419,0.0111265213171713,-0.00492422726017328,0.00633056597365726
0,0.05,0.605665805665806,-0.000969092263161651,0.00570664701856992,0.00154033091498957,0.0228694537265142,0.0022560613873584,0.00863788621809927,0.00162061790878214,0.00607563607075866
0,0.05,0.56800936000936,-0.00505839346037643,0.00677971656774403,-0.0659839585615309,0.0264280763993936,-0.0278371798434381,0.0179870132734125,-0.0109025247116744,0.00663277464763307
0,0.05,0.617653193653194,0.00429541329341611,0.00641975850865293,0.00745666300646623,0.0289931323189908,0.00845435029299418,0.00939881923356159,0.00576978461238053,0.0065195366515463
0,0.05,0.584037728037728,0.00858480946091344,0.00612075239712548,-0.0233328728033276,0.0238486558646801,0.0183784575631438,0.00822401069866345,0.013266998452775,0.00578297112856749
0,0.05,0.597201909201909,0.0090981466143885,0.00640764040031832,0.0540377095537744,0.0226905233307084,0.000842393667052263,0.0100567715990347,0.000529985852411228,0.00621952401785513
0,0.05,0.624198288198288,-0.00493459370336861,0.00580084803776329,-0.00942121183404185,0.0235280933206407,-0.0110574039876734,0.0141382095948261,-0.00497453670800187,0.00638997734706208
0,0.05,0.582632250632251,0.00049832441203152,0.00584059983828498,0.018475165710453,0.0239404925764878,-0.00103564238308185,0.0102319550213705,-0.00058425129444545,0.00602119623886732
0,0.05,0.552278388278388,-0.00619973394937107,0.0059125847732981,-0.0639767123481797,0.030637507883414,-0.00496362497668826,0.00985917928822096,-0.00299682239757128,0.00568497380544491
0,0.05,0.570260766260766,0.00170858058697344,0.00552299088603616,-0.0377710488097176,0.023101350536129,0.000458839837077491,0.0102041570420274,0.000272292121161212,0.00611687351430663
0,0.05,0.586712842712843,0.000811427262435098,0.00578293135183934,0.0165006838596898,0.00924755767591726,0.00702814977638669,0.00913336661891547,0.0045584092808418,0.00599267794794519
0,0.05,0.595292875292875,-0.00280372185578738,0.00578106352686489,-0.0251559992821284,0.028534377719189,-0.00519201191953509,0.0168961115931227,-0.00189992843132664,0.00573005052310372
0,0.05,0.615562623562623,-0.00263775186255273,0.00596472538532093,-0.020299174550631,0.0275532553310228,0.0012879615392784,0.01175223635152,0.000714088754158688,0.00616988089255636
0,0.05,0.583448131448131,0.000474588064617217,0.00607133383945402,-0.0649596342702999,0.023606868895697,0.0197323991304711,0.010312440301208,0.0120037046046046,0.00547340853172872
0,0.05,0.562843666843667,0.00285636316674975,0.00603237770879636,0.028558254599301,0.0237095542178823,0.00132680890613417,0.0127604608185979,0.000639091304876943,0.00620876468194828
0,0.05,0.622590178590179,0.000943462442232958,0.00617916772130756,-0.0150491264472917,0.0356976535275272,-0.00301600675513517,0.0113693367594959,-0.00161438181545938,0.00587813770172604
0,0.05,0.585068817068817,-0.00219487405568068,0.00605102816739085,-0.0083932871520692,0.0360944195220188,0.00290774011336062,0.011917079728978,0.00145508893238048,0.00556843955819416
0,0.05,0.575938907938908,-0.00234044123065782,0.00665649628261748,0.0124579179764565,0.025140457616217,0.00695514387179173,0.00977165194174469,0.00449115651675895,0.00636021483245945
0,0.05,0.58236489036489,0.000564190200286942,0.00514441436434788,0.00640674619716971,0.0293360688520334,-0.000281338067497386,0.0109802267669273,-0.000150516575447142,0.00530282465992443
0,0.05,0.606997290997291,-0.000979256227858285,0.00561556955092306,0.000664866595198496,0.0278260246821171,-0.0290100356256831,0.0134468840760942,-0.0142170197102835,0.00582001339424229
0,0.05,0.615768867768868,-0.00766440888779054,0.00595921350384821,0.00124610862559161,0.0168310359968421,-0.0133681087333128,0.00920393487140781,-0.00868779930788896,0.00599919661006746
0,0.05,0.551326535326535,-0.0110872646547032,0.00607354541988283,0.0150277237261179,0.0305715467469054,-0.0145674544598663,0.012133570254247,-0.00765010108473067,0.00573556858646206
0,0.05,0.565883845883846,-0.00847264877179352,0.00608539112749873,0.0139498846697261,0.0182248773759604,0.00381003454929382,0.0137398596361139,0.00172245511370191,0.00622857425206879
0,0.05,0.58818924018924,-0.000244329735854556,0.00588438207448516,-0.00824511391264302,0.0323219086740944,-0.00348880230434383,0.00804455014709649,-0.00253725879180539,0.00616119649040812
0,0.05,0.609178581178581,0.00438025457191744,0.0054549895563918,-0.0201049919934374,0.0271942287361449,0.00302640399283449,0.0107872750605145,0.00174877198080268,0.00545165733102738
0,0.05,0.609393177393177,0.00117448802007131,0.00614621248848527,-0.0115464574688145,0.0262606215059257,0.00641452197981819,0.0112067953741425,0.00359647789237724,0.00641336561447701
0,0.05,0.60418264018264,-0.0020816356044262,0.00657201799127857,0.0274320599012578,0.0227526209575648,0.00514023695133404,0.0097871002707795,0.00320695963837735,0.00618944982454003
0,0.05,0.641798633798634,0.0105953105425421,0.00577609849575563,0.001781837396615,0.030583100473285,0.000629926039146359,0.00908161368855073,0.000433659527798725,0.00611955063121023
0,0.05,0.602674286674287,0.00164193905842416,0.00605948442616343,-0.0302567052859905,0.0344004017129703,0.00741069943893873,0.0105367192813624,0.00424741380667422,0.00624302028893382
0,0.05,0.583500811500811,-0.00450943663351167,0.00625781765224792,-0.0301011182525206,0.0193746698385759,-0.00336159017398032,0.008703404692966,-0.00245255313067472,0.00632194884335605
0,0.05,0.574168786168786,-0.00373404081482386,0.00648057260979239,-0.0017770633136818,0.0204087395489539,0.0180976111614403,0.0121705901031621,0.00975058486393002,0.00601142351692508
0,0.05,0.609258933258933,0.00458391986762424,0.00587890968352041,-0.0197172716642721,0.0192290855456166,0.000473162973602819,0.0083629046150697,0.000349468663476002,0.00635275035217551
0,0.05,0.60391335991336,0.00421797884745072,0.00700176732181418,0.057232732524549,0.0212704371795592,0.00546763756006503,0.0102235616080497,0.00326439389115368,0.00591827848291662
0,0.05,0.595067251067251,0.00335451713457157,0.00663012201107983,-0.0286837476529047,0.0286899102387536,0.00257919135153615,0.0111333866477876,0.00141881181397467,0.00581796389372819
0,0.05,0.630236286236286,0.0046544906552701,0.00580391984762527,-0.00412894566307036,0.0244434792679158,0.00227728335723977,0.00891389676658667,0.00152617220320547,0.00606067128382907
0,0.05,0.586994266994267,-0.00573535011980006,0.00603924011145731,0.00262073885453961,0.0299631441842152,-0.00876912401486528,0.0111396609421375,-0.00480620831461245,0.00579957566235538
0,0.05,0.605801513801514,-0.00566291601784356,0.00611194391071386,0.0253348057973801,0.0375537183698542,0.00156267539225678,0.0114234168894306,0.000853783131169359,0.00593096813259238
0,0.05,0.597632625632626,0.0013614490083836,0.00631966498214932,0.00320652660393167,0.0203458253193648,0.00293054231544546,0.0098689964153198,0.00187614561261146,0.00650908606102183
0,0.05,0.586096618096618,0.0116150105505964,0.00612441950480873,0.0335439624529868,0.0134508328179851,0.0269336752189001,0.0108647672692355,0.0160523712666888,0.00594581422981447
0,0.05,0.629975933975934,-0.00376857786554161,0.00596907502597849,0.00880660035389508,0.0246487237867301,-0.00910185430521516,0.0117100130450468,-0.00484932876575935,0.00624710564235407
0,0.05,0.635896211896212,0.001663159424272,0.00594205202421036,0.0238180414634448,0.0290581483093191,-0.00137168829016975,0.0105398609350348,-0.000773888286366155,0.00564367316099353
0,0.05,0.594367902367902,0.00191840546119614,0.00584866382916622,0.0403046739222002,0.0287023127773179,0.00355361848977945,0.0103506755980618,0.002106044498838,0.00653850046009031
0,0.05,0.59587831987832,0.00680277781791369,0.00592579679927573,-0.00718094185846044,0.0267639339329089,0.0149925204156472,0.0121695573986491,0.00771612541804848,0.00614475945783339
0,0.05,0.588699828699829,0.00700191276181045,0.00614789156623639,-0.0462285765027771,0.0276867058251093,0.00750884418821795,0.00934027647084795,0.00492092122608544,0.00585227858807602
0,0.05,0.592037464037464,-0.00507116881979779,0.00573983532525447,0.00302651463430642,0.0284942344802408,0.00572414338847343,0.0114125431286043,0.00305453069904104,0.00615708192168492
0,0.05,0.561342105342105,0.00323492268920833,0.00646083810253213,0.0178881276763985,0.0318321000692649,0.0145029749791382,0.00966193349161349,0.0097286219558937,0.00633370855477024
0,0.05,0.585250293250293,0.00541228844182385,0.00669373074230681,-0.00463364448704689,0.0268989916627906,-0.00210828474426098,0.0107625536619959,-0.00123675366932232,0.0064522110515091
0,0.05,0.617704061704062,-0.013214317857435,0.0060714645859947,-0.0367026470358664,0.0334146843924494,-0.0192741753108922,0.0147885621402457,-0.00875169733269279,0.00617588766300166
0,0.05,0.559499347499347,-0.000955547766470566,0.00592487595647699,-0.0809531308923418,0.0312376282249935,0.0148503185558865,0.0108023460855896,0.00853137144036057,0.00585569179957671
0,0.05,0.574380994380994,0.00107558105569033,0.00633969011539027,0.0152367931982606,0.0173914404489497,0.000830388314980739,0.011467992725364,0.000456761086153205,0.00643613923760727
0,0.05,0.607487767487767,0.00254123190992298,0.00614807596125712,-0.0161384781593617,0.0230395815709992,0.00254930341799919,0.00981390393777552,0.00157715386508381,0.00626358931515623
0,0.05,0.603172251172251,0.00526787716624248,0.00591689146748229,-7.32675002198944e-05,0.0313060765725136,-0.00499835502276011,0.0139398256267345,-0.00229312831516115,0.00591311317543178
0,0.05,0.613925473925474,-0.00608632333954462,0.00548450398704908,0.00280729074387998,0.0282408125118329,-0.013945953656219,0.0112295842125632,-0.00738255915356039,0.00580144756001055
0,0.05,0.562213654213654,-0.0118592659347586,0.00578556241041737,-0.0311466213430704,0.0198715336455524,-0.0114267224795811,0.00907702948258772,-0.00758686632520757,0.00651636685499833
0,0.05,0.637437085437085,0.00276876042450064,0.00598668020438194,-0.0290237644078706,0.0171539788111839,0.00313408666027673,0.0081134605818831,0.0022587459992437,0.00608863156907693
0,0.05,0.598776598776599,0.00139162854789288,0.00671075716212561,0.0377981803051215,0.0225320688136782,0.00565247075207694,0.0110932144678916,0.00312626230245702,0.00583020264197795
0,0.05,0.530401622401622,-0.00876252172606042,0.0060645680316059,0.00879616245442883,0.0149403268132256,0.0068426797952643,0.0277466827892665,0.0015699241670088,0.00589744218946967
0,0.05,0.563540051540051,-0.00377923992270722,0.00607364949001011,-0.0326804972855472,0.0230825135874374,0.00189994591114315,0.00790391204064231,0.00143734525634029,0.00562133042809709
0,0.05,0.58561326961327,0.00682395187827113,0.00612429539933861,0.0298961688130332,0.0286111914085376,0.0158354623554778,0.012183448204603,0.00800115368565277,0.00638776164941565
0,0.05,0.601490077490078,0.00412080030172055,0.0058391137430379,0.0100465285131224,0.0200225968350863,0.0140843984923521,0.0117780863588706,0.00784517897457383,0.00626452513315315
0,0.05,0.580893904893905,0.0167883249490558,0.00609846109022437,-0.0161278302760817,0.0339835703564502,0.0156798667592025,0.0096488747189209,0.0100442651040974,0.00596070612541826
0,0.05,0.591436899436899,0.00205156545376207,0.00596152870906269,-0.000367457821485123,0.0291521947066218,-0.0125786132115586,0.0110448786191617,-0.00730710277752717,0.00626175180442337
0,0.05,0.613414549414549,-0.00936148357148217,0.00644827421470629,-0.0251064748629033,0.0285486892989642,-0.00662815159213241,0.00931901968826126,-0.00428468216613151,0.0066502230389681
0,0.05,0.578420678420678,0.00439301331468658,0.00581280713333537,-0.0193198444808092,0.031577976491153,0.00869659299416435,0.00911540942110557,0.00565634115226195,0.00568762155572925
0,0.05,0.565106869106869,0.00406450631160777,0.00679197387554265,0.019427070061648,0.0235272174442062,0.0294164697635435,0.0287642142333362,0.00843894067592221,0.0066810762412431
0,0.05,0.606775554775555,0.010294302403206,0.00551136309468915,-0.0235567506848882,0.0300280447050475,0.0185300169629672,0.0127019392535482,0.00927670482448068,0.00604598021416516
0,0.05,0.629234657234657,-0.0014442479516246,0.00670625264973077,0.0389144961526225,0.0236509391130586,0.00483098367738539,0.0113999219249942,0.00254656358051461,0.00631253337924212
0,0.05,0.566098178098178,-0.00568993515352542,0.00660152487367839,-0.0706219474786374,0.0226994797002555,-0.0256463193957353,0.0134791123009502,-0.0125919044060104,0.0062769787214715
0,0.05,0.603115047115047,-0.00225674827115388,0.00635296908843985,0.0097656207856711,0.0239003305345557,0.00659896011164722,0.0123101002690594,0.0034285595400753,0.00605136376324552
0,0.05,0.583339747339747,0.000359699112164199,0.00560959782549317,-0.0100354031365579,0.0224854794387892,-0.0170691062361032,0.00946026540311041,-0.0113616350762923,0.00640580225492845
0,0.05,0.583987987987988,-0.00457341822848765,0.00582090906185028,-0.0327242560714695,0.0186773050967591,-0.000952643953392711,0.0127729890162485,-0.000442806685561979,0.00627864959803891
0,0.05,0.5683201003201,0.0076912348829077,0.00576649350071945,-0.0272972354685524,0.0291232428919592,0.00690933266776999,0.0100285203813007,0.00417742748559663,0.00608128510337961
0,0.05,0.624274236274236,0.010968568866051,0.0066755506054949,-0.0106709497565853,0.0250781481306622,0.00155025585793601,0.00981869776804206,0.000983824086959443,0.0060682209914259
0,0.05,0.57992925992926,-0.00859970882741953,0.00598790833649578,0.0475502875667804,0.0238512496185935,-0.0208280929131218,0.0101827066475074,-0.0123254235314698,0.00605109504148579
0,0.05,0.57039735039735,-0.00319500942896827,0.00648283672837249,0.00823168579811734,0.0330904287346146,-0.000206636650882249,0.011963687262419,-0.000112419981449488,0.00706365603684388
0,0.05,0.548197532197532,0.00207463064873431,0.00652562394854381,0.0284876011295195,0.0227232975710135,0.00698619034664682,0.010207544541744,0.00428652362591798,0.0062501460209749
0,0.05,0.55773512973513,0.000149875963146521,0.00575393578639565,0.0352565396695952,0.0240987736212776,0.0128204807819605,0.00892634640463504,0.00837113710754898,0.00519420511594826
0,0.05,0.596402648402648,0.00680021362596043,0.00617318219846166,0.0684419769961282,0.0195923183114543,-0.00456583653698899,0.0103954840580651,-0.00270668363578894,0.00581684643449284
0,0.05,0.581319281319281,0.00288867260286954,0.00589450138658426,0.0277513800334301,0.0201103146540494,-0.00434843526355625,0.0104870180980774,-0.00246607721069257,0.00565938683877483
0,0.05,0.59946851946852,0.000695877202147308,0.00629678724515179,0.00845701432228933,0.0156557966624793,0.00890223668507039,0.0115413544480246,0.00479915264614845,0.00609628288795649
0,0.05,0.587000147000147,0.00129436025488418,0.00592454275470766,0.00110918768920163,0.0260908204973256,-0.00401726820249649,0.00966601058590107,-0.00252981672732264,0.0061865797030621
0,0.05,0.612779292779293,-0.00116622927270443,0.00611183865501833,-0.0427214525727008,0.0154739290278407,0.000180477386582071,0.0146386896051375,7.38736483255029e-05,0.00600618029035981
0,0.05,0.6044692004692,-0.00565231796828545,0.00684069143370765,0.0194947815079879,0.0206175651057593,-0.0140155113112247,0.0131108354469141,-0.00717935620462165,0.00624891665550164
0,0.05,0.599356103356103,0.00135219843407831,0.00584255809605903,0.00305717733362296,0.0311423019567224,0.00452685089727672,0.00951227410739884,0.00282883439930403,0.00582550125853794
0,0.05,0.612670812670813,-0.00594911558789137,0.00594027316585896,0.0137251233341139,0.0337949628678627,-0.00857731996485769,0.0111233914192818,-0.00505140970644861,0.00623351193202759
0,0.05,0.602427722427722,0.00562483785128691,0.00596748751614575,0.0405812847513629,0.0233230325607518,0.0047352954617012,0.00982750897317182,0.00291762622169269,0.0059218314380486
0,0.05,0.601334125334125,-0.00312209492112156,0.00611852590698172,0.0628020670304086,0.0310558950083469,0.00396089814985013,0.0120844184942194,0.00205378058293802,0.00577098782913096
0,0.05,0.619870999871,-0.00120703951799808,0.00580406904774431,-0.00769397426730977,0.0231857131871562,0.00129021468497426,0.00925202763168744,0.000861904290107956,0.00588563199215244
0,0.05,0.618362826362826,-0.0040092688912096,0.00624259049306528,0.0078715399819908,0.0252931976445851,0.00402384140997541,0.0124468172527787,0.00200354937423706,0.00554810745909546
0,0.05,0.621382089382089,-0.00580123622939956,0.00578824567962729,-0.0119938549690355,0.0319640760697077,-0.00679928901589476,0.0107052485820141,-0.00370291492062995,0.00577948808407734
0,0.05,0.569020241020241,-0.000579232277602507,0.0061275739267254,0.0372488946233426,0.0190208499225068,-0.00551816707004455,0.0116092866170173,-0.00292637015986296,0.00598493451220927
0,0.05,0.582547662547663,0.0134979901746884,0.00593972480205026,-0.00736759228738459,0.0321977514131481,0.00924277201321586,0.00955773400245625,0.00603099204680373,0.00561429820855078
0,0.05,0.566705978705979,0.00481646194479652,0.00675541124365164,0.0119189143854652,0.0290404790445829,0.0133940876647736,0.0086561720311349,0.00988257924106834,0.00648883409915724
0,0.05,0.585092493092493,0.00627423581536868,0.00616574806991021,0.0392181154319837,0.0258568435899965,0.00863040136269757,0.0107729522165893,0.00485877238465716,0.00604371031718067
0,0.05,0.599829035829036,-0.0046342525768448,0.00679913823645476,-0.0390206000141496,0.0257231999726879,-0.0022721287655905,0.00984039432565467,-0.00147737203795151,0.00662991689655416
0,0.05,0.588764784764785,-0.000781464625741145,0.00607896102070514,-0.0238716865420093,0.0263238196288577,-0.00284128599657171,0.00919152197142523,-0.00189514323277978,0.00556688838019628
0,0.05,0.592070368070368,-0.000491978874596581,0.00591921745346087,-0.00638396323090185,0.0211350345376773,0.00722686574524847,0.00823560768394743,0.00517067571780638,0.00620151555545852
0,0.05,0.595451335451335,-0.00461384695360224,0.00549735604247038,-0.0379727713835887,0.0272319555742508,-0.0114473935550826,0.0102064285752102,-0.00688549874188877,0.00600464250915831
0,0.05,0.599486879486879,-0.00618764603622027,0.00615756198975576,-0.0349686585302258,0.02304708445902,0.0023688631253093,0.00879733159707704,0.00162754759428487,0.00634170871551182
0,0.05,0.572450816450816,-0.00882647567419615,0.0059833951202112,-0.0281965331632402,0.0209050009443361,-0.028916313450855,0.0130312565349949,-0.0154859670773089,0.00566491775847351
0,0.05,0.596021744021744,0.0109314191324146,0.00596418488352739,0.0598317956111353,0.0175726025921471,0.0161078316040973,0.00931459805774568,0.0108596503560913,0.00615903482233884
0,0.05,0.573794121794122,0.0103862001615669,0.00580294373784686,-0.0161920455858195,0.0254115958226536,-0.0122229766974226,0.0148005083513708,-0.00500795333407792,0.006196776298166
0,0.05,0.600584940584941,-0.00393801739169697,0.00661093943981859,-0.0256528721405138,0.0206576339469612,-0.00142607510882203,0.0111657128788113,-0.000777246711136225,0.00642337145767705
0,0.05,0.590404454404454,-0.00747885197650065,0.00630315801078833,-0.0112844342492265,0.0196643856239182,0.000746060507174223,0.00971351488999432,0.00046987422906984,0.00613783410318285
0,0.05,0.561371673371673,0.000978513514704996,0.00595120902158707,0.0221702262472837,0.0240665373421364,0.00203762877029611,0.0117691436960461,0.00103953256972534,0.00586523047055568
0,0.05,0.587086523086523,0.00276581137089247,0.00611444048610755,0.00782909618973001,0.0290855494586026,0.000468476169391866,0.00934207280431428,0.000302234446121501,0.00625683236584718
0,0.05,0.61632928032928,-7.12491534792762e-05,0.00550455398081854,0.0152821520320773,0.0391998977657011,-0.00105813448121655,0.00942691710039305,-0.000691157896399631,0.006057181983512
0,0.05,0.592175836175836,0.00679278946909757,0.00608841801867806,-0.00935478052499081,0.0248025248700018,0.00211735797100671,0.0110542281305358,0.00115262842893833,0.00661416345262985
0,0.05,0.602607938607939,-0.00416870147844881,0.00611216923037136,-0.0450813411998686,0.0256934647370814,-0.0129955779983681,0.0101637489652773,-0.00784264299104694,0.00571570246484402
0,0.05,0.569819285819286,-0.00763114275919233,0.00653886678535373,-0.00552357815330693,0.0241940847959958,-0.0240628323973884,0.0129371471892133,-0.0125904150209058,0.0062350126180171
0,0.05,0.60776311976312,-0.00175680859198765,0.00632478345684831,0.0202073899582124,0.028644759918078,-0.00506376684541178,0.010418386589828,-0.0029098567287181,0.00599300954156187
0,0.05,0.607057387057387,-0.00058873288798954,0.00614130946452898,0.0297745919681224,0.0185148815957112,0.00281107152766225,0.0113883257855055,0.00156795195402527,0.00641506759133905
0,0.05,0.617496353496354,0.00393863381661973,0.00610345341394606,-0.00297442817037666,0.0303416578804145,0.00388632545317448,0.010600067917949,0.00216854735045982,0.00563493999815044
0,0.05,0.596339096339096,0.00484093211122871,0.00591659048574859,0.0131340568259007,0.0241906930409653,-0.00816689811475615,0.00919489634749104,-0.00538734198414173,0.00679113739740033
0,0.05,0.580370704370704,-0.00357160831589281,0.00599051546787811,-0.0016626590935344,0.0301684480169687,-0.00202669630589338,0.0110401258509013,-0.00113564423861681,0.00607674110603168
0,0.05,0.578161514161514,0.00844015204392253,0.00581620792076485,-0.0356725609874247,0.0218262187302606,-0.00302975745586907,0.0106754215435501,-0.00176135093722471,0.00581739732328183
0,0.05,0.560670920670921,0.014073052405937,0.00639013769921328,-0.0342236354700342,0.0214919531863771,0.0203881204026918,0.0111446692160629,0.0118121431749031,0.00608367981250054
0,0.05,0.586517998517998,0.00645860886277174,0.00573792765314024,0.0405963163278383,0.032630700362843,0.00443325712211258,0.00799207108257406,0.00319495258050803,0.0059271917122365
0,0.05,0.619748023748024,-0.00349393930408473,0.00614578007263442,-0.0247129271362077,0.024193732667972,-0.00423487096974572,0.00885291424270719,-0.00291974283723865,0.00553458769911312
0,0.05,0.593105921105921,-0.0144587962303922,0.00576707573066807,-0.0597683310775716,0.0203774126255401,-0.0304873297816202,0.0120596047931827,-0.0168621867517152,0.00585170932629517
0,0.05,0.579289407289407,-7.18833300125394e-07,0.00702374616619168,0.0334896839656434,0.0198086266819241,-0.0125348107845107,0.0128211764108262,-0.00642790669379112,0.00678984367822737
0,0.05,0.579244467244467,-0.00662894811819833,0.00571198781539417,-0.00299013228993932,0.0293824180579629,-0.0128825318411,0.0100132925185368,-0.00749993100785298,0.00577636763431648
0,0.05,0.580212856212856,-0.00373388107715035,0.00594182540631977,0.0346868515401419,0.0297535576463702,0.00201850489011171,0.00922824313821475,0.00133378994653175,0.00645540801446203
0,0.05,0.597199965199965,-0.00672108096509049,0.00593384419729133,-0.00473543880627439,0.0266849284110164,-0.0028561517796266,0.00995012439697797,-0.00184399853724718,0.00702310486332359
0,0.05,0.564596304596305,0.0195910919662292,0.00631371068731905,0.0158755485668257,0.0169938369982538,0.0142415208175452,0.00940000496777475,0.00957236426471403,0.00632003952654401
0,0.05,0.626199206199206,-0.00187077775557517,0.00586701263929128,-0.00190663502566778,0.024574845470383,0.00266632958105357,0.0104605224371689,0.00150712084330068,0.00567477589555498
0,0.05,0.562107358107358,-0.00396944742918735,0.00578168076113378,0.0470550792092383,0.018584161516546,0.00837331671500305,0.0084145669637032,0.00567081214929308,0.00588615129280944
0,0.05,0.592501180501181,0.00647360570550062,0.00603588371501882,0.0305804549501538,0.0271176709021481,0.00747180711197387,0.0133568554044019,0.00357738544457879,0.00636175341852053
0,0.05,0.552089472089472,-7.23592905819843e-05,0.00602962369949984,-0.00425298795144182,0.0244215597672837,0.00231752581278906,0.00839722358528968,0.00172516673373021,0.00609416215509063
0,0.05,0.644234084234084,-0.00132954505118776,0.00596668981287896,-0.00788221929908333,0.0158738799006672,0.0162186774240036,0.0094666893440516,0.0109228687029289,0.00627032956430672
0,0.05,0.618561294561295,0.00155916624131069,0.00627981479590133,-0.00146463032108593,0.0245047429037511,-0.000721378197066364,0.0100103361676651,-0.000461807885323503,0.00628563024390798
0,0.05,0.566534498534499,0.00361099462720394,0.00620160844816119,-0.0197587116139937,0.020423633728768,-0.00761188743767483,0.00810046877058875,-0.00552117703771769,0.00564603261961088
0,0.05,0.601644853644854,0.00511049549296017,0.00615796261131796,-0.00273082702925602,0.0222316683197091,0.0131891572211457,0.0120280598779639,0.00688371167328005,0.00636725863393682
0,0.05,0.619376659376659,-0.00674156569832086,0.00645072414973533,-0.0219354975100965,0.0204357813527501,0.00653996262223703,0.00928718749847103,0.00441163231406915,0.00646733233219667
0,0.05,0.623986355986356,0.00694954422838997,0.00598071486704734,0.0388687877202539,0.0368061345170522,0.0220101735933508,0.0130417779793573,0.0107765287547342,0.00549890161504274
0,0.05,0.606494262494263,0.00346398808517802,0.00631036970622255,0.00169088531643303,0.0276135747134788,0.00834364782326618,0.00973570343135505,0.00519573213006058,0.006215317354649
0,0.05,0.579076611076611,-0.00352233426197516,0.00570491015801296,0.00277498752647372,0.0326027330708672,-0.00489618509873185,0.0088801084834655,-0.00335683568740237,0.00631424315031186
0,0.05,0.60948144948145,0.00277279256233724,0.00608971799523323,0.0239558206610907,0.0194340338757975,0.00852402634181103,0.0103043714536947,0.0045674282066568,0.00552048408860365
0,0.05,0.585479157479157,-0.00380619162019598,0.00700176772439984,0.0263174517353264,0.0241759323255387,0.000351604924209699,0.0122561200828142,0.000192181389694391,0.00717355197828171
0,0.05,0.617091233091233,0.00413509051388092,0.00555855957123969,0.0120054129784199,0.0284960635064076,-0.00433669750020267,0.0113792359151228,-0.00217310785017581,0.00596182035906788
0,0.05,0.607994215994216,-0.00366912577847753,0.00558408268401409,-0.0355985884623797,0.0216862982013326,-0.0175974112447721,0.0168792856174819,-0.00678204703837263,0.00562625091888883
0,0.05,0.59801653001653,0.00287517939588982,0.00652755727760425,0.0512944502659065,0.0255587145177104,0.00454474776016763,0.00989398831397329,0.00282704914384998,0.0062964815564623
0,0.05,0.624686940686941,-0.0090101297547837,0.00629867289357653,-0.00232339020214748,0.0196594013419816,-0.0180998249669568,0.011093095035505,-0.0107750431074217,0.00639002593260035
0,0.05,0.588487884487884,0.0073103080187498,0.00614465449235188,0.00728523367730515,0.0206289017281432,0.00922156007668148,0.00827085369187359,0.00660335652280928,0.00617368893489397
0,0.05,0.581419841419841,-0.00563796965054979,0.00634735505516669,0.0013429481984677,0.0237629591172669,-0.00822156378868434,0.0113367707482077,-0.00455347019056604,0.0063217167014464
0,0.05,0.602994386994387,-0.008047178317951,0.00575663747137514,-0.00132577153527833,0.0269969176347342,-0.00850090377283699,0.00924007665477539,-0.0057343960156101,0.00603299248181852
0,0.05,0.635463491463491,-0.00105711250141775,0.00629446788844365,-0.0191385543127508,0.020344418056288,0.0035748981909737,0.00864016363604387,0.00255511349027785,0.00604341937765485
0,0.05,0.587400803400803,0.00505206626275858,0.00566655489697367,-0.0295909908985134,0.0239233424679016,0.0165854485383399,0.0101856659536268,0.0100669388616099,0.00614318442793705
0,0.05,0.63404731004731,-0.00465675939876599,0.00642179776937568,0.00289003048713003,0.0267248536512329,0.00550315721617336,0.00917324756529284,0.00368252740305846,0.00604405901509428
0,0.05,0.619868047868048,0.000547332324925036,0.00629235048809032,0.0654611910437181,0.0419699825119636,0.0173608166015625,0.0103671144652958,0.0102705084541646,0.00581570890858328
0,0.05,0.569334329334329,0.00760742098213406,0.00590388694086089,0.0333107008637029,0.0370688669256463,0.00596251436954688,0.0099957430500037,0.00358212139637461,0.00586602948870311
0,0.05,0.569070233070233,0.00631369153727668,0.00616778839018686,-0.00799470043548478,0.00871547071906138,0.0270207448493137,0.0166173116044736,0.0117135093042558,0.00620130952371355
0,0.05,0.582029118029118,-0.00725724071730676,0.00576605632071871,-0.00553116421281201,0.0256644400817163,-0.0177233330120734,0.010866361493483,-0.0101816511503732,0.00593113191092529
0,0.05,0.575330891330891,-0.0121026005274608,0.0062827287649241,-0.0257083483607966,0.027022748949669,-0.0301578557056694,0.00910711447960281,-0.0208093492240857,0.00610798165474726
0,0.05,0.597955281955282,-0.00902186122173906,0.00604336221967101,-0.0384854140313129,0.0168804059212015,-0.0110369358296537,0.00892129253616191,-0.00720076158344722,0.00586434978972247
0,0.05,0.560791532791533,-0.00674572456778143,0.00596616715006719,0.0163741928748368,0.0171495621881495,-0.0142964004199962,0.0115876554671855,-0.00776706720572665,0.00593461782251205
0,0.05,0.542175182175182,0.00117236317225916,0.00591276951217308,-0.0295395549643019,0.0228696595881885,0.00707060238406922,0.0100016541045798,0.00427598114246459,0.00596012047128942
0,0.05,0.571672531672532,-0.00128687090013521,0.00635592639005296,0.0249161902019771,0.0247310565063485,-0.00990176981799496,0.0101561598119137,-0.00605455346511239,0.00605279721123171
0,0.05,0.626960186960187,-0.00571462179381383,0.00603094398696191,-0.0300572519438135,0.0206855902561909,-0.00767530815900668,0.0114271315075905,-0.00433444443836118,0.00634179889033202
0,0.05,0.576946836946837,0.00302868798248389,0.00587418531559972,-0.00606984428143606,0.0328848966043833,0.0155946582894176,0.0099032062794581,0.00955008103394252,0.00555705490776832
0,0.05,0.577456873456873,0.00522315490042719,0.00607044121960641,-0.0228274186257279,0.0238165359241632,0.00932835299900243,0.01308262216638,0.00434225604263662,0.00561090455140896
0,0.05,0.609771957771958,0.00351826979227316,0.0063203625646599,0.00926260045731997,0.0326138553150074,-0.0045285481317625,0.0102956457965223,-0.00273119708975428,0.0060273233589343
0,0.05,0.616691788691789,-0.0093646271905703,0.00530587314953571,-0.00497465736564486,0.0237800650090916,-0.00194119627285502,0.0106080928278949,-0.0010877414256783,0.00578881728620839
0,0.05,0.57350268950269,0.00763079848130061,0.00647194637193893,0.00731608766098824,0.0326269160518127,-0.00319422917278829,0.00980849957102584,-0.0019792526198314,0.00526956351112522
0,0.05,0.595303051303051,-0.00378653330832347,0.00554276609544558,-0.00879806024983235,0.0260605376873638,-0.00479027907789277,0.00838223234273027,-0.00328308613093458,0.00566039229197658
0,0.05,0.573197037197037,0.0121356576253326,0.00516031493123028,-0.0557540097237332,0.0273535723348687,0.00516880040093269,0.0127666657032353,0.00246442657815232,0.00549375720803342
0,0.05,0.603450399450399,0.00652934046630358,0.00610515828462295,0.0644421473518879,0.0317304356669664,0.0122939218931902,0.00786322921276446,0.00975643332428354,0.00630871127281608
0,0.05,0.574732582732583,-0.00118745218760339,0.00583554757628147,0.00489068869157689,0.0295939604797452,-0.00598218665550717,0.0100495946055949,-0.00341267898932653,0.00542263357559601
0,0.05,0.599321699321699,0.00767695394789645,0.00665102782689961,-0.0399288505169306,0.0328232263170892,0.0217848758040241,0.0102184950166134,0.0141027022426127,0.00648561395589469
0,0.05,0.613991737991738,-6.16853337118136e-05,0.00641038715111949,-0.00706942604777479,0.0306219223483123,-0.00956837403311344,0.0094352853918848,-0.00637756127599196,0.00623028405697898
0,0.05,0.60634041034041,0.00758938613740913,0.00636268547683218,-0.00310225146935059,0.0253350210728519,6.5853015499968e-05,0.0109327557919468,3.81448643566072e-05,0.00650691241991498
0,0.05,0.605746721746722,0.0165659224470975,0.00586061014821286,0.0277260466442265,0.0256710925660205,0.0161021073073019,0.00826227566793486,0.0117750233056561,0.00540652173590325
0,0.05,0.611285615285615,-0.00434224533002545,0.00583817150941713,-0.047242457749638,0.0259988008593211,-0.00111890761418661,0.00869558912041011,-0.000791845567591654,0.00597717199690066
0,0.05,0.592810960810961,-0.00397465105145139,0.00569798254177537,-0.0136813052304351,0.023537663314569,-0.029958184418239,0.0124149641528777,-0.016687500942705,0.00558075652610628
0,0.05,0.538178434178434,0.00071766328978183,0.00523647913623284,-0.0260558936802776,0.0185548294079749,0.01474078280121,0.010650203429731,0.0080042484503503,0.00525200839342282
0,0.05,0.584417252417252,0.00289014034667931,0.00613070863708647,0.0559771064140595,0.0214073457657967,0.00423325339803213,0.0142865871542893,0.0018358808779105,0.00613681083323341
0,0.05,0.619531951531952,-0.0101882046150352,0.00619786570474775,-0.011536997944114,0.0358307074244059,-0.0184210007807753,0.0140730424001945,-0.00839797763881409,0.00598714365536746
0,0.05,0.606336978336978,0.00127954500105648,0.00616895308785217,0.0244102228443388,0.0297506259862316,0.0056244701788906,0.0115630795516375,0.00299536035341979,0.00579922584937871
0,0.05,0.583368187368187,-0.00222584189883289,0.00623374412915544,-0.0088056001190555,0.0381737357599056,-0.010805450702667,0.00949280706571101,-0.00663030062679697,0.00511672149645144
0,0.05,0.60616299016299,0.00455029191573056,0.00599494164696361,0.00414015127652104,0.0222565965340636,0.000364970509774298,0.00870999974852055,0.000251916616935135,0.0057792400412613
0,0.05,0.563180879180879,0.00644098838048485,0.00616361150050927,0.0205132613309815,0.0279650805444654,-0.00666474876585927,0.0114927025248553,-0.00373473432213707,0.00658829709594781
0,0.05,0.607314679314679,-0.00869622998609013,0.00565807227766667,-0.00832736299876114,0.0187601413590033,-0.00484387403921782,0.0089906528867015,-0.00311246303767856,0.00602157947204004
0,0.05,0.596113544113544,0.00947283251002523,0.00624935787569133,-0.04514744182092,0.0246635548145724,0.015968376805215,0.0103498558384762,0.00965882925667931,0.00624947335373806
0,0.05,0.593554697554698,0.00338035581940532,0.00653950453970783,-0.0279016909586388,0.0191919438283083,0.00284228680366125,0.00929498007127119,0.0018732556194769,0.00607209548428197
0,0.05,0.584971268971269,0.00126820381585801,0.00596387136658837,-0.0215642012050449,0.0250974137161522,0.0194507148510073,0.0121948238882788,0.0104333789692726,0.00581779550130031
0,0.05,0.59971511971512,-0.0016364287664829,0.00563003813335245,0.0202390415018486,0.0352640989323306,-0.00168871836202927,0.0108413833492461,-0.000924953353048704,0.00538512781683161
0,0.05,0.594511446511446,-0.00181219497436298,0.00627389498467933,-0.000585827304952892,0.0338463604385082,0.0024589095718315,0.00768288851438734,0.00199012908262236,0.00620613066304683
0,0.05,0.585149361149361,-0.00554251237519043,0.00625500336737321,0.0210876170324168,0.0245769732139814,-0.00122841662177787,0.00982328443048511,-0.000779379757643423,0.00621343642031401
0,0.05,0.584836460836461,0.00759625276887084,0.00598551379609716,-0.0280043607611795,0.0226036539846263,0.0162047824043689,0.0103485950720228,0.00967967482168582,0.00586599804729745
0,0.05,0.563558627558628,-0.00419726888149532,0.00569547361043397,-0.00647197066674718,0.0187225661882012,0.0038662177840878,0.0113447606623748,0.00205562570296119,0.00583102028229565
0,0.05,0.613594873594874,-0.0111133825805289,0.00589660261224497,-0.0413127243000088,0.02685695934096,-0.0147513732537025,0.0102314974104429,-0.00916569414319077,0.0063034383156444
0,0.05,0.615757911757912,-0.00594982994559156,0.00583959567670803,-0.0363540297995697,0.0242483834292426,0.00170839587455337,0.0100054211453734,0.00101844508050801,0.00610751914992205
0,0.05,0.582861042861043,-0.00185915826165364,0.00599041981270393,0.0608256665317775,0.0341156430994232,0.00157689465576046,0.00961316556800503,0.000983711504298516,0.0052978954148488
0,0.05,0.618507018507019,0.00607362098841986,0.00616317958870127,0.0384256934555277,0.02068724619056,0.0123325810046909,0.0106262435649393,0.00710383132702948,0.00595245476748332
0,0.05,0.595108567108567,0.00430416322755526,0.00558169507215969,0.0393657810604779,0.0321507654981578,0.00589499850967675,0.00897112524811936,0.00392281835755913,0.00586861555530748
0,0.05,0.594192714192714,0.00619166057143791,0.00593423989408066,-0.0297613853050925,0.0495309526478343,0.00434049982138555,0.00931165089007882,0.00289122332353134,0.00596639465864456
0,0.05,0.606017694017694,-0.00827544258945117,0.00592509766569624,-0.0206877474160164,0.0268161127722107,-0.0172435196758929,0.00931453081901333,-0.0113827070096031,0.00574545255727122
0,0.05,0.57008505008505,0.0044474514522173,0.00599860953350474,-0.00890821484221706,0.0230375855732642,0.00852523364469968,0.00875094866025303,0.00577655431226433,0.00625867188002225
0,0.05,0.577280881280881,0.00168230916991392,0.00611596418191033,0.0119691570708118,0.0273439619240661,0.00526180037559787,0.00840845813721454,0.0037206781153518,0.00582032890143051
0,0.05,0.59823451023451,-0.0085002513764957,0.00570558995255485,-0.0430540230691389,0.022734254037099,-0.00682556634395449,0.0106886989097993,-0.00400085982612194,0.00566175308595331
0,0.05,0.59763042963043,0.00138146624907221,0.00608129999887665,-0.0158306417022874,0.0375056484133993,0.00336521209553824,0.0123767529637534,0.00165320444247337,0.00614667429057269
0,0.05,0.567511551511552,-0.00185502717690786,0.00587004168481234,0.00290165426246128,0.0258616533652261,-0.00762337504456705,0.0116332948398086,-0.00402882394164394,0.00576444711497788
0,0.05,0.591258291258291,-0.000992800233175566,0.00607168241352446,0.00466485034829753,0.0178365847439517,-0.0145342172993353,0.0115190008073909,-0.007945282254659,0.00608789928423453
0,0.05,0.626973830973831,-0.00610795672693135,0.00545879648788414,0.0248995417195976,0.0231017734659454,0.0026555924127481,0.00816021164777301,0.00191752832805965,0.0056480201701433
0,0.05,0.583776895776896,0.00227633472497871,0.0060339775183134,-0.0193325130212842,0.0276421717456199,0.00247066702015845,0.0119851966990437,0.00129860236022509,0.00598625676904096
0,0.05,0.587022755022755,0.00784081287742079,0.00569079269627731,0.001953633297881,0.0200555721133365,-0.00855490229637021,0.0147456596153071,-0.00351496190170227,0.00603574903764348
0,0.05,0.558353166353166,-0.000464834987746067,0.00565156292573389,0.00902158629011358,0.016424285400863,0.00257367107630965,0.00706474106278186,0.00217660421989325,0.00590714776476387
0,0.05,0.625052437052437,0.00586275883481655,0.00641996061190518,-0.00456667493597182,0.0217453201298605,0.00362189136973639,0.00966375541454796,0.00231470354129923,0.00606714031262587
0,0.05,0.605234945234945,0.00298014619732199,0.00614579704699636,-0.0328081770187585,0.0260257633996846,0.00647439540863919,0.00921941467804544,0.00448521272439772,0.00635252949779492
0,0.05,0.610480042480043,0.00324077266098196,0.00674544410347412,-0.024899253954355,0.0367421893027521,0.00581798344715206,0.00938274423946311,0.00381818299910402,0.00626026545677052
0,0.05,0.613660765660766,-0.00452568681937384,0.00595993108431096,-0.0062818741086098,0.0235141072768647,-0.011756745674889,0.00918967250390398,-0.00789758237910028,0.00604886536337072
0,0.05,0.634915018915019,-0.0050287231583882,0.00510912805696731,0.0167925775137575,0.0326473729257249,-0.00499738344884321,0.00770321147211034,-0.00370992489760033,0.00569445829119253
0,0.05,0.601433389433389,-0.000306575875839478,0.0057440712782652,0.0113882490219874,0.022057570592559,0.00579649982332799,0.009062441657968,0.00366027089775803,0.00572137378615076
0,0.05,0.598714054714055,0.00459797505733224,0.00597971102498619,0.0128145561643872,0.0292727839499898,0.00361419231530962,0.0100298211516797,0.00219055245582466,0.00617327732550301
0,0.05,0.592925872925873,-0.00405774262346749,0.00593687970753457,0.0248993520541302,0.0215852171885325,0.00892429319924044,0.00921378846569462,0.00586445219176878,0.00524219075597728
0,0.05,0.535916311916312,-0.00593524060553419,0.0060961304379434,0.0597849272203141,0.028656442822144,-0.00820733810107761,0.0112871443087674,-0.00436466545743894,0.00566012255990065
0,0.05,0.608972564972565,-0.0205131227078976,0.00590827128806818,-0.0511388306428032,0.0292428904905066,-0.0248609061509407,0.0120247908205561,-0.0143658134272031,0.00629052167861009
0,0.05,0.587304731304731,0.00124557719469185,0.00628375545443941,0.054348911637971,0.0343977472923829,-0.00495322536194333,0.0114247058259849,-0.00272874156146914,0.00623199276921836
0,0.05,0.575332103332103,-0.0049124945487743,0.00620169747562563,-0.0296776751237435,0.0268279789263321,-0.00899582738799853,0.0152538809843927,-0.00376018696296503,0.00627592126433796
0,0.05,0.647247095247095,0.00596797624462175,0.00595427145528429,0.0167406097317427,0.022036461351972,-0.0055758892772822,0.0109955078881208,-0.00316840807448488,0.00599144235567551
0,0.05,0.595370491370491,0.00408912056945408,0.00603354866117634,-0.0102692677005481,0.0394811935081794,-0.000370981919771307,0.00868885713621444,-0.000254296880952612,0.00599010380040862
0,0.05,0.592263112263112,0.00521526420670249,0.00593251282864288,0.0157625855866658,0.0250151755886127,0.00819172282943551,0.00881949331140312,0.00562863046461247,0.00618381168506548
0,0.05,0.572605880605881,0.00641356338087427,0.00587000997061459,0.0265228491620577,0.0280302626110753,0.0128257421547608,0.0123070169311732,0.00675948411964759,0.0060894751043305
0,0.05,0.60166804966805,-0.00224874576352457,0.00584541494440739,-0.028370296208136,0.0277420444419175,-0.0106518302205698,0.011292179941794,-0.0057735081345462,0.00563656280445753
0,0.05,0.606209982209982,-0.00488584220248034,0.00592137928956485,-0.0172016656856837,0.012970337538869,-0.00829371209256947,0.012084331061351,-0.00426463456763784,0.00611364621035757
0,0.05,0.600876588876589,0.00236540441672632,0.00595347668642108,0.0443914981624213,0.0316874676361185,0.00560435576123473,0.0087450208655479,0.00382500328244473,0.00639688535052876
0,0.05,0.578100254100254,0.0133462969263548,0.00586768978700928,-0.0142737465639312,0.0291996924478306,0.0126442648496068,0.0113849929012686,0.00711949234396778,0.00624512432368819
0,0.05,0.602858810858811,-0.00465575813001231,0.00660495113869124,-0.00469461077229199,0.017189560227963,0.00300659306358119,0.0109256124153276,0.00167515085412584,0.00631406779526173
0,0.05,0.602613158613159,-0.00471968003062199,0.00554632739240339,-0.0164229088270737,0.0298123567550119,-0.0147529814740452,0.0161664083408956,-0.00558288590441071,0.00565307344504538
0,0.05,0.587612615612616,-0.00271564049964693,0.00576830422554387,-0.00176086379598682,0.0156375528962332,0.00139160445553128,0.0112395364792689,0.0007484637660038,0.00608778424787459
0,0.05,0.601601041601042,0.00981248219639646,0.00556228819785235,0.0137654202058745,0.026458932868891,0.00104665630946504,0.00857750430846334,0.000708025828046796,0.00574290099913057
0,0.05,0.584360492360492,0.00208101594916803,0.00541282231821747,0.00292383778934331,0.0181855894058357,0.0183277757196009,0.00970912505942974,0.0115185802915408,0.00584821340589528
0,0.05,0.605998577998578,0.00357746530525592,0.00619252594788766,0.0401048186681069,0.0194852929895815,0.0141743874872414,0.0087894876438245,0.0099376200893121,0.00554964742649867
0,0.05,0.605201981201981,0.00179353218492839,0.00648534503503437,-0.000809314616608292,0.0275559962041509,-0.0127293075470872,0.0114097431700753,-0.00730515755374482,0.00616363025019175
0,0.05,0.597692793692794,-0.00484125264057044,0.00571267470079137,-0.0038283390821369,0.0259951020668375,-0.00451813235976918,0.00861803273153177,-0.00310013878047996,0.00550755084349278
0,0.05,0.571366207366207,0.00879817749731351,0.00685687299545905,0.0278551981625452,0.0233079039039716,0.00616943548052711,0.00868244836279649,0.00438301069718513,0.00637021608513107
0,0.05,0.587523659523659,0.00351403878679454,0.00593368780069984,-0.0378605560025159,0.0198645187686236,0.00656708236497325,0.00916893192881105,0.00403612391217898,0.00504330545519244
0,0.05,0.563389439389439,0.00277460559113012,0.00671159440048081,-0.0118743273930662,0.0261861265068775,-0.00394819641704366,0.0115284823109563,-0.00209338265559238,0.00627828624159728
0,0.05,0.606551826551826,0.00350138183092016,0.00692735576435402,0.0161915384090052,0.0300805952240212,0.0052524806624226,0.00878091430835862,0.00385711874755035,0.00654857339896275
0,0.05,0.561552225552226,0.00135443903140777,0.00632844834230654,-0.0236359791160845,0.0214090891764495,0.00365387707130337,0.0104360514610894,0.00212784140954812,0.00573637406890723
0,0.05,0.613780777780778,-0.00011814267509939,0.00548087296229004,0.0416048465000088,0.0249774137135018,-0.00487459540657934,0.00900263460610392,-0.00322038495137981,0.00591256443744337
0,0.05,0.567418839418839,-0.00835602930665325,0.00603826078524364,-0.0208816315077504,0.0231634353917624,-0.0167333388979334,0.0100754491190008,-0.0105476792237456,0.00632620730580904
0,0.05,0.61564833964834,-0.00605741283888678,0.00628635070748539,0.0260182749100374,0.0253534617753672,-0.014083619310273,0.0105863289119134,-0.00842815574734703,0.00595943395564377
0,0.05,0.626656430656431,-0.00244798401686804,0.00637519595181745,0.024263081265336,0.0290220662539841,0.00298901337845961,0.00822564270061216,0.00229009103200518,0.00652574660712983
0,0.05,0.545440301440301,0.00962268818110784,0.00535405287419196,0.0065562793916891,0.0185565467621257,-0.000736261901617966,0.0170630876376398,-0.0002469994439453,0.00594897737454714
0,0.05,0.615193959193959,0.00940292609208754,0.00602100408030923,-0.0149793356635953,0.0212247648803985,-0.0016966753232076,0.00940509636764219,-0.00102828683433882,0.00556497059952576
0,0.05,0.59820097020097,-0.00133112574043404,0.00583841656908119,0.009988940723336,0.0286303246258077,0.00135284344620047,0.0101348329284251,0.000789457464028377,0.00581576320552004
0,0.05,0.584405948405948,0.0143772831372635,0.00610809108450517,0.0123749802424595,0.0260556175149623,0.0162179258645465,0.0106167284126807,0.00964395001642055,0.00622121534917022
0,0.05,0.599694791694792,-0.00874335951174438,0.0057719930933071,-0.00665679304357803,0.0211516185450682,-0.0100474035132476,0.00960385155490721,-0.00614738708616641,0.00577870114200225
0,0.05,0.605135405135405,0.00485650219359659,0.00622796456841291,-0.0387909904469796,0.0137347284189282,0.00401654040126759,0.00921142573187612,0.00261338837699421,0.00617185908215758
0,0.05,0.611245835245835,0.00297461153020971,0.0060779712994596,0.00804516964410196,0.0224276751204979,-0.00850857671531084,0.0123083372487228,-0.0040779568568604,0.00543118525095618
0,0.05,0.602998226998227,-0.00712770420778576,0.00571577072972832,-0.000535662030098732,0.0177739455161315,-0.00857134244638149,0.00904928896544566,-0.00539881506158439,0.00577843041578174
0,0.05,0.589734721734722,-0.00145503135503537,0.00572012099203453,-0.0220713691249752,0.0135271626722483,0.0141017052657162,0.00942041324315724,0.00906745665511597,0.00622837556124321
0,0.05,0.578019002019002,-0.0119559386227673,0.00604195649968629,0.0207786320728787,0.0230840475605122,-0.0168753319072975,0.0134295588685907,-0.00834988618441936,0.00640590377973844
0,0.05,0.567287187287187,0.00383853026797487,0.00556498577863209,-0.00217663303482649,0.0218024894184371,0.00246733730958721,0.0087516811862611,0.00164718208351336,0.00582481795209162
0,0.05,0.600244452244452,-0.0037233118535856,0.00556557886359954,-0.014334770565471,0.0194787570711497,0.00176969165130931,0.00778905623624567,0.00132244334120713,0.00585482704394715
0,0.05,0.619775107775108,-0.003179862588746,0.0058226340425171,0.0200738930443645,0.0232529962505142,-0.00833431525138327,0.00955059142872612,-0.00548940741228607,0.00587886992795096
0,0.05,0.603357447357447,0.00114961448188376,0.00598468960304634,0.0123323733433327,0.0172123712404933,0.007170995608461,0.00811458551812654,0.00515577649546162,0.00560450539193666
0,0.05,0.594955506955507,-0.00767412977731489,0.00618492492185893,-0.0193895692635764,0.0214048131463628,0.00094362223433912,0.00989514704905146,0.000607620991040187,0.00623818953177026
0,0.05,0.581893493893494,-0.00847770685549265,0.00634075963465914,0.000598871140493302,0.0290083248530292,-0.0155197913717399,0.00704537875192884,-0.0136213247093057,0.00680283223786721
0,0.05,0.574999354999355,0.00779134321654697,0.00550430679499181,0.0225521441754472,0.0273368261059146,0.0126129521470711,0.00971444969152118,0.00776064439070227,0.00579369078679971
0,0.05,0.58440266040266,-0.000265402729148488,0.00540007578344447,-0.0116219928123778,0.0165578563178454,-0.00276675469422382,0.00958471982206911,-0.00175784556565562,0.00577925919357485
0,0.05,0.588088944088944,-0.00648006654685126,0.0057622918444693,-0.0241794137979576,0.0375174889735663,0.0030233832110137,0.0097894293676316,0.00180927404904183,0.00596750030525844
0,0.05,0.627679923679924,0.00559042890354476,0.00528006802446144,0.0325127471468123,0.0198065849999716,-0.00180027556981091,0.00783619448405168,-0.00137674797812742,0.00611457499785144
0,0.05,0.560494556494556,0.00627379320668836,0.00565510817493899,0.00888553761242267,0.0240436800884379,-0.00343848209434332,0.011498013563475,-0.00180030104767653,0.00606501327293281
0,0.05,0.615967611967612,-0.00409589525900456,0.00675204952213472,-0.00485880096455687,0.023139509992057,-0.000847548402583646,0.00948178307650268,-0.00054463381741556,0.00607050265805092
0,0.05,0.539218523218523,0.00265029411621767,0.00636079037730378,-0.0344344065479813,0.0302276352239502,0.0129198508690805,0.0150743494327282,0.00548121908554121,0.0059300400947373
0,0.05,0.587444015444015,-0.00778961222322189,0.00552581895688452,-0.0336271086925298,0.0327289681350819,-0.00956416230040742,0.00947320062603443,-0.00588745806245779,0.00532760580551818
0,0.05,0.604612948612949,0.000492802482954778,0.00627782064472363,-0.0196269802697484,0.0232353087885523,0.00129653763368387,0.0110236479911041,0.00071976702544979,0.00612836168471841
0,0.05,0.616954120954121,-0.0103000474554761,0.00574305893504883,-0.0068056090181208,0.0200841183527957,-0.0136289380729632,0.0101765092053728,-0.00807628389325505,0.0056713345718499
0,0.05,0.559693507693508,-0.00422082027417686,0.00620946252763448,-0.0460553636010395,0.02506562404374,-0.00377089663169468,0.00912243313879777,-0.00245523391818293,0.0057286602429498
0,0.05,0.595238971238971,-0.00667581468805742,0.0066036231338378,-0.0382373794006021,0.0161317153007095,-0.0135602106053739,0.0117837613562496,-0.00741807614981098,0.00621053359915287
0,0.05,0.571298095298095,0.0117299488251038,0.00619708805450421,0.022657759634728,0.0200413189546767,0.0214003707660032,0.0124222346380571,0.0106647825414281,0.00552230418557538
0,0.05,0.592385488385488,0.00487247218893586,0.00633959819782022,0.0221151518846613,0.0160717601864782,-0.00787913373452045,0.0111847512350049,-0.00440672339504245,0.00605603986942148
0,0.05,0.602838242838243,-0.00481201357885873,0.0066307769313792,-0.0382484067179416,0.0241738437221054,-0.0056676669847295,0.00969247548941406,-0.0037308237593518,0.00704336120995995
0,0.05,0.595081255081255,-0.00362341465829396,0.00585198032946518,0.0046875744515837,0.0172019724153863,-0.0083065559142413,0.00893930604658003,-0.00542056215700858,0.00578211530866075
0,0.05,0.586784158784159,-0.00186581567211147,0.00632006828048113,-0.0505631106710943,0.025318860264748,0.0169986775865555,0.0153606092990632,0.00748443921828943,0.00607391198774525
0,0.05,0.596039492039492,0.00688331161636162,0.00584377441850747,-0.0483904818280108,0.0278262629292025,9.15796559240386e-05,0.0149830854632664,3.80165183749167e-05,0.00622858503162377
0,0.05,0.571753423753424,-0.00732060305696017,0.00616308828410238,-0.0193625272352385,0.0413464717300102,-0.00277404314001431,0.0127060939767403,-0.00133365190379211,0.00567981469251656
0,0.05,0.600269196269196,0.000440154591281237,0.00671110404734711,-0.0277606662455203,0.023074545431194,-0.00513744486550042,0.00931704923581041,-0.00353019528364412,0.00618017305360145
0,0.05,0.581527397527398,-0.00646281606117329,0.00570687350536508,-0.03232465979788,0.0228659714950392,-0.00187929938493525,0.00996455628922417,-0.00114460482440259,0.00628099986382695
0,0.05,0.610184254184254,0.000580632779698674,0.00664894440328568,0.00694803504191306,0.0205288095453519,-0.00268299518430532,0.00743166212215303,-0.00215009744049531,0.00640066244585744
0,0.05,0.631190983190983,-0.000644208421065551,0.00629465162792368,0.0129811625959534,0.0227438321785404,0.00208873078618475,0.00946605002506103,0.00135466534335546,0.0061629913800049
0,0.05,0.598509766509767,-0.00601891525255674,0.00593185879299761,0.0415615035919559,0.0116115085400067,-0.00102880525986891,0.00962718627161218,-0.000653330405045485,0.00589723550775811
0,0.05,0.617213873213873,-0.00975322386343014,0.00602326201373903,-0.00513087281155213,0.0155933825285977,-0.00391545642323598,0.00851219295433676,-0.00273004389158264,0.00611425756747066
0,0.05,0.594940614940615,-0.00427560307847106,0.00619566136793493,-0.0269209565967159,0.0192250449799805,-0.00610582264292144,0.00830920423212137,-0.00442314214451959,0.00568018534845384
0,0.05,0.635632883632884,0.00727771221535989,0.00628533767955863,-0.0376054410139266,0.0245000742480103,0.0134006643476029,0.0102002169886205,0.0085156783294421,0.00629276997759785
0,0.05,0.587272187272187,-0.00213968969087426,0.00572936791616943,-0.0226230213182016,0.0286655364163825,-0.00122246341631117,0.0104861568796082,-0.000713697241630151,0.00601099071222905
0,0.05,0.603334119334119,0.00469805895560016,0.00589000716649509,-0.0120836136739652,0.0297697099112731,0.000620106400978144,0.0101823079341239,0.000377066319263299,0.00587084193165492
0,0.05,0.60614331014331,0.00776212245744813,0.00589750028931383,0.0667558869193972,0.0317166585441101,0.0146750221344055,0.00832107700377323,0.01096293554518,0.00580009348268959
0,0.05,0.582281658281658,-0.00115476200217907,0.00614865519738662,-0.0454027407605729,0.0279768716267706,0.0168427393770245,0.0131177413075345,0.00855726473750127,0.0060708343892356
0,0.05,0.609157857157857,-0.0103162309783032,0.00595521427713415,0.0131252351758344,0.0292279115983451,-0.00374980930487141,0.0102871140562841,-0.00231658246961362,0.00592747730962223
0,0.05,0.618216786216786,-0.000873447232975523,0.00603498155931521,-0.013615841092345,0.0199349216933777,0.00744666085746091,0.00920143956995465,0.0048252991589438,0.0059933101953392
0,0.05,0.575063747063747,-0.00378832314660952,0.0062502371156246,-0.0295973374586381,0.0199541042068432,0.0179357922690072,0.0105122521913355,0.0106816227445991,0.00614152742287994
0,0.05,0.599633615633616,-0.0122151461770194,0.00620852357184965,0.0238628666713204,0.0177265330153713,-0.0130072808303643,0.00990387259775776,-0.00840245232475467,0.00636314589447136
0,0.05,0.579058455058455,-0.0106827289982723,0.00633135142531054,0.0118073191952688,0.0195767376153574,-0.00975020409636372,0.011556345554021,-0.00537966548742335,0.00674992171499488
0,0.05,0.574592014592015,0.00309420448306638,0.0062659749782882,-0.031470716243037,0.0361477104917575,0.00589882160585851,0.00885854410369905,0.00395910136585945,0.00582630706112899
0,0.05,0.523309147309147,-0.00578226418259291,0.00619722913948656,-0.0193973354809776,0.0240027412511471,-0.014982131766438,0.0182419388788767,-0.00537759113226618,0.00589203756964461
0,0.05,0.554046782046782,-0.00252206429696354,0.00617182999475772,0.0124027190867274,0.02288022852422,-0.00141415707859777,0.00960416884928904,-0.000864996041546255,0.00561323706507759
0,0.05,0.588542748542748,-0.00111826674445489,0.00627128748878241,-0.0119091057659699,0.0227677148530273,0.0101165920871023,0.0103637495108414,0.00583248043141544,0.00520826941535645
-0.5,0.25,0.599894387894388,-0.486234655474123,0.0248369474910897,-0.506093764393162,0.0503845161351463,-0.515409614834936,0.0479274560554217,-0.291829294236751,0.0253043260796261
-0.5,0.25,0.588907800907801,-0.536041286241835,0.0239844458941281,-0.590238385555458,0.0647420220229225,-0.469094292831451,0.0439770795822367,-0.310734456917552,0.0264857830785015
-0.5,0.25,0.556738972738973,-0.497272794521489,0.0209364542539949,-0.465986365610475,0.0477712712748908,-0.430183775038208,0.0431751516071866,-0.26256584209539,0.0234409405357983
-0.5,0.25,0.600108636108636,-0.527678016420954,0.0290109511201722,-0.56493080367166,0.0548909224859355,-0.529280544801714,0.0471004992349056,-0.329713872786573,0.0260108671946877
-0.5,0.25,0.590928794928795,-0.462456255032915,0.0241666808010976,-0.500950198435898,0.0541037452366925,-0.467970241104237,0.0500508451133418,-0.268861877956105,0.0238496448519016
-0.5,0.25,0.605584085584085,-0.489800185507504,0.0241853970232392,-0.639277758827846,0.0649966765797491,-0.460882063083454,0.0423459425107878,-0.283453650476325,0.0223367403919353
-0.5,0.25,0.58189934989935,-0.468990366943673,0.0222785409064659,-0.47999956999184,0.048398923572252,-0.479493480196216,0.0467733993877094,-0.273314195046112,0.0214131916926626
-0.5,0.25,0.577342561342561,-0.497868585559571,0.0244961966317243,-0.547213329851611,0.0572845743569703,-0.518579364489668,0.0591580324786451,-0.269175351636143,0.0238779880642104
-0.5,0.25,0.593940977940978,-0.503140168758484,0.0260826660699891,-0.525223274224067,0.0573622897456799,-0.488148179264791,0.0442012732540647,-0.305717553357871,0.0236263500428117
-0.5,0.25,0.595303459303459,-0.522050596170403,0.0235282541823997,-0.49606204659872,0.0478239894801725,-0.516177186927663,0.048778170778054,-0.294142992548847,0.025372724235457
-0.5,0.25,0.613036297036297,-0.501143750993116,0.0243578495461815,-0.542171551683007,0.0438976727714667,-0.52702310093809,0.0550750156770244,-0.284530121988279,0.024827212076566
-0.5,0.25,0.596920640920641,-0.456293607224633,0.0231616955654678,-0.495972485029087,0.0542387988541791,-0.44525244022993,0.046706714838431,-0.262946663658383,0.0236589056016348
-0.5,0.25,0.580974616974617,-0.514249991439693,0.0239607247066716,-0.646622812326793,0.0584697731294861,-0.47223655956964,0.0441736006941761,-0.291809343796692,0.0255386654427096
-0.5,0.25,0.607247563247563,-0.512018932557061,0.0235557310867458,-0.479864991049436,0.0522067881606199,-0.461546304178329,0.0435012717111031,-0.303246478048278,0.0237283506010001
-0.5,0.25,0.603611655611656,-0.529318013427727,0.0251361770751465,-0.497692473391963,0.0498424878897199,-0.563900126998115,0.0558691607533087,-0.316896477872062,0.0240308982771801
-0.5,0.25,0.600849888849889,-0.463385160675729,0.0221507964859797,-0.381306296713951,0.0390440791715759,-0.450383036095239,0.0441870122041436,-0.258165910432381,0.0217308960148303
-0.5,0.25,0.609125997125997,-0.489527832952458,0.0244359915580393,-0.458929060286182,0.0460109966865252,-0.504428690845952,0.0449018300390126,-0.303670505732256,0.0232545117969063
-0.5,0.25,0.60157018957019,-0.504594972663391,0.0252007338075891,-0.430247494801194,0.0427966746857971,-0.505253317371649,0.0496293805460979,-0.305838614224708,0.0264273918059683
-0.5,0.25,0.596563136563137,-0.536388577322034,0.026664724765748,-0.511794471961187,0.0514692330022743,-0.538022680256624,0.048826794304541,-0.335451165232749,0.0265919121448533
-0.5,0.25,0.558068694068694,-0.510201737441992,0.0244632013099945,-0.608971233288126,0.0578110823384313,-0.536021148992723,0.0495745772459798,-0.302378468073923,0.0238090164992144
-0.5,0.25,0.634992382992383,-0.48522377353555,0.0250711452901355,-0.577100930798423,0.0671646187613004,-0.510398544849431,0.0445339280365891,-0.321168705047443,0.0239649322591094
-0.5,0.25,0.626639882639883,-0.481493380332265,0.0214774634601695,-0.47558082814301,0.0378177749963612,-0.509658046536524,0.045445763168168,-0.306916883133822,0.0234213630427711
-0.5,0.25,0.60240575040575,-0.504955652697264,0.0239478106302403,-0.564644058699397,0.0660394408535529,-0.477167314878308,0.0405183630588081,-0.317464437789212,0.0238034907071864
-0.5,0.25,0.625692637692638,-0.523347440014774,0.0238812820657688,-0.529401905728424,0.0433996896223037,-0.514812525988221,0.044685436630238,-0.334167559497163,0.0245307355951287
-0.5,0.25,0.567411927411927,-0.504993792137857,0.0251993456436168,-0.550779091204503,0.0620684977020471,-0.518313206377551,0.0536014380537889,-0.294121607778047,0.0269854395655194
-0.5,0.25,0.598272586272586,-0.494849827045583,0.0183630255017157,-0.410030284078603,0.0281063338553044,-0.434822371215621,0.0402408947177673,-0.2709041499582,0.0218019535688054
-0.5,0.25,0.576575496575497,-0.48025298446355,0.0227153132981725,-0.544399946465622,0.0562351256222986,-0.498881123108204,0.0515326853199961,-0.274479641706317,0.0246423077954368
-0.5,0.25,0.589636921636922,-0.520235948691333,0.0252014246811807,-0.454853494023979,0.0439501359859842,-0.562883500532743,0.0573556282047678,-0.326012902853281,0.0249005076346408
-0.5,0.25,0.576428832428832,-0.448533889259276,0.0228179767055614,-0.379242505430828,0.0371704323184725,-0.44610511883664,0.0453617497283053,-0.262936231816764,0.0242008730807019
-0.5,0.25,0.580938340938341,-0.503969046263286,0.0244734086571674,-0.517964155163144,0.0405154417808945,-0.492513485970151,0.0475526964020971,-0.292144496796454,0.0230363464697009
-0.5,0.25,0.574792066792067,-0.513972830578911,0.0248082270061449,-0.537997367491201,0.0482659218016586,-0.546099823869728,0.0582078362488488,-0.29174322322102,0.0230365288270546
-0.5,0.25,0.604261312261312,-0.516783322673122,0.0257667381050151,-0.468527369730906,0.0493730055738577,-0.501749637428887,0.0470114275158833,-0.314034284768674,0.0256273672077042
-0.5,0.25,0.629810933810934,-0.510714321510145,0.0240467626497305,-0.487311782540952,0.0405504793329466,-0.511309046666658,0.046288491018135,-0.31440350062331,0.023399819130044
-0.5,0.25,0.623116775116775,-0.514735464755351,0.0237976420998725,-0.446428357580027,0.0442518530996876,-0.514233034446373,0.0453482595281317,-0.318770057488849,0.0244157376767707
-0.5,0.25,0.59443461043461,-0.50088406265248,0.0252522110785533,-0.519863658590771,0.0516698188650079,-0.473972182805489,0.0437943668085359,-0.305423698125735,0.0266418278401129
-0.5,0.25,0.572426228426228,-0.517387838988697,0.0265485864439878,-0.535070142160936,0.056749394740745,-0.508063545475208,0.0548229210643765,-0.291950922509976,0.0270362602454501
-0.5,0.25,0.616655104655105,-0.517026471061775,0.0232957661075201,-0.499203294400812,0.0498641441710362,-0.541044728905151,0.0529398169690085,-0.312325714343608,0.0231724730072011
-0.5,0.25,0.587291723291723,-0.497642622727998,0.0234303372845856,-0.442123476112692,0.0410571335724373,-0.492471288047282,0.0490869705526536,-0.283662928202359,0.0218440178325015
-0.5,0.25,0.626669018669019,-0.491405367258235,0.0258188129663669,-0.515784924291274,0.0573827079363068,-0.450633056999855,0.0427825366867741,-0.296465544308442,0.026914831595655
-0.5,0.25,0.551486963486963,-0.482377391669596,0.0219275037249225,-0.52469000247113,0.0570810071242186,-0.517297105347921,0.0570482906311677,-0.274764467446706,0.0232091053532055
-0.5,0.25,0.635093279093279,-0.468537788163625,0.0216959236527208,-0.499072196416764,0.0474225953704828,-0.454319186278,0.0436803107718524,-0.276672985263447,0.0215647769276165
-0.5,0.25,0.579772503772504,-0.522876030088681,0.0276998417156187,-0.521417991196364,0.0456638680487837,-0.478234968176517,0.0491362451473987,-0.290453824892997,0.0275720652553866
-0.5,0.25,0.566116898116898,-0.484190675481039,0.0251082082930448,-0.449679204795853,0.0469770338021293,-0.487635751234572,0.0481992410403088,-0.267923266892057,0.023745973220413
-0.5,0.25,0.569234453234453,-0.533974569097772,0.0244113766622534,-0.480789791858945,0.0351619384849476,-0.553394336460927,0.055698659992285,-0.314999417405145,0.0259066802690924
-0.5,0.25,0.584546084546084,-0.48718989540209,0.0244691831403489,-0.500490455461375,0.039422520452195,-0.467841241539203,0.0451910471633122,-0.274430103537275,0.0243922474387774
-0.5,0.25,0.579688191688192,-0.542946063834852,0.0240792962164854,-0.501124844951268,0.0408813868136182,-0.552185513293503,0.0528536048997405,-0.324527787413993,0.0244357073695861
-0.5,0.25,0.631539295539296,-0.454170572372621,0.0230312522339131,-0.417121417848752,0.0380170806766193,-0.471597009822143,0.0439700710758787,-0.29478996496203,0.0228816754292766
-0.5,0.25,0.589164229164229,-0.49587649560189,0.023425732415479,-0.477024996221985,0.0394596399910487,-0.553367935899299,0.0568843708872233,-0.291367444938516,0.0236815790349273
-0.5,0.25,0.579616731616732,-0.502766832007441,0.0216809454688022,-0.598928977021959,0.0381994233972361,-0.469540839869012,0.0448515286899159,-0.282749446960144,0.022442037735927
-0.5,0.25,0.536082392082392,-0.483150945242126,0.0235001709669067,-0.570941089930407,0.0477602782499701,-0.496468687295675,0.0512303774949769,-0.273220500341336,0.0244628464626282
-0.5,0.25,0.582394182394182,-0.505573221678787,0.0248807356416302,-0.562909034802014,0.0613923266070507,-0.439431891206743,0.0431857257009764,-0.268769944645766,0.0249881661429091
-0.5,0.25,0.629337293337293,-0.519608777764785,0.0251217386116183,-0.444764583491693,0.0376519064516235,-0.504396987269916,0.0419584008455795,-0.325086922752697,0.0243356509414624
-0.5,0.25,0.583153231153231,-0.452919390100164,0.0236445914697355,-0.55835079518474,0.0517741488519234,-0.420126947514361,0.0417362563873834,-0.252203680682885,0.0222131491538484
-0.5,0.25,0.599675123675124,-0.491110610291838,0.0223816952118251,-0.509155744837337,0.0479621162070255,-0.434174843436976,0.0412052125358057,-0.277486993585719,0.0235595082417942
-0.5,0.25,0.569293613293613,-0.503954808174678,0.0236066451067402,-0.488341507068568,0.0461720069623369,-0.548251689541946,0.0598841913527871,-0.283849303753689,0.0235054723855679
-0.5,0.25,0.585090573090573,-0.450079187696042,0.0224688069774175,-0.466762304727326,0.0494806145565267,-0.417264381479792,0.0403116801033415,-0.256903530518433,0.0230805062758503
-0.5,0.25,0.582366966366966,-0.490148321196326,0.0247391425444722,-0.415941558067056,0.0435401940742071,-0.465615597199272,0.0437495920236412,-0.283258913234203,0.0250159947141975
-0.5,0.25,0.607424419424419,-0.494277681258903,0.0232596336464494,-0.491916331116076,0.0497577385468082,-0.413998400203525,0.0402370356123142,-0.256265714167631,0.0227612512562872
-0.5,0.25,0.586348954348954,-0.502236263268293,0.0236476648171181,-0.615086273762472,0.0658415346225685,-0.490058533329515,0.0491891429591156,-0.27877256637701,0.0230740171651333
-0.5,0.25,0.600720804720805,-0.485847329946242,0.0255855567643484,-0.452609683731582,0.0449470069286508,-0.452126991978434,0.0421880947797017,-0.287096792673619,0.0243478151907129
-0.5,0.25,0.636567972567972,-0.50214875439148,0.0242333069617016,-0.545836479139609,0.0590192892170541,-0.524275969965044,0.0466408955410993,-0.326157381960821,0.0226002152010417
-0.5,0.25,0.589959913959914,-0.498946178242306,0.0240223992131663,-0.541296417049706,0.0604904497867043,-0.488928902896062,0.0486833429642829,-0.296050464802934,0.0236829085023195
-0.5,0.25,0.601012297012297,-0.544443092946001,0.0257395129083369,-0.644314404871611,0.0604007885504551,-0.547295356820944,0.0507204474168982,-0.331108672066606,0.0252708171602244
-0.5,0.25,0.58427354027354,-0.475519609113808,0.0237732143367765,-0.556601261220894,0.0467546901030354,-0.548075534466126,0.0567624757526253,-0.276241569390362,0.0232779698052237
-0.5,0.25,0.602111186111186,-0.45991482001357,0.023165202424588,-0.47546160194697,0.0422076519875857,-0.462112431503407,0.0462737797088953,-0.266389297996245,0.0235228821464562
-0.5,0.25,0.570503478503478,-0.490138013705001,0.0254497192910644,-0.424943700491602,0.0412240052100918,-0.535334809918503,0.0561954636109349,-0.287885378677796,0.0250065174486658
-0.5,0.25,0.60399987999988,-0.529509333716919,0.0259422706291628,-0.538069240313804,0.0529345754622565,-0.532241647047829,0.0476278140191424,-0.337295956209456,0.0259287207767712
-0.5,0.25,0.561722553722554,-0.483928512693281,0.0247727605259534,-0.392023207537507,0.0469916738328209,-0.546646396868777,0.0573924100434029,-0.280464265351077,0.0265879863182407
-0.5,0.25,0.601949593949594,-0.496093158520536,0.0258112732431736,-0.539154934227462,0.0485284264051553,-0.567522550223364,0.0543824441012278,-0.314706938908152,0.0247786299370541
-0.5,0.25,0.57252086052086,-0.49207002425894,0.0223455805956991,-0.475703148175484,0.0458873622994531,-0.501866027709123,0.0483302270279319,-0.277812007572639,0.0251362840404424
-0.5,0.25,0.619221775221775,-0.531964134049674,0.0254952783186439,-0.493196746799927,0.0459103510143659,-0.591749531312194,0.0558375152815841,-0.35028029495595,0.027588318038019
-0.5,0.25,0.585351621351621,-0.488314223949297,0.0257509399180029,-0.485459520122279,0.0549112692452787,-0.493070170700152,0.0501181321642576,-0.301020114189648,0.0248067505103137
-0.5,0.25,0.603612951612952,-0.470258535134003,0.0255198379962549,-0.512658905914721,0.0628888585317806,-0.456965350275545,0.0453651625888948,-0.260001264680856,0.0230406220208545
-0.5,0.25,0.603187431187431,-0.521131067141186,0.0253276993289019,-0.427026551047994,0.0383059874495757,-0.593789192014774,0.0605818332876312,-0.337908884443682,0.0245577619901332
-0.5,0.25,0.568315984315984,-0.503057852979042,0.0235685330754956,-0.476128743666277,0.0486343327531518,-0.543712686763235,0.0523941408039737,-0.312940125413134,0.0247848082250957
-0.5,0.25,0.623949623949624,-0.4699144532737,0.022689591570389,-0.57067546156998,0.0352355396062105,-0.490291650841803,0.0396568637125766,-0.31354880491719,0.0205081003149073
-0.5,0.25,0.591984615984616,-0.547225525989504,0.0257443020231923,-0.583231778824286,0.0570740454295665,-0.632941410119564,0.0684111792839237,-0.34189467389832,0.0261360956260288
-0.5,0.25,0.530725634725635,-0.478827687855632,0.0231247433296771,-0.491147121960829,0.0480426576643909,-0.4529525127404,0.0500166992403186,-0.241266594870661,0.0220628183990414
-0.5,0.25,0.566201522201522,-0.524507528265136,0.0249290698268545,-0.536871402436992,0.0600666559804175,-0.473528302027706,0.0495167811852428,-0.270617602477509,0.0241264593859692
-0.5,0.25,0.549446001446001,-0.506943372937527,0.0271995875644357,-0.453728112546753,0.0479178777832387,-0.500452140546121,0.0548180577021464,-0.267701764097952,0.0265754368922154
-0.5,0.25,0.592733236733237,-0.481517366038473,0.0215813312998399,-0.480489406172514,0.0357929038623847,-0.537772330459527,0.0486272413410097,-0.316876678881182,0.0233846473014129
-0.5,0.25,0.575863403863404,-0.51178682826331,0.0256615249010951,-0.549715907088815,0.0552524352125915,-0.509768019885272,0.0519494713938899,-0.284566801580155,0.0245615050102967
-0.5,0.25,0.610273054273054,-0.503135091426129,0.0243122360303326,-0.434375502497757,0.0384145723310057,-0.496591020057138,0.0441297700688046,-0.306528974051066,0.02308975619983
-0.5,0.25,0.606347286347286,-0.556099996963471,0.0286435614935601,-0.545713054917864,0.0498964608695394,-0.538773231264768,0.0505347935118413,-0.326445739021984,0.0275536244605286
-0.5,0.25,0.578792450792451,-0.515155686573971,0.0254068858900863,-0.466379228173137,0.0511635654161597,-0.5014530808991,0.0522272227870675,-0.28808066802035,0.0248571689018638
-0.5,0.25,0.622101634101634,-0.510500713353437,0.0233134934674719,-0.525306880713473,0.0515729899403287,-0.519837661786818,0.0478461888586604,-0.32177376520722,0.025379189883589
-0.5,0.25,0.547044163044163,-0.487727852025078,0.0218389131100768,-0.473362559427828,0.051737562808478,-0.565712063980103,0.0647034049605753,-0.269672397796545,0.0245848708397794
-0.5,0.25,0.581537057537058,-0.471954740546792,0.0206274477585126,-0.454594627647115,0.0459936324388552,-0.474499941254895,0.0481848577226634,-0.268425896912384,0.0205322646651904
-0.5,0.25,0.587282579282579,-0.453352487652807,0.0229011433473754,-0.469039598285221,0.0399808221340685,-0.462514855934956,0.0461319114288226,-0.267150893852387,0.0222965796820722
-0.5,0.25,0.600942780942781,-0.536537600727815,0.0264249979175586,-0.556400447677573,0.047800743609518,-0.542671019827183,0.0466354670390405,-0.350427145047338,0.0268771687560531
-0.5,0.25,0.597074097074097,-0.51720280648392,0.0239526922552403,-0.523230402987017,0.0445838862891427,-0.519033875488548,0.0466649722819073,-0.309797363844832,0.0254052382900103
-0.5,0.25,0.647396639396639,-0.538988051913682,0.0249137664205349,-0.558753876603982,0.0502778898859779,-0.525094274097046,0.0434632444138117,-0.344372374238895,0.0251295943571182
-0.5,0.25,0.611755043755044,-0.451388585751075,0.019997214791334,-0.428195871497852,0.0475892647457728,-0.399320398832304,0.0357297577182568,-0.268712834840002,0.0213008880824911
-0.5,0.25,0.570478122478122,-0.503636161215199,0.0247566894692757,-0.415824774773089,0.0468692724199869,-0.607383645736543,0.0643687243178008,-0.328306380388479,0.0230559358321566
-0.5,0.25,0.588558504558505,-0.489251392583212,0.024054925592012,-0.564120383580645,0.0652453422299813,-0.491830057727358,0.048359335718665,-0.291126958130662,0.0247968223126424
-0.5,0.25,0.60448714048714,-0.518679755132056,0.0245003163610247,-0.546854989681094,0.0508501076974151,-0.606408812267599,0.0565649203134859,-0.348294879311938,0.0250470540989587
-0.5,0.25,0.578959058959059,-0.497437005148423,0.0219953759796362,-0.475285857882545,0.0431916658545271,-0.54750009850906,0.0540382771474,-0.302679848838167,0.0232615676164379
-0.5,0.25,0.619413583413583,-0.511460388673802,0.0290621501297071,-0.558680114135631,0.0506083001595857,-0.520407532909753,0.0457372468519489,-0.33272253171617,0.0270601635338703
-0.5,0.25,0.58786853986854,-0.484078703339308,0.0260824339041312,-0.591434673686502,0.0554714815967861,-0.424830465509726,0.0440981995289581,-0.26607800377742,0.0267273054217739
-0.5,0.25,0.622943686943687,-0.490014651254067,0.0237321963294732,-0.49445845723057,0.0344805827251532,-0.480771002262578,0.0443246769900636,-0.305824936094734,0.0223705016716446
-0.5,0.25,0.616950400950401,-0.534586281550991,0.0245011918209812,-0.540101163633162,0.0444027958297581,-0.554267908161051,0.0527196498106829,-0.334552582768711,0.0250591089242402
-0.5,0.25,0.583230487230487,-0.508123486008748,0.0248428414816488,-0.576267935943909,0.0555121582587359,-0.530821626433721,0.0559816687968608,-0.279714416792553,0.024200028822992
-0.5,0.25,0.595558447558448,-0.500613360528586,0.0246157585603946,-0.478265393071525,0.0541077713366155,-0.522688649254187,0.0489687123938283,-0.306966384291546,0.0245807008602203
-0.5,0.25,0.565068637068637,-0.474763206614681,0.0233107596950472,-0.476994214664953,0.0466113971877901,-0.475860362449593,0.0493293213996759,-0.263941991938135,0.0227067256141068
-0.5,0.25,0.605645093645094,-0.524084491664979,0.0261686960365935,-0.662211112496361,0.071080624786476,-0.553968665616901,0.0529752598059582,-0.321497132074569,0.0263097307493767
-0.5,0.25,0.604449244449244,-0.485623920359354,0.0249771726784849,-0.533214484527181,0.0468614370727496,-0.520524933079531,0.0472059115751423,-0.303370974955053,0.0232230079949742
-0.5,0.25,0.624711312711313,-0.480385021083761,0.0235700723206663,-0.458949950264094,0.0446827956642494,-0.500739304891876,0.0435277296695624,-0.315440991510918,0.02471794972038
-0.5,0.25,0.595236775236775,-0.49916806094027,0.0218711376554226,-0.432039758616915,0.0450307753142554,-0.54649273182495,0.0544504920028221,-0.311981682652093,0.0192853031459101
-0.5,0.25,0.611280311280311,-0.485448926323509,0.0226036421015612,-0.533477485855007,0.0521854386985528,-0.475627334161151,0.0419523172159609,-0.301519210847061,0.0225457385131573
-0.5,0.25,0.595777927777928,-0.550692025441507,0.0295136798134723,-0.752980214914731,0.0725852205618578,-0.621427668620439,0.0641178585824388,-0.325124806636666,0.0279902227880359
-0.5,0.25,0.600497232497233,-0.535762549110738,0.026840188092777,-0.449578752511338,0.0451762255425211,-0.556743132087994,0.0520568675528457,-0.327267510508543,0.0267518849204346
-0.5,0.25,0.589900273900274,-0.53096915286493,0.0242394473420102,-0.517165930529654,0.0486687495088895,-0.613678446816906,0.0621231017056073,-0.331446911928816,0.0251875044842194
-0.5,0.25,0.598027246027246,-0.460747616972159,0.0258606468520206,-0.476237230899774,0.0518192879971783,-0.462498709187696,0.0452866746770709,-0.258897760369335,0.0218302796986991
-0.5,0.25,0.597058953058953,-0.496753458794264,0.0232727910973342,-0.434680848423489,0.0406630348835562,-0.463373229661351,0.0435564300090586,-0.289869315444202,0.0238304055335336
-0.5,0.25,0.61623124023124,-0.521398330828379,0.0232480983755309,-0.591889655616228,0.0591803755740021,-0.595576077268563,0.0619678276549166,-0.33384611471138,0.0253632456142414
-0.5,0.25,0.601068781068781,-0.522344709975204,0.0251024490296401,-0.461754103311392,0.039763752661606,-0.542660045226133,0.0538794030800441,-0.31321522693148,0.0263732087689511
-0.5,0.25,0.589236397236397,-0.491476990514972,0.0242199541128,-0.515580033094339,0.0540493641866514,-0.45044514985231,0.0425454298461825,-0.279307211201746,0.0252604388719134
-0.5,0.25,0.574484722484722,-0.511413309254736,0.023827610047511,-0.445659343193138,0.0423427665331935,-0.548494043560817,0.0588184221168491,-0.306302640639849,0.0237258095589682
-0.5,0.25,0.57826595026595,-0.49243017668802,0.024911798893747,-0.534147538401553,0.0452350341523151,-0.481227767273279,0.0469180638252693,-0.285755752871061,0.0249700245434167
-0.5,0.25,0.637588717588718,-0.502346012048121,0.0230408783040698,-0.395583986753382,0.0377132957057713,-0.526993680655592,0.0493422918627223,-0.33374911977126,0.0225644169778363
-0.5,0.25,0.618326454326454,-0.488545647496738,0.0208628675246091,-0.596907471819615,0.0514334440297077,-0.464844416565243,0.038924854182722,-0.308122286627352,0.0226805505437327
-0.5,0.25,0.572627864627865,-0.506295175025303,0.0203703926315387,-0.448634955587892,0.0480492301659189,-0.497721147825751,0.0479035465408136,-0.288702886546355,0.0236965820355607
-0.5,0.25,0.591735471735472,-0.487436129945681,0.0209855353458725,-0.51835478203091,0.0491480536129328,-0.46433149439477,0.0412445223171147,-0.284844417241048,0.0198680777452106
-0.5,0.25,0.64760975960976,-0.49940644572723,0.0253421898098453,-0.507835629065068,0.0506673863168681,-0.533360517819716,0.0472400647064704,-0.326644591520148,0.0240374108292693
-0.5,0.25,0.570805818805819,-0.532284146704458,0.0255220194637295,-0.535350191878662,0.0495088076926576,-0.501288801155837,0.0535227613370998,-0.283417432552578,0.0257446706751876
-0.5,0.25,0.577441825441825,-0.501815887221314,0.027770834735203,-0.467774266696556,0.0448858904910195,-0.503821903135255,0.0535623315136506,-0.284868969610073,0.0258090024510422
-0.5,0.25,0.578412698412698,-0.501611986547302,0.0253271847941755,-0.525435198656316,0.047865551378397,-0.511137534571378,0.0509583149337043,-0.290138612098042,0.025388938083885
-0.5,0.25,0.607531303531303,-0.494849539116072,0.024382021170207,-0.541236702413681,0.0573278724918347,-0.504958198104781,0.0461948598203882,-0.309466974867558,0.0249879375375289
-0.5,0.25,0.619004479004479,-0.498533207147893,0.0233414115092064,-0.539200408554266,0.0420326445179289,-0.515572598341977,0.0443802875591335,-0.320688708411508,0.0228229385207514
-0.5,0.25,0.574659814659815,-0.542485899472656,0.0264349721449279,-0.504419936877948,0.0408415284887551,-0.573351544729322,0.061373351981736,-0.316873970803061,0.02625025039584
-0.5,0.25,0.587967323967324,-0.515002659727478,0.0233126531702538,-0.515585254302344,0.0519929094785023,-0.501574617410182,0.0428399479808406,-0.326127074237781,0.0237666534085053
-0.5,0.25,0.566656730656731,-0.534873666145414,0.0250400391978804,-0.499926647940018,0.0538259084496896,-0.644558744757082,0.073531125213185,-0.317969135521809,0.0257318802769287
-0.5,0.25,0.619714375714376,-0.540814295980892,0.0257463358372753,-0.490722739659099,0.0441127296028169,-0.578088215924699,0.0589600560482665,-0.322405062830175,0.0261967655582043
-0.5,0.25,0.618385902385902,-0.491004443079383,0.0245553530009481,-0.471579299665207,0.0452226752986427,-0.471300438315786,0.0404248769030307,-0.316985857966099,0.0231823782970095
-0.5,0.25,0.579684855684856,-0.505118510000404,0.0235259150956219,-0.491661550869945,0.0428924207542847,-0.466001485574476,0.0448012500845858,-0.282871448586676,0.025771706574139
-0.5,0.25,0.556315528315528,-0.452153463864092,0.0217519809216116,-0.468077914305634,0.054454005815502,-0.415346295140087,0.041391532558151,-0.24890522896628,0.021488171940572
-0.5,0.25,0.536065712065712,-0.463076127001516,0.022232852703926,-0.389733250952439,0.0266567881658116,-0.510088639058131,0.0639427081364552,-0.232872967277705,0.022096259694194
-0.5,0.25,0.562639642639643,-0.54600615417089,0.0266325403874383,-0.521651792407524,0.0513421660917067,-0.577180704423136,0.0580982412809433,-0.320585243261313,0.0265706968451676
-0.5,0.25,0.584908328908329,-0.486156553270487,0.0243511945233543,-0.533227898214142,0.0612017094983583,-0.453334413742821,0.0406283244814826,-0.29481601425404,0.026081894241765
-0.5,0.25,0.633965973965974,-0.49690330401705,0.0244860855145665,-0.539988225472991,0.0510849638027936,-0.461764607426958,0.0435378365130505,-0.291553668625499,0.0248562907126851
-0.5,0.25,0.611600135600136,-0.477038720416155,0.0217711051149879,-0.418589088109652,0.0381453462511133,-0.483882075205659,0.0418563549001149,-0.296599370560819,0.0213104074685803
-0.5,0.25,0.578973374973375,-0.488100305371663,0.0250640421014021,-0.497640412942391,0.0530668933413071,-0.465139726333446,0.0473308754327906,-0.277360847253348,0.0243865415182789
-0.5,0.25,0.592127452127452,-0.47728272433323,0.0259362631138996,-0.52851345626388,0.049195467608813,-0.466825974870997,0.0441729744865333,-0.277095263785209,0.0240623960920469
-0.5,0.25,0.608688824688825,-0.528805173427616,0.0225039702298849,-0.57434065582552,0.0536996063421811,-0.498742326469159,0.0453545664753693,-0.315083409521775,0.0227642617705341
-0.5,0.25,0.577848397848398,-0.500490391994785,0.0245485674891441,-0.572503257774885,0.0451321391366882,-0.553750793362999,0.0577487550381768,-0.291208162914761,0.0250086418647761
-0.5,0.25,0.602871926871927,-0.461543067298505,0.0244842291838046,-0.501111144727109,0.0425905920673286,-0.419680465685394,0.0404866536523049,-0.267617044301898,0.0241865935391217
-0.5,0.25,0.640620952620953,-0.504857760432273,0.0231046724246271,-0.499479170058871,0.0446430229514584,-0.493985860207127,0.0388869162023518,-0.341119913098398,0.0234547607545283
-0.5,0.25,0.608671604671605,-0.529429667149016,0.0267420090437178,-0.52851880142023,0.047083058445914,-0.548620769631469,0.0500884533809099,-0.317535547584815,0.0253790755561708
-0.5,0.25,0.614566502566503,-0.513495879403261,0.0210512821813599,-0.670143455253134,0.0646226968473265,-0.475923105015009,0.0398992248048289,-0.315958595815654,0.0234208582571667
-0.5,0.25,0.584665904665905,-0.474553707201629,0.0241869465368144,-0.411230651424422,0.0437374223857313,-0.487467821667112,0.0516961123611552,-0.266796748040511,0.0237496848447555
-0.5,0.25,0.603080943080943,-0.532096161719881,0.0270468126983013,-0.66372446683122,0.0704646143229996,-0.528674847825588,0.04697742202973,-0.331212372260175,0.0276574627031398
-0.5,0.25,0.66235007035007,-0.526229171924622,0.0254626385713086,-0.54596945540323,0.0665658094986518,-0.538907167106578,0.0479370591672798,-0.349197905605305,0.0229166723698265
-0.5,0.25,0.604116196116196,-0.466739968950498,0.0223919600179553,-0.494847641853036,0.050143701406299,-0.489664782802186,0.0482476035687104,-0.282995678938098,0.0223421085146125
-0.5,0.25,0.572327672327672,-0.492612173811528,0.0198733917004804,-0.518104224688536,0.0373770401872691,-0.514814371269486,0.0520511935600903,-0.271425688160969,0.0200024592381103
-0.5,0.25,0.587975447975448,-0.495749813483209,0.0231615844807221,-0.471593943831588,0.0359802453411353,-0.465800733194046,0.0447409229291865,-0.291948689290733,0.0242558407758412
-0.5,0.25,0.595789531789532,-0.505771474722817,0.025962757386624,-0.46710231608985,0.0538338261255438,-0.552959073031983,0.0554256219946784,-0.309195977563829,0.0251752322145769
-0.5,0.25,0.578273702273702,-0.475622442738632,0.0218055802040801,-0.438854622621399,0.038125976663063,-0.547972717460028,0.0540360105512001,-0.306310471758203,0.0223279846355137
-0.5,0.25,0.558238578238578,-0.549561293828542,0.024102087580794,-0.534153791056305,0.0443413823108245,-0.522502224233904,0.0511622182918965,-0.307607954746923,0.0285382438665054
-0.5,0.25,0.599652767652768,-0.503634630371568,0.0250492412794902,-0.492600687311142,0.0454921029398186,-0.505730129841461,0.051162171166703,-0.284189158825749,0.0267017654832536
-0.5,0.25,0.630932418932419,-0.546744082625252,0.0256675946768232,-0.482281814096988,0.0478433858120533,-0.506681485717142,0.0425171405606975,-0.344798235945312,0.024592442249277
-0.5,0.25,0.581998841998842,-0.49509639506809,0.0247881664960581,-0.516524977569228,0.0530813384542025,-0.5734625296829,0.0600240314948065,-0.309188239890818,0.0240196068546686
-0.5,0.25,0.60579650979651,-0.520609850638597,0.0239561033713188,-0.573954522120984,0.0559390661601922,-0.4713080677242,0.0399244344298445,-0.308585768393576,0.0251880254669934
-0.5,0.25,0.601690417690418,-0.512208154833467,0.0256004214309915,-0.547647419129092,0.0553101802699496,-0.530421925241629,0.0442260749147552,-0.3265009591357,0.0228063946097881
-0.5,0.25,0.570756438756439,-0.528872096520885,0.0250390621112288,-0.504990989700186,0.0428777022894087,-0.452242148045218,0.0427685595792252,-0.288208323152374,0.0244386207668177
-0.5,0.25,0.587900087900088,-0.514033348111032,0.0264682152652651,-0.55953467621896,0.0527057333988532,-0.560996958258275,0.060390953941422,-0.288135475997917,0.0225655313245908
-0.5,0.25,0.605851601851602,-0.440653331387226,0.0204092536977029,-0.39047465813774,0.0432921912903342,-0.441911808549467,0.0440525349359672,-0.259558459270253,0.0228020976984807
-0.5,0.25,0.611882243882244,-0.503682418360459,0.0220250747427356,-0.5207692310723,0.0386137343908376,-0.492118878751579,0.0422336469095372,-0.314821918068762,0.024258489952071
-0.5,0.25,0.612106692106692,-0.51720919919578,0.0238271051577918,-0.554728364897052,0.0391560413441702,-0.489010624600985,0.0407811654030999,-0.324651997388057,0.021723899380771
-0.5,0.25,0.547490263490264,-0.500458995306645,0.0218647883451247,-0.498344658687633,0.0428112965752782,-0.521870450818493,0.0581803197671323,-0.264102797518134,0.0238144743424439
-0.5,0.25,0.577576621576622,-0.501819267830536,0.0240117586205499,-0.484336654299381,0.0402115525186206,-0.456656162429967,0.045296487811634,-0.289123684126655,0.0239097881004687
-0.5,0.25,0.572659784659785,-0.531873368939468,0.0263419834827102,-0.492415691705632,0.0523419634324565,-0.49577390806158,0.0500316810827376,-0.298227447250548,0.0268353875355677
-0.5,0.25,0.604230724230724,-0.485991746287769,0.0216067729939167,-0.484369409936426,0.0419088768475998,-0.420786606299582,0.0384917440125387,-0.275277551266531,0.023392446722215
-0.5,0.25,0.609704601704602,-0.542541049458236,0.0287018600402614,-0.597719806138351,0.0503919141208388,-0.478398590083846,0.0446972532309164,-0.305594062285737,0.0282123239157352
-0.5,0.25,0.590569334569335,-0.474949669406424,0.022225211616698,-0.446987611947799,0.0407208692663051,-0.533950677364487,0.0533952969642414,-0.284447211106424,0.0214024376559315
-0.5,0.25,0.562691002691003,-0.524200078756077,0.0265124845457571,-0.542123180004134,0.0618568112236703,-0.529154159371002,0.0497856165079591,-0.296046178519949,0.0253700325872549
-0.5,0.25,0.58214091014091,-0.464198201404105,0.021054548908498,-0.458500943273437,0.042069057017128,-0.419977427112496,0.0397688458248501,-0.265101851500437,0.0232467696655155
-0.5,0.25,0.607243291243291,-0.485157605946647,0.0223979603997186,-0.447173909430406,0.0440743323774591,-0.44986652752869,0.040633239825053,-0.277871674681168,0.0235382997895004
-0.5,0.25,0.605119685119685,-0.472831587450719,0.0218975469273228,-0.438322502525213,0.0413898737867307,-0.456773165864347,0.0442129087246616,-0.270333307397169,0.0224713701498179
-0.5,0.25,0.609828381828382,-0.505713163500982,0.0231755177741218,-0.451276583112477,0.0406509176073093,-0.51861288976646,0.0498688256012189,-0.312895277951477,0.0232544570227368
-0.5,0.25,0.587073803073803,-0.506963963996748,0.0246183643398578,-0.425911913477203,0.0354753982908469,-0.576627580523779,0.0526348430994135,-0.333595262064171,0.0219322094558967
-0.5,0.25,0.584132888132888,-0.511776126426987,0.0253442152586494,-0.557523616939321,0.046304279598856,-0.475450358752,0.040480132007486,-0.315934386883285,0.0223468300125799
-0.5,0.25,0.620716448716449,-0.475699994074496,0.0251842826404983,-0.483081416389327,0.0466828761962627,-0.432278904144507,0.0390339264291386,-0.292373049497343,0.0248978681629111
-0.5,0.25,0.563378699378699,-0.520837637634167,0.0257981853225621,-0.455178329168829,0.0387338848387648,-0.576352339264692,0.0565113215738375,-0.313288835077854,0.0257127822888524
-0.5,0.25,0.572827652827653,-0.42964175933888,0.0222131683071725,-0.429716383302604,0.0467421733697744,-0.420640777573486,0.0417931335976205,-0.265585355685832,0.0226356895590952
-0.5,0.25,0.595445455445455,-0.513791282701962,0.0253864422249517,-0.463599095614476,0.0414160316091504,-0.563824634586973,0.0498398706908847,-0.343027746091563,0.0257333796135731
-0.5,0.25,0.595072795072795,-0.548215381193361,0.0261356720646886,-0.537321576160236,0.045191749641309,-0.550667789051839,0.0474987027716669,-0.334990429295344,0.0244739034185071
-0.5,0.25,0.604675192675193,-0.479950096288314,0.0257812182100051,-0.454780917940393,0.0527506767169939,-0.520188912050993,0.0522963294636106,-0.297870614507801,0.0231252559147619
-0.5,0.25,0.588875964875965,-0.534290461427913,0.0264307201837096,-0.527984627794203,0.0473580356010944,-0.505522329959132,0.0485460296257258,-0.309717820330877,0.0268432393781352
-0.5,0.25,0.586132678132678,-0.498543795724133,0.0245711218304215,-0.469147384758642,0.0407908981676618,-0.530988136458124,0.0504932310930482,-0.301499630380461,0.0254228991108158
-0.5,0.25,0.620555468555469,-0.500901996335256,0.0280125384774123,-0.478529301346091,0.0424786225138307,-0.486394842247713,0.0437454164570984,-0.326736823695464,0.0266053048564398
-0.5,0.25,0.57650772050772,-0.509026901642294,0.0221738152373112,-0.408857310550324,0.035200043492353,-0.616506801253323,0.068472890368767,-0.308531896424171,0.0248353118864104
-0.5,0.25,0.596052548052548,-0.538963167648377,0.0273776114275065,-0.587123338796347,0.0459082257748528,-0.583518947741033,0.0580196956129278,-0.327375679227354,0.0258446458658848
-0.5,0.25,0.551413259413259,-0.481628179332832,0.0247206324177095,-0.438539092880717,0.0468949195139997,-0.482266288284443,0.0558453868782589,-0.261140975830648,0.0239994348525059
-0.5,0.25,0.573826245826246,-0.513324859369796,0.0260804394871537,-0.502186316921047,0.0539290892735318,-0.549453099745936,0.0582828725591365,-0.284645935444886,0.0228704647533374
-0.5,0.25,0.596036348036348,-0.522829104750836,0.0225475230777194,-0.490841134204063,0.0510497873240238,-0.53777882737547,0.0517760904988473,-0.314216046212616,0.0250641463228109
-0.5,0.25,0.576814128814129,-0.532335045596023,0.0206527177527337,-0.585534211223328,0.051103828019332,-0.596492166172002,0.0579672241792296,-0.31840175423416,0.0242369378491384
-0.5,0.25,0.609914277914278,-0.4794421861146,0.0232827893241658,-0.466085572005967,0.0404198143902148,-0.440749030738836,0.0404491633765228,-0.281630730413972,0.0237197814955047
-0.5,0.25,0.574837774837775,-0.513485763141073,0.0262584402043148,-0.592784205068078,0.065005924210157,-0.516367621994771,0.0540484454683383,-0.292729840457084,0.0253734471529178
-0.5,0.25,0.581485193485193,-0.467762341060038,0.0196156048887887,-0.492361043483468,0.0454278512137953,-0.440322329787016,0.0412323172373762,-0.265172230475641,0.0225402981416118
-0.5,0.25,0.595932223932224,-0.503492117082937,0.0239621514977857,-0.431449056665369,0.0502142976706331,-0.505361637123744,0.0479088874371183,-0.296107748544458,0.0251050978390844
-0.5,0.25,0.595491403491404,-0.469307921996177,0.0220076500147668,-0.434211801025341,0.0372603660136645,-0.443092619943384,0.044270325361105,-0.265677487597696,0.0217073037809152
-0.5,0.25,0.604477336477336,-0.515725177629077,0.0252732738781828,-0.51785039580751,0.0453858307637935,-0.489150175611024,0.0444236243851601,-0.306662621109427,0.0240726838134942
-0.5,0.25,0.595333075333075,-0.53262227558616,0.0254058228897353,-0.483199686929786,0.044766076184744,-0.52284756445213,0.0535757314136062,-0.313289960526161,0.0275993306932805
-0.5,0.25,0.594192042192042,-0.547763327517691,0.0252077256644436,-0.534535729129152,0.0603926108473641,-0.540720230903419,0.0541249295939984,-0.317651053325038,0.0256597083940062
-0.5,0.25,0.576244392244392,-0.488310035942785,0.0215136745412626,-0.548217490645234,0.043719809344389,-0.429703260677867,0.042591911978957,-0.255723527081301,0.0218875854968242
-0.5,0.25,0.57428341028341,-0.51778148868711,0.0249469331748719,-0.602219192204665,0.0664381369181049,-0.529109587845385,0.0605450913748618,-0.285429734716557,0.0263718990979472
-0.5,0.25,0.579072963072963,-0.525153142823542,0.0308950089215112,-0.504899437404217,0.0769174556366473,-0.515757419234194,0.0558763892188847,-0.279232410519402,0.0250597494517143
-0.5,0.25,0.595333735333735,-0.498732167582031,0.0226581535416307,-0.531637879296011,0.0478239560258112,-0.54683223850878,0.0526472463224797,-0.30825609025094,0.0218684280073715
-0.5,0.25,0.593117225117225,-0.506042457945948,0.0270234094843209,-0.512065524212468,0.0563744739059679,-0.67094291843776,0.067383279660638,-0.350880488384435,0.0223014697816087
-0.5,0.25,0.63425053025053,-0.50385517666666,0.0222908844685995,-0.547023537897461,0.0582037967251433,-0.531337472277841,0.04659152705553,-0.321064196968688,0.0246564829772268
-0.5,0.25,0.590127422127422,-0.479734856155789,0.0266923215922287,-0.371008358089746,0.0415996856269549,-0.501912217527662,0.0492753191476559,-0.28755015314908,0.0241816102901247
-0.5,0.25,0.606682602682603,-0.498515726004826,0.023127577237701,-0.503084136946061,0.0567838466770496,-0.580979186027191,0.0607851074026684,-0.316862924337776,0.0226035666600003
-0.5,0.25,0.622707070707071,-0.483526159241439,0.0249853400478011,-0.497162924350661,0.0512754520413118,-0.457771832390868,0.0413775411218599,-0.305295901615244,0.0239284429294265
-0.5,0.25,0.550554646554646,-0.500241609787438,0.0234927290753224,-0.424186553980824,0.0378801410812307,-0.539685833825942,0.062019837627878,-0.27658782932082,0.0228102386910527
-0.5,0.25,0.590463614463615,-0.467624094368119,0.0214044129284339,-0.478356973314567,0.0465265797137939,-0.488821747980797,0.0515233983153056,-0.269629329607279,0.0218769411384289
-0.5,0.25,0.59243566043566,-0.525822276409491,0.0247604529162643,-0.56004326343379,0.0481943094137821,-0.567420607097837,0.0531790743564436,-0.319614620574291,0.0252194469357407
-0.5,0.25,0.569140973140973,-0.446007777465452,0.0213830777627436,-0.333507471306583,0.0374124873814346,-0.480974769315276,0.0488940372670269,-0.278730020262863,0.0238513845583709
-0.5,0.25,0.602450114450114,-0.52150509694527,0.0234763943431248,-0.440134981114562,0.0404260395067409,-0.537144891069071,0.04981931012015,-0.319283800849888,0.0240104872856616
-0.5,0.25,0.579697251697252,-0.544667501738612,0.0253496549533504,-0.479809207484549,0.0453175271270584,-0.586497856077263,0.0630299902464464,-0.312201833559163,0.0258557871372056
-0.5,0.25,0.590471306471306,-0.487423408899353,0.0215146997877678,-0.542377896604739,0.0530426751334199,-0.525404883322397,0.0513812898181914,-0.299823705749319,0.0238312902794686
-0.5,0.25,0.608257352257352,-0.487841673326567,0.0243731261500051,-0.475279064640143,0.054868039127531,-0.503242319951334,0.0478492864854472,-0.306523884880832,0.0269510649746233
-0.5,0.25,0.607615675615676,-0.488619903287955,0.0245961811591093,-0.533426632934953,0.0647944603926439,-0.500448357311111,0.0450869797525992,-0.305688460172848,0.0235010269410001
-0.5,0.25,0.585826557826558,-0.448731399706568,0.0225892563445347,-0.438980155846478,0.0351782638585635,-0.456938006919587,0.042440881074555,-0.275300102191313,0.0238600031744479
-0.5,0.25,0.584794964794965,-0.470159438240129,0.0223156551925873,-0.503351762817256,0.043274537308016,-0.49339996793634,0.0443937692672528,-0.294679727632888,0.021427982043707
-0.5,0.25,0.589510129510129,-0.487652855795114,0.0247691444932813,-0.585572324650514,0.0554764957030953,-0.439245928575436,0.0395607283922456,-0.284140407367774,0.0225537488905328
-0.5,0.25,0.578640182640183,-0.497554963989771,0.0258725748157418,-0.537213588817615,0.056619267767522,-0.502301900750307,0.0463545763931118,-0.312076387693157,0.025277833944179
-0.5,0.25,0.573535677535678,-0.501570753809755,0.025195070086836,-0.500573833959975,0.0511967805465849,-0.474011025480252,0.0436144868961702,-0.289119521535302,0.026255999642002
-0.5,0.25,0.59773140973141,-0.512011643685224,0.0233176776643532,-0.522508142491772,0.0403167339211251,-0.522481498775896,0.0456221360662826,-0.313959826232217,0.0229568336595758
-0.5,0.25,0.597669345669346,-0.54394777189199,0.0258289258551361,-0.529870128843093,0.051602471163235,-0.496936500398364,0.0448535746230191,-0.324418711944088,0.0238452434444676
-0.5,0.25,0.582629910629911,-0.455727033108864,0.0204798353092952,-0.470923714069835,0.0477645337208023,-0.451144109210927,0.0409538522335602,-0.284632661359744,0.0228147135334748
-0.5,0.25,0.574488802488803,-0.474998792545779,0.0216657315275134,-0.530196679643124,0.0599901091633872,-0.499355724981711,0.0512760602487256,-0.270671035843325,0.0221288311783024
-0.5,0.25,0.598649890649891,-0.489094864699888,0.0243165518032835,-0.408392053348414,0.0388669975954883,-0.484279406748809,0.0468887713000762,-0.292194570588643,0.0245694547758443
-0.5,0.25,0.581417069417069,-0.494011528676749,0.0214833459070791,-0.512050506955899,0.0576061761174968,-0.55450910872805,0.061764372492321,-0.292442658789676,0.0241666770039473
-0.5,0.25,0.568750600750601,-0.53563948735937,0.025624176687718,-0.44874245862225,0.0388455207520472,-0.530503812511484,0.052919068610303,-0.303597902401178,0.0243933408269322
-0.5,0.25,0.582724314724315,-0.534227727134005,0.0250197228266037,-0.50412377837735,0.0489892767790101,-0.566220812139307,0.0527246693832144,-0.334286516280523,0.027941258866523
-0.5,0.25,0.591498255498256,-0.509485061676508,0.0251471435986768,-0.52749655646641,0.0592213111465423,-0.51610045412379,0.0455304101590855,-0.335195561438256,0.0256120560492073
-0.5,0.25,0.58012558012558,-0.505614042373405,0.0264359836808478,-0.509309036979056,0.0488126355192091,-0.417080187134176,0.0415352047269858,-0.267247354250376,0.0266263999588807
-0.5,0.25,0.578641562641563,-0.496273022812913,0.0270657780085388,-0.526876789067568,0.0571018515612366,-0.553114316651385,0.0600675514228728,-0.310335587608994,0.0247782393605742
-0.5,0.25,0.578467346467346,-0.458672966133339,0.0231987799780506,-0.44422086085233,0.0415662598606561,-0.468073133412957,0.0476760029856293,-0.266148746868867,0.0247854064797567
-0.5,0.25,0.607674667674668,-0.442905252470537,0.0219861284718106,-0.422035650513447,0.0383921977274359,-0.396298781214001,0.0382431048049941,-0.26034807438934,0.0239825013913682
-0.5,0.25,0.591641955641956,-0.477715950206373,0.0212816931981476,-0.353252639139459,0.0425037654315001,-0.502079495590178,0.0515873039884732,-0.293348071612979,0.0228109006247678
-0.5,0.25,0.583582951582952,-0.490898223178233,0.0253216984225554,-0.432961964606082,0.0436484057271589,-0.463026094341658,0.045210504436229,-0.280547970116321,0.0261709586733553
-0.5,0.25,0.607558483558484,-0.513357284380425,0.022199872285695,-0.555284155375687,0.0585025310226378,-0.500775938005856,0.0433749878686927,-0.315837244785658,0.0267823605009291
-0.5,0.25,0.58564284964285,-0.452187706320168,0.0214919849755372,-0.403662050341315,0.0355428035264352,-0.454928768615535,0.0470909318836742,-0.261520866071807,0.023616318948024
-0.5,0.25,0.566145134145134,-0.493726817767819,0.0260960955755795,-0.416693935383248,0.0514085530829014,-0.518993640140838,0.0509893606095431,-0.310676138322305,0.0246811476702868
-0.5,0.25,0.625703761703762,-0.53506421706051,0.0206810249997538,-0.53966759253505,0.0365379528189745,-0.503509041974639,0.0400296356703935,-0.33765445565536,0.022436170855976
-0.5,0.25,0.611833583833584,-0.473079107624262,0.0242782886813737,-0.457002389165362,0.0429030610077514,-0.462840663409841,0.0447849940629971,-0.277712351940558,0.0238356525291881
-0.5,0.25,0.567216615216615,-0.508416579832244,0.026588975533914,-0.505141172911259,0.0523307315663637,-0.500702378568052,0.0533823490561722,-0.28214051826092,0.025907502422187
-0.5,0.25,0.553960897960898,-0.543352207022932,0.0248072663310568,-0.417476807348577,0.0312790097064069,-0.470883119181111,0.0496623944512354,-0.268102402394257,0.0242199452519159
-0.5,0.25,0.584200064200064,-0.482856961318606,0.0243790287750063,-0.474403057003969,0.0356213801523489,-0.466264529978644,0.0457561553881188,-0.268720723990289,0.024464747347166
-0.5,0.25,0.564485712485712,-0.488353513049691,0.0270753776856806,-0.465544641687469,0.0482706911174808,-0.538479455602657,0.0558058358154269,-0.289153861835559,0.0260439013564747
-0.5,0.25,0.584541212541213,-0.438709524684924,0.0221329848462269,-0.513912031057459,0.0484234550872326,-0.503343291662002,0.0484392651428017,-0.267937649388833,0.0218881293119644
-0.5,0.25,0.629053565053565,-0.499655046764832,0.023517989703684,-0.451328877438862,0.0472147030770823,-0.507405098344592,0.0428391939435021,-0.327158579981815,0.02460028509088
-0.5,0.25,0.568036492036492,-0.509333164107115,0.0228628702803087,-0.537075908414976,0.0502982279576797,-0.475525288946569,0.0492292938469367,-0.269705097866814,0.0211198805803916
-0.5,0.25,0.582260754260754,-0.495330819536398,0.0224317061619986,-0.556142993917515,0.0568171298482563,-0.487902936905086,0.0467753274830133,-0.300970768702451,0.0217370361201709
-0.5,0.25,0.59555353955354,-0.474775886459445,0.022665809164673,-0.427434081109812,0.044788565960613,-0.500059361688943,0.0507758373618749,-0.291696758909932,0.025961081278189
-0.5,0.25,0.597131841131841,-0.507121181954534,0.0247055180865746,-0.468720179078412,0.0426128079205819,-0.494438195144595,0.0468191565663061,-0.303711652384693,0.0219636595217186
-0.5,0.25,0.613086517086517,-0.49327270959354,0.021374005011256,-0.508455184873291,0.0427922485581108,-0.459983042278863,0.0390363565441067,-0.303519674854587,0.0240778339267966
-0.5,0.25,0.570722598722599,-0.485446661067108,0.023160118858824,-0.462469060483791,0.0367359362296415,-0.515434966684954,0.0530683309181157,-0.280920778541139,0.024445570847464
-0.5,0.25,0.580631836631837,-0.509537440720359,0.0234367447556045,-0.470847063339992,0.0402589913980936,-0.597556174135765,0.0617187176269814,-0.323652582321838,0.0258416573821331
-0.5,0.25,0.597410637410637,-0.537688842522653,0.026251669136121,-0.56638667107244,0.0545600880640124,-0.520357704788569,0.0435634830440557,-0.32644019350702,0.0253323829109352
-0.5,0.25,0.627520035520036,-0.503320191476163,0.0232023577264692,-0.56704485429464,0.0482065156009202,-0.587197055421386,0.0598250295953439,-0.326973237150271,0.0242350845769931
-0.5,0.25,0.626700554700555,-0.513196691660377,0.0247950266228277,-0.470076338707876,0.04221678579419,-0.454869782974154,0.0404674535246025,-0.291808958330603,0.0255950111263685
-0.5,0.25,0.60375321975322,-0.456208654045255,0.0231824684184467,-0.406161352165582,0.0331024762150914,-0.503936055384541,0.0474707205338421,-0.291961277454064,0.0236466984400832
-0.5,0.25,0.587634515634516,-0.576528238469391,0.0275949094625529,-0.766996863958094,0.0927395930709635,-0.56985221774909,0.0543110815215185,-0.351375695560214,0.0294607798374597
-0.5,0.25,0.597646941646942,-0.502369321797829,0.0252611573788991,-0.501915826065312,0.0524149202883171,-0.516385269938742,0.0505539751372994,-0.308128857728333,0.0251535960703247
-0.5,0.25,0.594979194979195,-0.510172172943256,0.025717125324365,-0.503980267695872,0.0487252999895408,-0.443358242181594,0.0468268508828812,-0.287122873776916,0.0253747070345828
-0.5,0.25,0.552478692478693,-0.570634385573832,0.0280125094818744,-0.542387602750143,0.0627073534780762,-0.58910894000523,0.0582175440551483,-0.337171509427396,0.0275310894220602
-0.5,0.25,0.606377106377106,-0.514416580284472,0.025807486253408,-0.467185048127146,0.0546635846858572,-0.543174031465466,0.0511789694427747,-0.304053211513273,0.0262351531561167
-0.5,0.25,0.587161091161091,-0.475430043938774,0.0249834357569333,-0.502547154998496,0.0498530794432953,-0.480630163746633,0.0489550936311193,-0.278433743304544,0.0228685452072049
-0.5,0.25,0.568754008754009,-0.55927759967109,0.0262339021349308,-0.579842780610912,0.0548787905575286,-0.563748553354059,0.0538408127007097,-0.319917079776582,0.0277433597291465
-0.5,0.25,0.575797283797284,-0.447688292401364,0.0230126719721345,-0.510469691873711,0.044659118657176,-0.449926413935747,0.043459439852417,-0.272065262195407,0.0246490465777077
-0.5,0.25,0.587912123912124,-0.491911736567713,0.02412282430368,-0.544994796095344,0.0541734422471991,-0.487414695774099,0.0457289409589312,-0.282706368955205,0.0237047196735622
-0.5,0.25,0.584338772338772,-0.504659543982573,0.0243151870185852,-0.481416318511083,0.0448924422686383,-0.47867281512679,0.0419215691169576,-0.303912555440714,0.0238397484313037
-0.5,0.25,0.594798342798343,-0.522232216884122,0.0258367983592733,-0.449006807908663,0.0406325891227441,-0.548973355685347,0.0543060208309693,-0.321915068162279,0.0252608249958359
-0.5,0.25,0.589301077301077,-0.523157263202974,0.0248188967435071,-0.560518251333511,0.0559836881397844,-0.51934596927069,0.0483340366059148,-0.315828223504998,0.0251374528023718
-0.5,0.25,0.585713781713782,-0.461782137837415,0.0231319381981493,-0.536868789619734,0.0473849796237025,-0.545361992823392,0.0571759491495007,-0.281222586017258,0.0239230472164877
-0.5,0.25,0.591656163656164,-0.499162868428088,0.0242436292203751,-0.406392723942675,0.0448370304139986,-0.514647347639031,0.0538330603530952,-0.282388614079423,0.0248877029182545
-0.5,0.25,0.594053382053382,-0.515889165595838,0.0228364303569707,-0.489232028503695,0.054270244151693,-0.470038681986505,0.0447890009934835,-0.289640760517847,0.023671290871092
-0.5,0.25,0.605220377220377,-0.484883357242224,0.0227519549997042,-0.47471648724258,0.0391240620998607,-0.440396567404692,0.0396417834456212,-0.282703530007426,0.024127664045591
-0.5,0.25,0.582200358200358,-0.522854148425766,0.0254924795363392,-0.551671860644014,0.0497676325329771,-0.54804349159781,0.0528803204157902,-0.314768362630003,0.024887248769613
-0.5,0.25,0.626637230637231,-0.514343062557566,0.0240363645929963,-0.5349773677015,0.0527669470331493,-0.525426203003723,0.0490969447531006,-0.322627777663453,0.0229552811461876
-0.5,0.25,0.606498618498619,-0.507977399940441,0.0245580811970861,-0.628547038280472,0.0664676812921593,-0.473349451683079,0.0414876420548026,-0.310897255681117,0.0253872998989019
-0.5,0.25,0.567517671517672,-0.485385907177583,0.0232661580837196,-0.443164588484667,0.0337169574556236,-0.497443301518612,0.0488054553918446,-0.291502249723012,0.024652651699774
-0.5,0.25,0.622116658116658,-0.495415036413883,0.0248732749249773,-0.4931924931972,0.050299647284001,-0.48817866760122,0.0455666154856654,-0.30631389799263,0.0270419874643235
-0.5,0.25,0.626673662673663,-0.525671594718313,0.0251121041947094,-0.586321615304139,0.0651888305163218,-0.530063848857254,0.0506325697220897,-0.327888636810637,0.0272519955692558
-0.5,0.25,0.571760791760792,-0.521566765102591,0.0237700095503943,-0.543073153403189,0.0596732130521382,-0.50839619910911,0.0491057981785292,-0.304341739297599,0.0236644362975227
-0.5,0.25,0.612398016398016,-0.511935822328911,0.0227633144376606,-0.516758682795206,0.053217184852217,-0.541571763678425,0.049679858996218,-0.316752098791505,0.0241083205647618
-0.5,0.25,0.575431883431883,-0.506270983181316,0.0243951698214132,-0.500451688451637,0.0494526864590628,-0.476435188715095,0.0457060917896279,-0.293735856102903,0.0241966966812644
-0.5,0.25,0.564834480834481,-0.491136978479244,0.0239193220938828,-0.491952527195783,0.0555745887547804,-0.465387766061366,0.0486465055930262,-0.260620476695779,0.0247441889110062
-0.5,0.25,0.609734037734038,-0.517396181943675,0.026824429563883,-0.62892712132907,0.0775831170837241,-0.501714317612332,0.0483205014952593,-0.306660597569424,0.0246639095523478
-0.5,0.25,0.598616122616123,-0.469871128017415,0.0216739908106081,-0.504094604090181,0.0427051001509477,-0.476834186194235,0.0459573765026893,-0.28481281479287,0.0220415371009615
-0.5,0.25,0.577998097998098,-0.465407539000365,0.0232443633497697,-0.462111193212999,0.0391520340106384,-0.482793620869282,0.0516117242818537,-0.249918062899833,0.02297025748136
-0.5,0.25,0.603277707277707,-0.532704416843402,0.0227087150589369,-0.531984355125032,0.0471490043342704,-0.531230806143568,0.0491045037471815,-0.318174776847661,0.0234316840540156
-0.5,0.25,0.620111996111996,-0.483526915152279,0.0232344034003687,-0.514476751341025,0.0509869836223648,-0.452080628903704,0.0419115477429245,-0.275601956644137,0.021739389509145
-0.5,0.25,0.593941541941542,-0.470597113485652,0.0227449905956959,-0.466583780705083,0.0443200361480047,-0.510387551093678,0.0480575119146559,-0.287029148020322,0.0234350045290988
-0.5,0.25,0.612579420579421,-0.486638548922452,0.022242379070412,-0.480405923617346,0.0422827909418334,-0.451442769394827,0.0374336350769895,-0.299867530267083,0.0226929283211132
-0.5,0.25,0.587762051762052,-0.485537220769132,0.0237855054022777,-0.491554118552533,0.0475627891616174,-0.543083868037081,0.0581990070363712,-0.289647892830187,0.0250006764004149
-0.5,0.25,0.540669432669433,-0.48718867377074,0.0228721635533928,-0.513651494133875,0.0494817050954485,-0.469259455958669,0.0556284025040493,-0.249205959900364,0.0246888084186883
-0.5,0.25,0.609826281826282,-0.465998842134352,0.0247099154236161,-0.489788186505143,0.0456393638499681,-0.444606240810451,0.0409743398999659,-0.286208094197437,0.0254588302141681
-0.5,0.25,0.588230544230544,-0.514591347685013,0.0243584479138226,-0.581497635871238,0.0566529867105126,-0.461184318209182,0.0410516713776038,-0.295450663751557,0.0256664191629517
-0.5,0.25,0.616296544296544,-0.473887760177442,0.0219718852773058,-0.471670950686756,0.0387493779756957,-0.539495901483877,0.0540378554295232,-0.30738413500959,0.0233926634066059
-0.5,0.25,0.587197667197667,-0.465380495055025,0.022939009196442,-0.49414050230707,0.0478852129495507,-0.436110909826325,0.0439475768527372,-0.269223472414558,0.0225591595505893
-0.5,0.25,0.608893784893785,-0.493101519348679,0.0260293060610694,-0.467249502316425,0.0423340794050256,-0.501719360116253,0.050784100419076,-0.284104250439205,0.0237947258718776
-0.5,0.25,0.587490203490204,-0.547163564379403,0.0259484570843931,-0.556558260420678,0.0467810568952409,-0.553529615017434,0.0537873917435874,-0.307081248530122,0.024695789787297
-0.5,0.25,0.620680688680689,-0.493083614218977,0.0213388797087999,-0.416913152125109,0.0442435202490967,-0.507631424378626,0.046288372406428,-0.308584730210604,0.0244448524815694
-0.5,0.25,0.605233517233517,-0.511710284700885,0.022618853191713,-0.454449562386282,0.0356348706014659,-0.480039751440279,0.041611958031589,-0.300920672780716,0.0241488394361572
-0.5,0.25,0.611196083196083,-0.518655645496795,0.0249788943634751,-0.57077780973864,0.0533693186198838,-0.557120333197552,0.0545815384129527,-0.308765439997501,0.0253583180322653
-0.5,0.25,0.605468573468573,-0.557193690324754,0.0273720274449681,-0.652837162774996,0.0601290550539084,-0.558297999929113,0.0549910615815663,-0.331112002972436,0.0279073573370905
-0.5,0.25,0.611879543879544,-0.476405240060908,0.0247687600834639,-0.510007268290138,0.0560563343667055,-0.488841807690042,0.0449619694456825,-0.293228229259534,0.0228965980933333
-0.5,0.25,0.548936492936493,-0.46451412164973,0.0235494335667186,-0.468739400187778,0.0530734285260592,-0.472708118308898,0.0503050110366044,-0.261222872109588,0.0231960967262499
-0.5,0.25,0.56352167952168,-0.522225755871933,0.0233588046109031,-0.577336550310414,0.0440485146353916,-0.519362917840189,0.0489185967688202,-0.306924024816647,0.0240402837543644
-0.5,0.25,0.596694860694861,-0.48917516990259,0.0235084671826477,-0.458544772868794,0.0409387013668853,-0.496696387109735,0.0479093552406136,-0.298205794000117,0.0228323613418929
-0.5,0.25,0.581723633723634,-0.50494814537503,0.0245341267656682,-0.488186809792625,0.0438210302593229,-0.497989713827321,0.0497091220652631,-0.301972359856757,0.0228676161367387
-0.5,0.25,0.609613533613534,-0.501551637969445,0.0239544850256338,-0.457562386090282,0.0501139464501554,-0.496926687045929,0.0445087978903459,-0.303990760806391,0.022833814825128
-0.5,0.25,0.598060666060666,-0.480262146482931,0.0219532529544079,-0.47442158646261,0.0436830752167326,-0.442700795596207,0.0445396832039457,-0.268849885536354,0.0231666303913918
-0.5,0.25,0.593321537321537,-0.479157620669649,0.0222053246556695,-0.45042510151091,0.0371399821000784,-0.488719543912747,0.0448744453683651,-0.292846023032154,0.0230368517665387
-0.5,0.25,0.603148155148155,-0.5159766901818,0.0252203531443748,-0.428539534852217,0.043063637828609,-0.477276299748787,0.0506657502454574,-0.264439157090385,0.0242633925655027
-0.5,0.25,0.588008028008028,-0.518134118268753,0.0242326639413217,-0.417564980275923,0.0391832413688229,-0.480003000230906,0.0482995193227978,-0.287196174767371,0.0247936962183501
-0.5,0.25,0.617168069168069,-0.512855878693607,0.0211424216282582,-0.505412638202417,0.0430035324654778,-0.614165071986394,0.0611170333789431,-0.327153420431821,0.0256804457568329
-0.5,0.25,0.582170106170106,-0.506193926606743,0.0234138877454179,-0.406165886181219,0.0367537043589541,-0.5846436469599,0.0585946539527135,-0.313163058141899,0.0219128290366493
-0.5,0.25,0.574729594729595,-0.482122837843801,0.0230828412724022,-0.459568916865388,0.0517881867552666,-0.493468459335697,0.0475454054215814,-0.281729036924539,0.0234769814631769
-0.5,0.25,0.599408375408375,-0.50588930910038,0.0264348924042953,-0.444104423453577,0.0456819611195812,-0.512518018772473,0.0491952244736694,-0.306929880666895,0.0261650400992025
-0.5,0.25,0.565615045615046,-0.523611803053387,0.0269825490166598,-0.518448747747435,0.0481750915083139,-0.442072565645199,0.0489496027656354,-0.251664012742352,0.0272781166952959
-0.5,0.25,0.586542466542467,-0.481558547163192,0.0239339230421566,-0.466613292959382,0.0423028846440129,-0.457342402380712,0.0486893832635578,-0.258925853372023,0.023063834879884
-0.5,0.25,0.585908505908506,-0.505996689123301,0.0236071546976825,-0.530902156953593,0.0472800747699801,-0.457763752763965,0.0432524249661921,-0.281095526449204,0.0239146729446062
-0.5,0.25,0.605351957351957,-0.480635706295217,0.0246003210615217,-0.559478061159758,0.0612001398398423,-0.423866461177455,0.0415571090264294,-0.274642784967936,0.025582023562205
-0.5,0.25,0.580517800517801,-0.479053715205783,0.0236184296716134,-0.576130626920545,0.0638618053017203,-0.497233750993439,0.0490499460967014,-0.280706306031493,0.0242110733800384
-0.5,0.25,0.595551271551272,-0.490769023653398,0.0225629715967355,-0.476666120428834,0.0368238791149534,-0.549881509306053,0.0525687748982368,-0.316183052709985,0.0221026226608363
-0.5,0.25,0.619247779247779,-0.481602726838068,0.0232861568091109,-0.482922504715828,0.0554821739982409,-0.467988627405712,0.0455325503962903,-0.275904030605979,0.0232977430381333
-0.5,0.25,0.603475035475036,-0.526744115943387,0.026326221693641,-0.561046186792183,0.053944016862611,-0.517325067766396,0.0451169788493168,-0.320514122302045,0.0257001858529743
-0.5,0.25,0.606334734334734,-0.532510482645405,0.0271785665828546,-0.45150793918406,0.037755757929605,-0.590174630819648,0.0555065222481555,-0.346484432078216,0.0251920344158841
-0.5,0.25,0.572886188886189,-0.502881238628392,0.0233866847667773,-0.493540174699051,0.0454595984020424,-0.496260408901215,0.0424866917954858,-0.310759779497385,0.0223436687674288
-0.5,0.25,0.570080274080274,-0.51380371263374,0.0259658637798374,-0.470791958210216,0.051460241232928,-0.510889771464212,0.0509502126160974,-0.299569055709608,0.025724144655838
-0.5,0.25,0.572599568599569,-0.529284197306533,0.0195765480778397,-0.532421296637286,0.0454747006605671,-0.51312102021711,0.0516786058973316,-0.289065665492725,0.0241897333110331
-0.5,0.25,0.582327174327174,-0.466417193940991,0.0237131278519304,-0.491433069747785,0.0496231247254418,-0.407743072687001,0.0402356735469565,-0.247517943724286,0.022853117868447
-0.5,0.25,0.583465711465711,-0.466218707770587,0.0229101314950482,-0.515917911379012,0.0484221724519796,-0.475888887072016,0.0461743597633968,-0.275036906111799,0.0221735604117587
-0.5,0.25,0.603135435135435,-0.471727317144367,0.0215741891595665,-0.415887903914285,0.0447992921840043,-0.426137304435923,0.0400373862360852,-0.280712940457874,0.0217734565022974
-0.5,0.25,0.602492954492954,-0.494949736077166,0.0232781481449554,-0.54709073837656,0.0501784446692433,-0.448470079428307,0.0396464804371169,-0.291859349046411,0.0244431804038332
-0.5,0.25,0.578629766629767,-0.4811985868603,0.0210965060262899,-0.477643337407777,0.042526523129676,-0.461444449671545,0.0391266838104129,-0.28984192147813,0.0237827251419138
-0.5,0.25,0.621628053628054,-0.531575160628694,0.0259154050733872,-0.480675189645286,0.0421022923454529,-0.656111140326915,0.0750354924058341,-0.328554765246199,0.0273512000609895
-0.5,0.25,0.571046551046551,-0.465409925275041,0.0221276921860246,-0.480113486649093,0.0420307532329272,-0.44374092760444,0.0422417451548742,-0.267947834270917,0.0230352399330955
-0.5,0.25,0.58618219018219,-0.519190240725765,0.0233179019929691,-0.589530232866264,0.0645736413832645,-0.526421238987869,0.0498996814506897,-0.305603813956578,0.0210549080970615
-0.5,0.25,0.594556734556735,-0.497228541708355,0.0246466394178102,-0.468431817013926,0.044000081818941,-0.474811747915712,0.0436113058660316,-0.291479982325998,0.0247382628493975
-0.5,0.25,0.60176704976705,-0.494075015809907,0.0254034550788519,-0.494997277653217,0.0498686634694655,-0.507922906560927,0.0519668011545131,-0.294505481012973,0.0269368910399532
-0.5,0.25,0.632974148974149,-0.492300458605052,0.0224629554143412,-0.446762487116103,0.0452183145852508,-0.521652532871793,0.04563134805535,-0.32229797167773,0.0224371168483615
-0.5,0.25,0.61817961017961,-0.51083038477719,0.0257485476538981,-0.490318561417286,0.0442987815307758,-0.553142132512961,0.0490550540000152,-0.339584088214639,0.0253838162477239
-0.5,0.25,0.575310779310779,-0.516229426694879,0.0227065077968356,-0.575914420048381,0.0503815430215127,-0.438887521562661,0.0438644775921756,-0.277350636374,0.0247527356172472
-0.5,0.25,0.586631758631759,-0.464594921005173,0.0237330940097724,-0.477400367778707,0.0352009183183127,-0.447916877866352,0.0427395015232189,-0.27097818511569,0.0231660602570085
-0.5,0.25,0.614394314394314,-0.471004626519969,0.0230413858068252,-0.422117433609263,0.0462783195007851,-0.450166512691304,0.0425502056888685,-0.28323088686412,0.0232235197768713
-0.5,0.25,0.621489177489177,-0.539061059619294,0.0259961457816472,-0.545267086754424,0.0415112409091497,-0.520170793601236,0.0452976650064314,-0.32659021330668,0.0267003324573314
-0.5,0.25,0.576683772683773,-0.5076659678191,0.0227404393751289,-0.536584995581094,0.0503454809728942,-0.549359501210163,0.0574468390833413,-0.298976779766395,0.0226889301657887
-0.5,0.25,0.626437334437335,-0.523209365101164,0.0258661512884989,-0.52299244931685,0.0458329555555256,-0.549713697618968,0.0522172440419443,-0.316639740605474,0.0262367839186219
-0.5,0.25,0.591850851850852,-0.479252669071548,0.023899536106011,-0.569021832499754,0.0569038182297674,-0.481616437519199,0.0432417351628766,-0.297179422306953,0.0249824529819137
-0.5,0.25,0.622266478266478,-0.526863589582332,0.023980113144452,-0.520411540215145,0.0406118527806579,-0.527736632580307,0.0474381464752348,-0.332005311314309,0.0249594815352301
-0.5,0.25,0.59808367008367,-0.536128123067658,0.0270550292469006,-0.578489941311582,0.0632118627919971,-0.461953853376231,0.0425968807715421,-0.30960571734139,0.0267357185947072
-0.5,0.25,0.571609411609412,-0.509642725545892,0.0250024900194694,-0.584628735015872,0.0547765661618924,-0.590022749116241,0.0590160957381136,-0.328638185873664,0.0259780456788203
-0.5,0.25,0.60973080973081,-0.473141531700187,0.0227756989172911,-0.45269656515128,0.0466413631672489,-0.48266564203386,0.0470368561087903,-0.283997906961208,0.0238086043604386
-0.5,0.25,0.594766074766075,-0.543319285993853,0.0249588324933375,-0.596794248915193,0.0484957750494469,-0.549792058463131,0.0518933254758011,-0.327365067940505,0.02388648977568
-0.5,0.25,0.567401043401043,-0.477937084171394,0.0254870594619902,-0.45946222723706,0.0352721391577111,-0.450884259385228,0.0461574472178648,-0.268272316868625,0.0265424019412902
-0.5,0.25,0.577446085446085,-0.502266647884576,0.0237094814818162,-0.532247123384369,0.0385471530190615,-0.499268344594857,0.0454778630775082,-0.300408945071196,0.0244507678161879
-0.5,0.25,0.602458994458994,-0.517427730690533,0.0227453196220213,-0.476092720671389,0.0425128665251683,-0.539370982011353,0.0485996464155614,-0.315277681270253,0.0257856231847721
-0.5,0.25,0.604542808542809,-0.49606626426922,0.0242448203156537,-0.400404664078702,0.0394302896331382,-0.540855866622923,0.0495734687322288,-0.322114542385356,0.022802249154165
-0.5,0.25,0.571895311895312,-0.506997811564008,0.0213871937211943,-0.504796457452469,0.0436380778922099,-0.548502439730074,0.0540147711065654,-0.298794160132404,0.0226719892611469
-0.5,0.25,0.610017862017862,-0.479750003556462,0.0232065541353628,-0.419506266777902,0.0389734900736374,-0.549525879544643,0.0584319804117401,-0.296711171152821,0.0254174206387337
-0.5,0.25,0.630061002061002,-0.500146477885407,0.0243308608884898,-0.530515934504707,0.0468532874877726,-0.463483355551382,0.0392515891773728,-0.311767563239781,0.0248393861555665
-0.5,0.25,0.61420559020559,-0.464018681342532,0.0236178611417846,-0.54565858935761,0.0632439563148803,-0.504697217930457,0.0479397435537446,-0.311598916198338,0.0220877271700483
-0.5,0.25,0.588689424689425,-0.525128888081126,0.0243206574190275,-0.512384262552362,0.040815020337801,-0.499900910154219,0.0486411727040172,-0.313551222942229,0.0282630374207117
-0.5,0.25,0.5918742998743,-0.527317592411502,0.0273321459182924,-0.57961812322932,0.0541440518045117,-0.531916906441758,0.0543787394475416,-0.295789940943374,0.0259551893973311
-0.5,0.25,0.609331965331965,-0.517133459343768,0.0215070418654299,-0.588891853031699,0.0560964841041366,-0.535099885484783,0.0488833330476901,-0.319101862202225,0.0221769521424548
-0.5,0.25,0.604975456975457,-0.51546885034964,0.0225553856976612,-0.489839012104456,0.0570178412725642,-0.517837827800919,0.0499001534390952,-0.300794985150185,0.0256219365629817
-0.5,0.25,0.636127032127032,-0.547699748986875,0.0263249076878313,-0.484140215179202,0.0600438316881167,-0.532965717461173,0.048564228613143,-0.331275248688153,0.0247222872576646
-0.5,0.25,0.566405342405342,-0.513612493593758,0.0242232330361269,-0.506854969391333,0.0537456008183528,-0.465734751098055,0.0493340473292571,-0.266242961374998,0.0250198888795747
-0.5,0.25,0.584602352602353,-0.515321123655525,0.025409232713332,-0.49712892807382,0.0480284853075782,-0.466857589305879,0.0453055155313067,-0.290488668689061,0.0264105605741249
-0.5,0.25,0.630892902892903,-0.525543986523203,0.0227207694708423,-0.526133294780782,0.0529895350270543,-0.490365167487962,0.0397043844154604,-0.328232886953702,0.0237586639855797
-0.5,0.25,0.610309594309594,-0.495112625182492,0.0228941972169473,-0.55162384820349,0.0536589582057971,-0.48765952362941,0.0432061368776389,-0.306488970696091,0.0244020265530504
-0.5,0.25,0.600847800847801,-0.521088129344107,0.0255378773832289,-0.44977960482805,0.0493062099673101,-0.588053120675119,0.0598235769590045,-0.33069988015241,0.0249426420782146
-0.5,0.25,0.608614472614473,-0.503080155580872,0.0252382613304662,-0.425123010688433,0.0431059478442445,-0.490788889866955,0.0467070870327503,-0.299876053580044,0.0247061914045867
-0.5,0.25,0.621546417546418,-0.514848371999644,0.0280358692781096,-0.517269007039497,0.0651500897055923,-0.484493238484881,0.0476081404384797,-0.307682858009618,0.026654949969676
-0.5,0.25,0.589093369093369,-0.499187289823072,0.0231484419993466,-0.510767137185967,0.0433368362719108,-0.480928891283094,0.0477194476946906,-0.277658812164638,0.0245751079268679
-0.5,0.25,0.559888711888712,-0.511525556648727,0.0249222949436599,-0.508339258331767,0.0516787469916713,-0.580510588191004,0.0690729542276472,-0.289477662446889,0.027545729287687
-0.5,0.25,0.578624078624079,-0.507538709680672,0.0265468746238713,-0.6222339793148,0.0621234250607242,-0.478025874116782,0.0464367005990559,-0.287367846076919,0.022963389799925
-0.5,0.25,0.586638010638011,-0.493869199752551,0.0239271831022839,-0.456115228516554,0.041579342357406,-0.488961006733141,0.0432424492476306,-0.295992672480595,0.0250982040708879
-0.5,0.25,0.589131409131409,-0.470271085301668,0.0240530675273437,-0.479527673749599,0.0420689425107001,-0.484239653648386,0.0476256876187076,-0.280959588607367,0.0247418021524844
-0.5,0.25,0.603107931107931,-0.499778371137591,0.0241069314357945,-0.500886778627779,0.0485238328248049,-0.511921510714068,0.051537111824772,-0.292587273886804,0.0252558099476996
-0.5,0.25,0.593343941343941,-0.495528744122886,0.0211991873259856,-0.463207767759523,0.0388291989645462,-0.483736977486422,0.0454963812409507,-0.280773565456021,0.0227375854879816
-0.5,0.25,0.547540111540112,-0.528184771997062,0.0235059181089887,-0.527502466777918,0.055264467032184,-0.548112163298509,0.0534194190844474,-0.307189683831364,0.0252332123426698
-0.5,0.25,0.624996252996253,-0.495385124083634,0.0241486715311171,-0.496984644830616,0.0336985235711526,-0.492316349200038,0.0391266543429031,-0.324559205390546,0.0251890268557612
-0.5,0.25,0.631042339042339,-0.462323138980514,0.02013369816669,-0.4279535849478,0.0444782159779398,-0.451427903992048,0.0441375281943713,-0.272362848760634,0.0219144886828239
-0.5,0.25,0.618784002784003,-0.473719420377795,0.0232189253703271,-0.497203387946486,0.0532933498511923,-0.47159716292687,0.0425270163895077,-0.290803122497122,0.0244155407308471
-0.5,0.25,0.605560625560626,-0.499603018066196,0.0267863706208345,-0.592092893747852,0.0660829005799536,-0.499392706662688,0.0455219358690478,-0.304412071885719,0.0285320182511078
-0.5,0.25,0.558317046317046,-0.542431198591003,0.0265741033550857,-0.579510714010428,0.0473922133406113,-0.610555815971832,0.0638417530220804,-0.336157199321612,0.0291369648147736
-0.5,0.25,0.566134634134634,-0.481640557616147,0.025740266089174,-0.555282820664639,0.0558581422766375,-0.475205986505937,0.0437889917880553,-0.283557832655702,0.0252490855340068
-0.5,0.25,0.588876408876409,-0.541912160695637,0.0254820423973249,-0.510754732330068,0.0476511691327756,-0.543542089554081,0.0510229849192459,-0.327347460108144,0.0278244769862647
-0.5,0.25,0.564588396588397,-0.500627030176508,0.0258091013955689,-0.499506609343432,0.0506565867236831,-0.491335260829352,0.0488326574879002,-0.286415279982349,0.0245566155547432
-0.5,0.25,0.613602817602818,-0.496221684134272,0.0253542826591143,-0.483085373333362,0.040899552653687,-0.489299833167957,0.039921900012179,-0.325770652371365,0.0236012357530303
-0.5,0.25,0.637727461727462,-0.475685868685991,0.0226168773633638,-0.448963355559796,0.042496237530484,-0.483057554074783,0.0429463136416554,-0.302787067439758,0.0221914934101951
-0.5,0.25,0.590850290850291,-0.498557224800381,0.0203923664574756,-0.592892181795046,0.0590488400139414,-0.523536036566878,0.0480720112504821,-0.298204435520807,0.0235123252240655
-0.5,0.25,0.588515880515881,-0.549846443475388,0.0270094764472392,-0.587093604852111,0.0572024817022065,-0.585256754426986,0.0565904835319867,-0.345349477457338,0.0243281413243644
-0.5,0.25,0.594426726426726,-0.471934198904526,0.0219335762798833,-0.415272381309948,0.0412404411498666,-0.531528926347126,0.0466735717438941,-0.319383496869438,0.0231307926476594
-0.5,0.25,0.625040641040641,-0.531253866653187,0.025496455780029,-0.495852936601395,0.0506592639358133,-0.488955856978592,0.0439087363885441,-0.320916282460178,0.0249067844342699
-0.5,0.25,0.611518559518559,-0.535083806571131,0.0255018934768464,-0.519332205216493,0.045988413542442,-0.482555924168377,0.0478067301023615,-0.29985952886534,0.0240252228369966
-0.5,0.25,0.598876978876979,-0.543182116432091,0.0250411559685796,-0.599289044244574,0.055670727580402,-0.560015354097748,0.051402669468488,-0.331611341203811,0.0264296731623539
-0.5,0.25,0.621271581271581,-0.504541597129412,0.0253237398655028,-0.539490628797266,0.04687517416801,-0.512543212023642,0.0471166411297753,-0.330979755718077,0.0256219898546664
-0.5,0.25,0.597047361047361,-0.465893111400086,0.0214377502070388,-0.501041029474765,0.0495781393662934,-0.537556566762435,0.0537436713933054,-0.293572686727635,0.0231376558301257
-0.5,0.25,0.574683586683587,-0.477856539930639,0.02277321453991,-0.498475413345878,0.0633053812328117,-0.464448225004715,0.0462017656148921,-0.269346151430379,0.0232723364320939
-0.5,0.25,0.576862968862969,-0.493662423553733,0.0224037088227756,-0.509237242597787,0.0497071141607204,-0.45114027098373,0.0428433846338073,-0.269959992507679,0.0233355570284669
-0.5,0.25,0.606699966699967,-0.486552872689592,0.0269375777840047,-0.509697086551671,0.0389628424044689,-0.446984595429386,0.041543503666743,-0.292624942708202,0.0248256827528152
-0.5,0.25,0.606648030648031,-0.503578334448117,0.0254678679417213,-0.504600361279003,0.0554298660774188,-0.487589737978119,0.0452515616223783,-0.300938717366264,0.0240613109770261
-0.5,0.25,0.617018285018285,-0.525736949345347,0.0243214149148224,-0.466735208787696,0.0432809692867327,-0.562298042845035,0.0534688030296251,-0.324778513058043,0.0253732454749065
-0.5,0.25,0.610870294870295,-0.452940109702172,0.0241838581824906,-0.440656899459906,0.0462011788564399,-0.47330946637994,0.0457547202488077,-0.279615718189879,0.02349883082026
-0.5,0.25,0.58985236985237,-0.540916933377902,0.0257282195463787,-0.591538514746188,0.0589859314355101,-0.590692627730907,0.0629403348452799,-0.32534801810302,0.0267532067448937
-0.5,0.25,0.602180126180126,-0.51913597907765,0.026857396851246,-0.511640188362717,0.048000989967044,-0.551603047877985,0.0554356130245112,-0.314290265789369,0.0265549283454308
-0.5,0.25,0.616835464835465,-0.519801573135754,0.0242552559395387,-0.599324265455913,0.0554704020655046,-0.493845908112101,0.0429970660535536,-0.316040615697428,0.025917697881896
-0.5,0.25,0.632258216258216,-0.504072455955152,0.025222574437914,-0.500824020047053,0.0389429391377771,-0.46982021885265,0.043251130669844,-0.294213905619256,0.0250469811818802
-0.5,0.25,0.562551430551431,-0.524362420343247,0.0226220075708261,-0.502799282230938,0.0438800747758484,-0.527124215123081,0.0498305182789518,-0.306771043179136,0.0241354791416591
-0.5,0.25,0.5560246000246,-0.503991283417564,0.0254730166381197,-0.506163377760798,0.0503275717479519,-0.577200827249033,0.0637319851373558,-0.296673277533304,0.02699524216371
-0.5,0.25,0.57196327996328,-0.51308654625023,0.0250650523936435,-0.465115900582443,0.0371029050381594,-0.485928758031608,0.050156016654206,-0.277861874229036,0.0237865184276917
-0.5,0.25,0.604270264270264,-0.491543304300057,0.0230341059921362,-0.43367291292596,0.0481402018869426,-0.49875258143751,0.0473636409307119,-0.293808691808712,0.0251990419928652
-0.5,0.25,0.592711156711157,-0.48651357649678,0.0255064124239,-0.446003014956569,0.0430547943497854,-0.457806735497784,0.0426302007823976,-0.272050317929108,0.0236787290315978
-0.5,0.25,0.599461955461955,-0.522339358470952,0.0235100142110276,-0.628527820690951,0.065748399814689,-0.51979841603147,0.0497248763734914,-0.315962917842733,0.0228982925096228
-0.5,0.25,0.59577037977038,-0.475899659274961,0.0232644785204344,-0.447038320127185,0.0356527801160166,-0.494133163364431,0.0440607076640735,-0.29624395859177,0.0224056811550978
-0.5,0.25,0.596449268449268,-0.468933180724447,0.0235953358371114,-0.479017235818252,0.045293488424453,-0.459653889574034,0.04426943727073,-0.283608313796188,0.0209214270083736
-0.5,0.25,0.583149967149967,-0.473857794728624,0.0239074584291767,-0.384448218503383,0.0396068457761789,-0.491393633351563,0.0519053482104087,-0.272259614167342,0.0244136061247992
-0.5,0.25,0.620990744990745,-0.512406146870034,0.021255049147031,-0.53580748718663,0.0497674832748706,-0.566367082022745,0.0507560483627607,-0.324501974309333,0.0251619778520093
-0.5,0.25,0.588782484782485,-0.497819068493174,0.0222762794133546,-0.491285395217363,0.0456998371737748,-0.538791018019916,0.0539807959856392,-0.292211267613293,0.0260652890121568
-0.5,0.25,0.600806160806161,-0.43520486454365,0.0197661865454262,-0.384428444670689,0.037284364265848,-0.483425275624422,0.0442312695294271,-0.285622334428659,0.0211191960761595
-0.5,0.25,0.610899406899407,-0.509229938035772,0.0242397532092203,-0.434593061096694,0.0374047598159531,-0.566148619665085,0.0570282175175331,-0.317618386245615,0.0257410059918936
-0.5,0.25,0.572023604023604,-0.460110494174385,0.0241309291442309,-0.409530723753662,0.0493947758774631,-0.448773909006576,0.0515971364748894,-0.236404598982232,0.0206222046706916
-0.5,0.25,0.595464031464031,-0.496400860619139,0.0246615794764127,-0.466369127741793,0.0475570845501271,-0.541716038778748,0.053720970330666,-0.31450746909905,0.0246721682615201
-0.5,0.25,0.632225012225012,-0.526886415676958,0.0240756072339264,-0.597888163062312,0.058878937417148,-0.49159019606533,0.0448633854223131,-0.306379002068543,0.0236413523283685
-0.5,0.25,0.589933237933238,-0.472797748812892,0.0214226021690649,-0.445173657151084,0.02712461695882,-0.455841951411604,0.0409408772888029,-0.275837267015878,0.022077578548822
-0.5,0.25,0.588162228162228,-0.502931953078856,0.0250922335536842,-0.478558195759596,0.0451643656405696,-0.454626921025646,0.0446003817814438,-0.281468986464914,0.0235450791516334
-0.5,0.25,0.598086802086802,-0.521421174949851,0.0246974483231881,-0.535451327311783,0.0436928916460482,-0.522250418791339,0.0469029924260043,-0.308212575767247,0.0233735908701625
-0.5,0.25,0.597834117834118,-0.478737136672513,0.0223270108648225,-0.494628059423361,0.04427785570838,-0.462122122005356,0.042041313255142,-0.272646589888937,0.0228895228676219
-0.5,0.25,0.620151368151368,-0.505769332270011,0.0265492751899443,-0.58007779894811,0.0597006840498322,-0.574906691025447,0.0515622138807463,-0.33960764748869,0.0243979145829711
-0.5,0.25,0.586174714174714,-0.507693011206541,0.0248614414175478,-0.440522807646634,0.0450124488110982,-0.500146308960017,0.0499534190298434,-0.294156385069837,0.025028320955748
-0.5,0.25,0.537304521304521,-0.513963101729477,0.0244114118404638,-0.487443478055928,0.0480958521901323,-0.490228750173666,0.0505678899139115,-0.281991391334981,0.0235778667463152
-0.5,0.25,0.594725946725947,-0.481061365533921,0.0223639777020782,-0.516068489724643,0.0451531446852181,-0.455321727075321,0.0454964157014233,-0.265493426327357,0.0221109656419127
-0.5,0.25,0.618788166788167,-0.48083192642613,0.0262836242202414,-0.436449993668427,0.0419150566701363,-0.446289386555293,0.0394464287402288,-0.307092299312858,0.0247104945431518
-0.5,0.25,0.591520767520768,-0.482988471111003,0.0209744861510419,-0.447387468976676,0.0389756400027961,-0.459084639414674,0.0424411183345165,-0.27526835750206,0.0227413613196709
-0.5,0.25,0.590159162159162,-0.463976492853233,0.0229093629533204,-0.492730105765206,0.0485134840870973,-0.49070137495773,0.045874998166971,-0.283654952813096,0.0237903479340033
-0.5,0.25,0.600813144813145,-0.500590382089397,0.0267544707594511,-0.529116599333827,0.0538275161979078,-0.527334624825784,0.0522420140421616,-0.312469885306825,0.026174322372649
-0.5,0.25,0.585595197595198,-0.526107039988298,0.0244875052233098,-0.578173488524307,0.0637595298513084,-0.484854140848088,0.0468382738890573,-0.286562564816256,0.0253364961078047
-0.5,0.25,0.591872427872428,-0.486530086131373,0.0227946062311174,-0.530911204887301,0.0541462964967238,-0.517342609651147,0.052610992287409,-0.28775366425335,0.0200811423673714
-0.5,0.25,0.605278013278013,-0.499376009468444,0.0237306193959646,-0.439129252310435,0.0463870538531463,-0.484284323756716,0.044368228341081,-0.294283872768596,0.0231726797516818
-0.5,0.25,0.57809651009651,-0.493869467950936,0.0261534290854629,-0.449553212129929,0.0398723236218833,-0.472022081908532,0.0466492577694381,-0.277407018127596,0.0251588968379987
-0.5,0.25,0.579736095736096,-0.516612642995637,0.0245845298726409,-0.506715308532133,0.0401145693731451,-0.516838700335908,0.0483481061082138,-0.291363602568575,0.0242996042173257
-0.5,0.25,0.570642678642679,-0.476030914677435,0.0253196322288812,-0.57777927350128,0.0604777357115905,-0.453712340274025,0.047132496838365,-0.267466395530911,0.0247737442237352
-0.5,0.25,0.626108666108666,-0.516856475263217,0.0302353528656293,-0.408672188441999,0.0371070136319724,-0.511931608099234,0.0476751549127809,-0.321473637751483,0.0280835736449399
-0.5,0.25,0.605590493590494,-0.498444075686656,0.0251113141048388,-0.553910352258252,0.0597409154585881,-0.528531493587349,0.0515291975592276,-0.303760072873082,0.0253439040857036
-0.5,0.25,0.610582690582691,-0.492356511327627,0.0213366772694685,-0.50470276491412,0.0471755349746782,-0.464841349599331,0.0420439784243238,-0.286130284716722,0.0219936163361132
-0.5,0.25,0.60967020967021,-0.507338217101,0.0267545816763659,-0.477592952286325,0.0477574610423959,-0.492237495868713,0.0481505787224368,-0.30048494156429,0.0283263690227949
-0.5,0.25,0.61613596013596,-0.486321265018161,0.0225396115142184,-0.582542224389232,0.0540722481996369,-0.473865462679689,0.0433258894067347,-0.289330911244227,0.0225507202185036
-0.5,0.25,0.577142449142449,-0.539702385369207,0.0268297361461199,-0.550567896548103,0.0569190377721572,-0.513388681652307,0.0503271797447434,-0.305482947070475,0.0262660679444107
-0.5,0.25,0.583746487746488,-0.505621156863759,0.0225436614886579,-0.464862170758405,0.0465030116319556,-0.517655161993288,0.0477119503397409,-0.306059677356569,0.0246868105299328
-0.5,0.25,0.600253248253248,-0.463053928628206,0.0189880042834145,-0.43974213929593,0.047320275120868,-0.46163418355592,0.043171606847902,-0.274822662672587,0.0215465734522908
-0.5,0.25,0.586770706770707,-0.481843647151941,0.0226602314119234,-0.524828388758946,0.0453357577850473,-0.528499285490771,0.0471905248000987,-0.303815553736444,0.0217959892060101
-0.5,0.25,0.597286497286497,-0.451488051931929,0.0219440041630166,-0.43294307363188,0.0377528391568339,-0.470690946504099,0.051339691942825,-0.259717572824954,0.022605515997333
-0.5,0.25,0.585075333075333,-0.523826608903345,0.0253857218923649,-0.517750554962673,0.0518662405837668,-0.47530733079597,0.047045519635564,-0.301913724604275,0.0294056020798836
-0.5,0.25,0.629240393240393,-0.500285750672188,0.0241707079668536,-0.484232839087234,0.0492545112948762,-0.555329324287436,0.0539394454733062,-0.334507321918852,0.0269166841756272
-0.5,0.25,0.616588936588937,-0.50748000583588,0.0239688098878314,-0.407369747509871,0.0349837191732006,-0.577379628303902,0.0527558029958856,-0.338882138186417,0.0236270198985016
-0.5,0.25,0.621078585078585,-0.504098057915168,0.0232490891368552,-0.449314210931991,0.0400028794162094,-0.486924937996023,0.042621590452776,-0.312860016608685,0.0220503801906719
-0.5,0.25,0.611243903243903,-0.502535973734575,0.024222089456412,-0.543907614227182,0.0539414798260303,-0.483237296498565,0.0469493624164155,-0.291749470492004,0.0222431030925984
-0.5,0.25,0.573345009345009,-0.527375150949346,0.0256335358166776,-0.543831791503536,0.0578799352702455,-0.587868340356572,0.0621776934194268,-0.311260867690955,0.0272472539470249
-0.5,0.25,0.585106521106521,-0.491833266400803,0.0251282259011163,-0.575586444931524,0.0480592832828302,-0.464536624373372,0.0473297983265627,-0.277547573912674,0.0252142223669493
-0.5,0.25,0.591575163575164,-0.501661359201535,0.0242043175310165,-0.499495619735324,0.0372519093107265,-0.491639424088473,0.0491886155966718,-0.2811588073067,0.0241236326822157
-0.5,0.25,0.565408057408057,-0.487361958616721,0.0221686043179759,-0.540189093510127,0.0398680829862728,-0.492307385482402,0.047538529261215,-0.27280179843479,0.0232999789651326
-0.5,0.25,0.581405309405309,-0.492443359084319,0.0241850836575927,-0.531280310458675,0.0587445273451756,-0.497891074670738,0.0558296744317304,-0.270496637989801,0.0238934027961619
-0.5,0.25,0.597025989025989,-0.514578115003557,0.025147142015878,-0.596474648501672,0.053794714641638,-0.497360574055761,0.0461803429803166,-0.292917246622003,0.0277408389410023
-0.5,0.25,0.596877344877345,-0.480213343454633,0.0230668347355594,-0.429242485069645,0.0471574134580228,-0.455979577980074,0.0405360146023061,-0.290975888755128,0.024650798590731
-0.5,0.25,0.597349761349761,-0.480872738482289,0.0237129319493034,-0.472067486290422,0.0438878486819405,-0.489361077093054,0.0424296211745733,-0.303042265669955,0.0262227382191317
-0.5,0.25,0.597225741225741,-0.509821183136944,0.0228769599522623,-0.657666784542267,0.0882797890307664,-0.510467931819173,0.0554036651577306,-0.28891557413804,0.0260416602093152
-0.5,0.25,0.583071595071595,-0.511375115251018,0.0245516881290089,-0.487431158118506,0.0554518667225034,-0.492652372401657,0.0497090572596463,-0.288566800355222,0.0245597747661062
-0.5,0.25,0.589143937143937,-0.506734557168274,0.0224532463674513,-0.488982541538378,0.0449047814056402,-0.469496951864528,0.0410764070147909,-0.304163369236972,0.021516559667283
-0.5,0.25,0.572474780474781,-0.469748390870296,0.021392109332868,-0.479083174666746,0.0449748674591068,-0.491522096085326,0.0529144111928333,-0.26351151381838,0.0211571461037248
-0.5,0.25,0.5756693996694,-0.499922182116905,0.0232115663977349,-0.488965977315929,0.0428834726634784,-0.522773045361909,0.0528711839755321,-0.282712922954352,0.0227111668306851
-0.5,0.25,0.594219318219318,-0.50687781554131,0.0260057337765413,-0.565637242431763,0.0583564187757127,-0.529136776930171,0.0456808717663519,-0.322908407197382,0.027435217588557
-0.5,0.25,0.603046323046323,-0.566131474464612,0.0246839581079751,-0.649058846519877,0.0587247184161044,-0.616748018824077,0.0577734516221576,-0.329668374225787,0.0301138960145748
-0.5,0.25,0.618025482025482,-0.490374812574665,0.0228872782037726,-0.494051566080468,0.0441579494407138,-0.495936795308482,0.0444302326577473,-0.307808261286903,0.0214632606779017
-0.5,0.25,0.584436092436092,-0.453727275197313,0.0205448441743404,-0.483269633102273,0.0467228256768388,-0.432246768417617,0.0396223981342449,-0.265877342801286,0.0215470456083386
-0.5,0.25,0.600425172425172,-0.544222443848089,0.0237154417808738,-0.591650136512996,0.0662818502771226,-0.466349916978016,0.0405457838707692,-0.315029512431435,0.0251689507484301
-0.5,0.25,0.595590667590668,-0.50368108337679,0.0242369553698064,-0.529681048331282,0.0418209135979909,-0.493041884336135,0.0460822455935801,-0.291807090192414,0.0239249708252531
-0.5,0.25,0.603161079161079,-0.48528466374818,0.0242492483194728,-0.431111406482607,0.038464540503243,-0.494938882245783,0.0469740052711842,-0.297951711846293,0.0262143184922386
-0.5,0.25,0.611792255792256,-0.490771238712748,0.0230210640849046,-0.492369297630589,0.0425525188293845,-0.476827001715165,0.0450617717993896,-0.291788918391582,0.0231534086974766
-0.5,0.25,0.573663201663202,-0.524943892641713,0.0244822220367071,-0.577648417421843,0.062228154252395,-0.55801899676583,0.0499294871990591,-0.323869103072228,0.0240644626472725
-0.5,0.25,0.592291708291708,-0.504879805635698,0.0229599636417667,-0.632380531857498,0.0777471538956849,-0.511058297805659,0.0513012658187607,-0.294300155484437,0.0234995117122375
-0.5,0.25,0.569997713997714,-0.468337558292277,0.0225352997642951,-0.437265566042146,0.0421523148743674,-0.415535426302992,0.0438567628953718,-0.249606117333665,0.0232681384571272
-0.5,0.25,0.612640344640345,-0.500079115306294,0.0241475728271088,-0.403999248032206,0.0410175923702099,-0.480274980903671,0.0424721980600941,-0.302381901003933,0.0227167436948975
-0.5,0.25,0.573918513918514,-0.498548255055677,0.0234526612385158,-0.508707050775669,0.0391001062536425,-0.447128566429754,0.043537292808611,-0.269548579008825,0.024470899673148
-0.5,0.25,0.575839703839704,-0.509986763468147,0.0236234152647895,-0.475758914277625,0.037858804820742,-0.518142831599724,0.0553961620607586,-0.284627326951399,0.0247466008378766
-0.5,0.25,0.595464247464248,-0.491300807523793,0.0243891314418198,-0.554480308500087,0.0546703765977268,-0.552513348078584,0.0533120556580507,-0.318714583441154,0.0250130817021491
-0.5,0.25,0.606566622566623,-0.509499680328794,0.0221921202410139,-0.415517033069389,0.0367541552235184,-0.476963235342461,0.0434183655064752,-0.30184286698539,0.0218943405410946
-0.5,0.25,0.600279372279372,-0.546404988857342,0.0275335237371146,-0.571241556681636,0.0568113468388128,-0.542647671020081,0.0535510785533518,-0.320518211924942,0.0266014648764476
-0.5,0.25,0.598658146658147,-0.498489318119686,0.0212572455501107,-0.504314128206268,0.0542548721409143,-0.518537426142839,0.0494408403390064,-0.313339734280924,0.0229757625876592
-0.5,0.25,0.569867885867886,-0.490855376424581,0.0212111407460425,-0.543091011004205,0.0408705764707169,-0.485116241915097,0.0513110127369317,-0.25268090094276,0.0239875831437083
-0.5,0.25,0.581095313095313,-0.494855276422165,0.0250090032860452,-0.554789241013239,0.0495238128412843,-0.478037792814507,0.0451454315414324,-0.287481239593802,0.0241912343332216
-0.5,0.25,0.638776766776767,-0.475584713217471,0.0210249899503388,-0.470940762540884,0.0449753218434542,-0.523394483688003,0.0455439105659985,-0.317712243875505,0.0212937665585377
-0.5,0.25,0.593100173100173,-0.522924958933528,0.0245225486218992,-0.440191874313162,0.0421639751778276,-0.548489282409654,0.0524036544963582,-0.314399298056163,0.0266720941872838
-0.5,0.25,0.639338775338775,-0.508145526680981,0.0225066856388877,-0.544494062199706,0.0394843799304368,-0.564876377859351,0.0446435695655371,-0.354824369006273,0.0215726136842589
-0.5,0.25,0.601372633372633,-0.526369349254679,0.0230450753400558,-0.560883885839426,0.0529838578707674,-0.624928008875215,0.0618321825991092,-0.324479534208194,0.0249776708986814
-0.5,0.25,0.589742881742882,-0.474838035931928,0.0230424916525245,-0.42183629352449,0.0404547862127633,-0.480114427410612,0.0468745960682244,-0.282290040299865,0.0240273941478176
-0.5,0.25,0.588247812247812,-0.469958087565152,0.025137292262473,-0.432189200693068,0.0393926574453377,-0.513735501826917,0.0547738415388811,-0.272724529952033,0.0241689445114368
-0.5,0.25,0.587033279033279,-0.520709789869888,0.023497062127435,-0.46023386318065,0.0369358558651996,-0.531180066952284,0.0467910769506942,-0.326483596593147,0.0261027335561206
-0.5,0.25,0.588629304629305,-0.461989764130491,0.0203757100232645,-0.461186474026133,0.0342728426699492,-0.522952163624005,0.0465605024095038,-0.302363859961888,0.0183247086343414
-0.5,0.25,0.598894006894007,-0.497094914497358,0.0229546384955223,-0.501632887583925,0.038057543266494,-0.452238374804499,0.0380695015717768,-0.294824921393921,0.0234048221046437
-0.5,0.25,0.601336345336345,-0.51401001104187,0.0231674636689514,-0.538133040643896,0.0547230265786782,-0.5087730903474,0.0440999826860307,-0.326592106622998,0.0241774227389197
-0.5,0.25,0.603597147597148,-0.536762690814294,0.023622972485902,-0.556863927515758,0.0351876124507797,-0.513848499854891,0.0469747736884701,-0.310552886750312,0.0257653974739851
-0.5,0.25,0.578501402501402,-0.519714526785791,0.0251252172446673,-0.531026205852544,0.0476275960970106,-0.483053752848006,0.0446556098784922,-0.297198146372239,0.0254853649533545
-0.5,0.25,0.565127773127773,-0.473692880357957,0.0218447114732636,-0.489395658746284,0.0418861166716846,-0.466743961397149,0.0480218438861512,-0.262479789800669,0.0249968276202077
-0.5,0.25,0.640598752598753,-0.476956463974087,0.022166022539631,-0.459617343035598,0.0338111483614029,-0.5060613290894,0.0452819922720987,-0.306602709495026,0.0240939879590021
-0.5,0.25,0.608759012759013,-0.46343002862805,0.0237282287140354,-0.522704713979367,0.0506937579215547,-0.537381953538383,0.0556128309733086,-0.282622658361728,0.0235755603884549
-0.5,0.25,0.624410304410304,-0.470900145575346,0.0242443752103319,-0.471391122202901,0.0528081971251658,-0.428058688345489,0.0389145135452813,-0.285918598916138,0.0226078019046528
-0.5,0.25,0.578919110919111,-0.498011545204218,0.0250783465117493,-0.436846858066268,0.0472600090287289,-0.568315761984268,0.059828489682102,-0.293328444654932,0.024559710716264
-0.5,0.25,0.604956484956485,-0.46792749145133,0.0218807898931962,-0.454437981543709,0.047452582984199,-0.441542429212146,0.041343938974166,-0.277188447150322,0.0228741826379216
-0.5,0.25,0.595003711003711,-0.483183691810486,0.0259258831527017,-0.530318226924237,0.0556888631481946,-0.568733441954556,0.0628806147917165,-0.313204325680595,0.0239645751777087
-0.5,0.25,0.561543921543922,-0.48573200291705,0.0241739524622706,-0.461889152920906,0.044044881973355,-0.467309953596955,0.0492748605035188,-0.262656806665218,0.0238636523404303
-0.5,0.25,0.568152532152532,-0.530413949552576,0.0267195867788928,-0.54310182624617,0.0504159161117874,-0.445604247350625,0.0474650654429114,-0.275416368908065,0.0258297776271999
-0.5,0.25,0.600533712533713,-0.501890441167219,0.0234215546321747,-0.455404942812704,0.0372630996415899,-0.45454363372901,0.0419848336112959,-0.294652539901305,0.0227476983532053
-0.5,0.25,0.583186963186963,-0.508428435257694,0.0241655026241694,-0.443287195307139,0.0385705209388868,-0.54890513096291,0.0520913694830825,-0.31154979520216,0.0256926515921912
-0.5,0.25,0.650388362388362,-0.503895709020146,0.0254395014017045,-0.555775672333284,0.057893511661277,-0.530110378150689,0.0437244160854399,-0.339490982110827,0.0265384984696844
-0.5,0.25,0.621938901938902,-0.500518011559596,0.0223903760720837,-0.440697170430254,0.0351560727252707,-0.461282004250049,0.0402634486649212,-0.302450829284456,0.0244022997790083
-0.5,0.25,0.624144888144888,-0.529981013096849,0.0239077138211121,-0.50535251604483,0.045075076111433,-0.506760923919067,0.0453449914767747,-0.330170175271243,0.0247445878676961
-0.5,0.25,0.599332403332403,-0.456674656127916,0.0253524128936799,-0.488805663670453,0.0579732404190585,-0.382511341223641,0.0390532901076759,-0.243780762233065,0.0245228219799392
-0.5,0.25,0.593445641445641,-0.479923475321554,0.0211091548451147,-0.409421525811622,0.038741921530769,-0.531284735109629,0.0497487452979449,-0.303817111392425,0.0240960111919598
-0.5,0.25,0.603412599412599,-0.505759611936122,0.0260880304793485,-0.439500959978818,0.0464313080930843,-0.522274158876528,0.0467763646438944,-0.338677888464031,0.0284669443417223
-0.5,0.25,0.611765795765796,-0.485936666351719,0.0237440706905559,-0.47389924981742,0.0427259740602347,-0.536983544954998,0.0501749362020372,-0.313724375578417,0.0235667384658642
-0.5,0.25,0.582561342561343,-0.47456900723423,0.0242776671590228,-0.45462586877636,0.0485444317127672,-0.497904009913428,0.0504404913864842,-0.276646324636348,0.0230340813182033
-0.5,0.25,0.585831297831298,-0.54034186660777,0.0274027234156571,-0.538519293776277,0.0410270544501353,-0.595040188802627,0.0553622513551076,-0.335551077546718,0.0256727046528289
-0.5,0.25,0.618882390882391,-0.519892308768453,0.0233855094181525,-0.595055230759863,0.0565728350774808,-0.480828267924693,0.0415867714723479,-0.320886809447251,0.0235247186109285
-0.5,0.25,0.610204774204774,-0.502512104328161,0.0244764300923231,-0.457934001109117,0.0432058057174386,-0.468500835795142,0.0434911110087952,-0.292439719629549,0.0241861296914829
-0.5,0.25,0.609508557508557,-0.491113962150212,0.0238144422230624,-0.530767693127817,0.055460378646339,-0.535965242856722,0.0494794478275992,-0.32043039788647,0.023223747460747
-0.5,0.25,0.603822687822688,-0.493876084210099,0.0260782799144717,-0.450056319878721,0.0368295286532787,-0.487329278977555,0.0454260487838926,-0.302199031274479,0.024062045401892
-0.5,0.25,0.576568740568741,-0.461140685937558,0.0240585447034773,-0.444103463163503,0.0404088108330248,-0.429006372153952,0.0443124363219302,-0.253348914930494,0.024005708556672
-0.5,0.25,0.599412107412107,-0.500474981007413,0.0260446333295672,-0.610352978810499,0.0565951276567452,-0.56864465482697,0.0525008056710548,-0.317214699650664,0.0236204018308987
-0.5,0.25,0.571110979110979,-0.485383512542805,0.0239209941909938,-0.487358951075434,0.0494693678576563,-0.513946414974704,0.0543414191151074,-0.279422926022821,0.0237924616894385
-0.5,0.25,0.58846098046098,-0.514241631150685,0.0262647066787532,-0.501754311815767,0.0493893518885698,-0.50486801677776,0.0505192274450184,-0.295157233677858,0.0262202293855488
-0.5,0.25,0.570670086670087,-0.48427432246225,0.0224869758249646,-0.495976262926492,0.0487345993315352,-0.490081729376381,0.0513580697632753,-0.274986827857289,0.0239930658467605
-0.5,0.25,0.590308046308046,-0.468863259742638,0.0226087478337446,-0.39115822800676,0.0336881414634093,-0.44737272147034,0.0405354562980337,-0.279725875159781,0.0239315400936491
-0.5,0.25,0.537654573654574,-0.485741359702107,0.0237872758782338,-0.564914624335396,0.0554168358146858,-0.489707720860086,0.0489637238107651,-0.263039213128012,0.0227890999059237
-0.5,0.25,0.551401847401847,-0.480835561581376,0.0222227836084968,-0.453437041130989,0.0476431248984336,-0.501756434952978,0.0522048444497238,-0.278027807056564,0.0238211922505344
-0.5,0.25,0.593230433230433,-0.539831274069408,0.0274563252951566,-0.601577822946161,0.0584714690606946,-0.543187493826867,0.0511518350423017,-0.328720481906716,0.0276187239284391
-0.5,0.25,0.565988893988894,-0.465121803475661,0.0204867092533691,-0.424607479376187,0.0324110648343504,-0.425987638260199,0.0412960694600909,-0.262411585619479,0.0236457777990765
-0.5,0.25,0.606796194796195,-0.49377628931918,0.0226851853373451,-0.618086406778106,0.0620721621682939,-0.458595279319845,0.041953803590386,-0.296484965861757,0.0237988252148452
-0.5,0.25,0.624141624141624,-0.481333235567223,0.023622999525105,-0.476444246802802,0.0383021026578942,-0.528419451333064,0.0469258760359902,-0.325740811683848,0.0254476388314313
-0.5,0.25,0.585297729297729,-0.475171424477283,0.0250870074461724,-0.435263956601576,0.0534979901274165,-0.496293979562372,0.0526091031003992,-0.276730974243874,0.0262608232562139
-0.5,0.25,0.552590100590101,-0.525323726452424,0.0228875180619379,-0.52892671716945,0.036991913670465,-0.550443737479218,0.060899893996722,-0.277422517419992,0.023152747426083
-0.5,0.25,0.622639054639055,-0.512404590349138,0.0212930425557498,-0.548261310066306,0.0499800091281082,-0.479735224152329,0.039211966970128,-0.317429455925317,0.0217651489576671
-0.5,0.25,0.603285591285591,-0.507804576766436,0.023745835425979,-0.520165166660698,0.0497135326750229,-0.501684022191136,0.0438462900631733,-0.318918300260646,0.0260954437252255
-0.5,0.25,0.574190866190866,-0.522699199883421,0.0239830639879733,-0.514457593253816,0.0463328918541711,-0.465853583450375,0.0425786297922359,-0.294758493460559,0.0265388486394659
-0.5,0.25,0.573131337131337,-0.497337395911051,0.0255008555990189,-0.54850164503714,0.0600960346517646,-0.517675201147727,0.057241249043328,-0.267981930554691,0.0258628185948688
-0.5,0.25,0.618836418836419,-0.516267091485288,0.02497335793313,-0.575942572139875,0.0535193268435819,-0.517524574183412,0.043115416223497,-0.333510644018398,0.0237678506070735
-0.5,0.25,0.597478833478833,-0.511244876876444,0.022660072996903,-0.531189182098501,0.0534515730201923,-0.52547469453572,0.0456842553083192,-0.322993869485316,0.0234654354708702
-0.5,0.25,0.625179133179133,-0.488944562122261,0.0252194549505506,-0.465628553524231,0.0426170301833922,-0.444927254541978,0.0399388856604218,-0.285586376646486,0.0228615374104078
-0.5,0.25,0.593100293100293,-0.496187704866391,0.0247909312662947,-0.467985856310671,0.0396081663869082,-0.532810643144823,0.0508926888358265,-0.306806719506523,0.0235265484557249
-0.5,0.25,0.556485016485016,-0.484334617135507,0.0251285146154537,-0.474901897381823,0.0474775679349497,-0.425498267001862,0.0403502106991034,-0.268797726655509,0.0229433925712641
-0.5,0.25,0.631621747621748,-0.488730866792301,0.024557208379069,-0.49453258772191,0.0443042289003634,-0.585820279586032,0.0571738960094658,-0.316304768537662,0.0214408185259256
-0.5,0.25,0.598479202479202,-0.490353481799548,0.0223282648081711,-0.529190334157052,0.0428731164435686,-0.437067337964934,0.0365084878357359,-0.299807871772136,0.0237910526234477
-0.5,0.25,0.643666951666952,-0.493954615250045,0.0233705190423825,-0.528762922458227,0.0460686371857831,-0.468117507390582,0.038569672855169,-0.314756361297568,0.0250884749049163
-0.5,0.25,0.585071361071361,-0.48927854868952,0.0232942865925312,-0.449487579024564,0.0439231475459258,-0.46710941613268,0.0446886812899646,-0.271368725447333,0.024528737370975
-0.5,0.25,0.610348774348774,-0.513882332241263,0.0246003746348776,-0.451984404577858,0.0388402138417171,-0.522528451561306,0.0436781550626325,-0.337808096431688,0.0246466747454306
-0.5,0.25,0.577347445347445,-0.515480813857396,0.0256905191061289,-0.474619936700494,0.0395993562630195,-0.56899825385207,0.0538691113260984,-0.336526181099333,0.0302478625828261
-0.5,0.25,0.580502896502896,-0.474210717036605,0.0228323811635458,-0.423399864008506,0.0369469757493132,-0.423189343036755,0.0414076130774035,-0.262379734108839,0.0241797077654354
-0.5,0.25,0.627860775860776,-0.486575659768995,0.0234138104378391,-0.435930556970131,0.0394649242165047,-0.448376259387603,0.0425511727573885,-0.285721839828803,0.0245180613694137
-0.5,0.25,0.590453234453234,-0.473208826392907,0.0215871407729945,-0.503465937672609,0.0412585528171859,-0.445594816940822,0.0390361185710885,-0.290502998984054,0.0235071114580164
-0.5,0.25,0.599390171390171,-0.44505762186083,0.0215278384139695,-0.529872743870877,0.0569886318816935,-0.447410439565567,0.0415417813272809,-0.276284642469438,0.0225923952951853
-0.5,0.25,0.591886443886444,-0.515874436755928,0.0263321292922219,-0.563381242285138,0.0634641943514776,-0.480335562804327,0.0499869880092732,-0.283151682422229,0.0259893715343933
-0.5,0.25,0.586678810678811,-0.48887933257393,0.0257628992621773,-0.479521989810126,0.0577997552132796,-0.485047864561152,0.0422811252014173,-0.305575864030368,0.0263333338666862
-0.5,0.25,0.60604161004161,-0.505295949109759,0.0226473933953216,-0.596677065084518,0.0445665327203331,-0.550999230665563,0.0547754058592057,-0.291749420870307,0.0219036352490209
-0.5,0.25,0.60424972024972,-0.519546433508766,0.0279843156487707,-0.456615932965812,0.0596963409676777,-0.491491557929152,0.0501309093884145,-0.295572527596331,0.0270990384159103
-0.5,0.25,0.579133803133803,-0.518233030484175,0.0245868290229886,-0.553854720417062,0.0414796087600979,-0.523898845720166,0.0500905437157196,-0.304230300454996,0.023396810324434
-0.5,0.25,0.609641313641314,-0.503808530659584,0.0226655630644431,-0.396120601714102,0.0383098710883417,-0.491094869745824,0.0436038553162357,-0.301144736132207,0.0237599347464396
-0.5,0.25,0.570816558816559,-0.461588283372025,0.0202293656716806,-0.420508942080638,0.0430585718479036,-0.468012809747222,0.0455459536013374,-0.26522747560202,0.0208712470959374
-0.5,0.25,0.618419166419166,-0.482480586376671,0.0243546324210875,-0.495100727963343,0.0458771267702849,-0.481194368259536,0.0432693939172097,-0.303575577283439,0.0230540031675548
-0.5,0.25,0.559114567114567,-0.505996114463985,0.0266557407891813,-0.505190902622319,0.0464833909242438,-0.499681154460808,0.0541479097066517,-0.275833856275798,0.0266665899589464
-0.5,0.25,0.591922671922672,-0.503467829646654,0.0250871497878988,-0.443708101424783,0.0509665958818653,-0.536549465239186,0.0508584589362545,-0.320949378621019,0.0241801384335287
-0.5,0.25,0.596499284499284,-0.493617040982365,0.0247142046295131,-0.512815711194268,0.0431016655202368,-0.508967194955028,0.0511947187486114,-0.299587222091805,0.0237636268417501
-0.5,0.25,0.563882795882796,-0.45831755601389,0.0228685394096924,-0.501253825499025,0.0550448975086065,-0.425674260968574,0.0436605280276867,-0.24193680034308,0.0219692807596355
-0.5,0.25,0.628021552021552,-0.501261939770837,0.0226996922542638,-0.559334189634444,0.0433127223724138,-0.563824113154155,0.0477216155576983,-0.359375736966908,0.0253603663478802
-0.5,0.25,0.570241626241626,-0.444242257648381,0.0212356143492088,-0.427688321377673,0.0449002211222039,-0.464199750097071,0.0469477690130118,-0.263508433882783,0.0227826994688093
-0.5,0.25,0.582851394851395,-0.4847380364024,0.0232105192120399,-0.468660819643205,0.0506161287377715,-0.471584077253976,0.0486120588818938,-0.276153125174788,0.0228366957884598
-0.5,0.25,0.602448686448686,-0.53852427081055,0.0248367599570195,-0.49558051831347,0.0388223790193974,-0.526460758910826,0.0484451294648862,-0.323604886543351,0.0258877292413334
-0.5,0.25,0.569453501453501,-0.523566381804935,0.0248658810903294,-0.478422782154011,0.0402485916341063,-0.550486241200171,0.0525237268949783,-0.32040550266635,0.0266796009769818
-0.5,0.25,0.601006333006333,-0.503781210238839,0.0256150896111694,-0.5349180321032,0.0580122295623507,-0.466392099733315,0.0460317247832655,-0.293693508755156,0.0268748942319661
-0.5,0.25,0.617234153234153,-0.505364015642474,0.0240247788455717,-0.531118337268351,0.0555790159441487,-0.495949351321519,0.0470942829694209,-0.307368394428511,0.0249360442287778
-0.5,0.25,0.562984462984463,-0.488401370520894,0.0213775746800723,-0.457207147441859,0.0431814066947595,-0.530171259246785,0.0553542278839119,-0.288363555278185,0.0193373371969972
-0.5,0.25,0.60243491043491,-0.499807688470463,0.0265963171514514,-0.467066018711876,0.0497937977752334,-0.540382232275357,0.050921620374858,-0.320048537811343,0.0250913088846713
-0.5,0.25,0.579750363750364,-0.504668300360019,0.0241963803540961,-0.588486955972776,0.0583384060234045,-0.488210178322939,0.0441873287657097,-0.29874183745816,0.0226168017123222
-0.5,0.25,0.613026577026577,-0.486809717933102,0.0209873302143461,-0.494202755071987,0.0383288820842666,-0.452056189643409,0.0390844103258416,-0.301493258869679,0.0232083246206698
-0.5,0.25,0.552557448557448,-0.497317547405364,0.0253716425930566,-0.491043880915916,0.0494708605001812,-0.522993688461579,0.0559753904713612,-0.270405879826241,0.0233527785928698
-0.5,0.25,0.545999381999382,-0.463808403005916,0.0251478700752248,-0.441482794451069,0.0454049454887883,-0.501723255241861,0.0533037388174435,-0.266446803919164,0.0235871283763686
-0.5,0.25,0.566784554784555,-0.485658702441185,0.0231905780254508,-0.50057550386706,0.0482830731015517,-0.529468593744881,0.0520753378029126,-0.283185537757163,0.023787956874983
-0.5,0.25,0.568449676449676,-0.488114315376413,0.0213894879417945,-0.386671283847655,0.0413564807005458,-0.517651867263903,0.0491814474562325,-0.295669079029279,0.0226905313301771
-0.5,0.25,0.588548388548389,-0.478188317239266,0.0247349506632556,-0.431029505573792,0.0397797247644242,-0.486651248839982,0.048272051580632,-0.280154633143831,0.0244217912563048
-0.5,0.25,0.632008868008868,-0.544027700458598,0.0268662583794207,-0.612595619356036,0.0639799617627703,-0.553595051344746,0.0497865312314588,-0.341825633396207,0.0248239896652262
-0.5,0.25,0.577314445314445,-0.494116773549951,0.0234312377239683,-0.572634766540823,0.0634570980750655,-0.448273180571488,0.040997113892888,-0.291420721566358,0.0243257029803343
-0.5,0.25,0.577111669111669,-0.4841280585554,0.0219081241280221,-0.458528140526694,0.0355086981231898,-0.51555689049357,0.0517346792640011,-0.2780919658205,0.0229448894743122
-0.5,0.25,0.60632541032541,-0.487366362126946,0.0217801506567205,-0.555794415983381,0.0477900375583737,-0.523642957870584,0.0436877395068089,-0.326194444248781,0.0244377386826661
-0.5,0.25,0.5963219003219,-0.51774131873075,0.0238382834937787,-0.622953848322282,0.0519322965162211,-0.522221579635616,0.0467672620772283,-0.311305822019242,0.0247465664854577
-0.5,0.25,0.619657063657064,-0.515482718920376,0.0203007180140613,-0.528781074331156,0.039759678385379,-0.460408490990605,0.038275140835209,-0.315600142581424,0.0271098335789374
-0.5,0.25,0.578084426084426,-0.485882352692846,0.0243845054907927,-0.535659219758581,0.0488821235240241,-0.409083560778921,0.0424799022019736,-0.266426294372818,0.0236739221492584
-0.5,0.25,0.598321138321138,-0.544190106227323,0.0273098109671345,-0.553476379950996,0.0689380792431477,-0.572015019853588,0.0589860873213956,-0.322136722121831,0.0268272981492806
-0.5,0.25,0.576580188580189,-0.538616132210894,0.0275578259240514,-0.46173625123124,0.0524895482467042,-0.530629012798342,0.0502509872371695,-0.310088549826067,0.0235143477689515
-0.5,0.25,0.604695388695389,-0.498071184225585,0.0268480622571679,-0.612144288376148,0.0739378226080999,-0.519474773434972,0.0490406924314482,-0.309775888337482,0.0249449776500451
-0.5,0.25,0.646628926628927,-0.50489672959363,0.0260727163386726,-0.524017002271504,0.0497969114034302,-0.485637026846904,0.0414561076693793,-0.325995224408484,0.0265606299618862
-0.5,0.25,0.569596325596326,-0.511608400835355,0.0260089866833933,-0.544784937680841,0.0499169871878099,-0.528228895241941,0.0541809113458003,-0.30109527492656,0.0262217733184378
-0.5,0.25,0.614227826227826,-0.460838541336523,0.0248885202311031,-0.495874040542357,0.0518145282058001,-0.437481306495488,0.044293794589111,-0.255560545505892,0.0225773546782755
-0.5,0.25,0.608818484818485,-0.517173328232099,0.0257432672510763,-0.579955918986965,0.0695552646830507,-0.505191515882821,0.0479099092007437,-0.310146305984354,0.0271378576345937
-0.5,0.25,0.601995073995074,-0.466625751667157,0.0238589700268974,-0.473843553796031,0.0431205603063801,-0.456209165085614,0.0425297296095193,-0.280410159898095,0.0235371044842296
-0.5,0.25,0.560896172896173,-0.476259582969598,0.0219788030396577,-0.491221634435625,0.0443475476664717,-0.455789536013313,0.0476563608525441,-0.250261781304809,0.0233034115414665
-0.5,0.25,0.582779922779923,-0.491772909626971,0.0220300719511926,-0.55405539745353,0.0463507117518692,-0.476776250919844,0.0454309978642344,-0.283091143605832,0.0237114089527695
-0.5,0.25,0.63359700959701,-0.439046457969432,0.0199082525834194,-0.414731685448535,0.0346490858293902,-0.486589883846178,0.0471214938158944,-0.270383873752559,0.022134380608799
-0.5,0.25,0.584629868629869,-0.467565328825361,0.0215454800055946,-0.446418082669155,0.0439647552758335,-0.462122919743143,0.0469386718518708,-0.259921704390998,0.0210754992150008
-0.5,0.25,0.59797398997399,-0.497441393421556,0.0257233296602201,-0.570020043081516,0.0650322143758867,-0.479481455161489,0.0462126169506919,-0.291495267673142,0.0236768256812205
-0.5,0.25,0.616268848268848,-0.543753190428484,0.026308531667187,-0.547513824226656,0.0536072444616909,-0.56282913360711,0.0535892716774946,-0.332459103805503,0.0238960542351379
-0.5,0.25,0.587799167799168,-0.509100306758185,0.022272853305438,-0.505219407203455,0.0450942161398892,-0.519340185211381,0.045701962356404,-0.321641957823751,0.0234290121216205
-0.5,0.25,0.564379248379248,-0.506498134360266,0.02609648897385,-0.563568366539671,0.0501060218893947,-0.467187386948466,0.0456655830784209,-0.269748942149099,0.0252922829739695
-0.5,0.25,0.599369987369987,-0.522878677352507,0.0240123652592881,-0.514835460994465,0.0470269977378436,-0.540916861300478,0.0544606226958597,-0.296253255085397,0.0236063584082109
-0.5,0.25,0.594681558681559,-0.472894017456838,0.0236345452251827,-0.461448460246562,0.0462706808440091,-0.449144016750124,0.0429645757924492,-0.284243402192577,0.024473352408948
-0.5,0.25,0.616896412896413,-0.515780157113071,0.0254367725131705,-0.508082611086912,0.0505033721572202,-0.510661386208787,0.0474971941771064,-0.321527015674293,0.0281825635753969
-0.5,0.25,0.619441783441783,-0.498791314137272,0.0260775733925774,-0.501178295721248,0.0511828241263232,-0.513946423168868,0.049771423329296,-0.310256245299771,0.0258930193566713
-0.5,0.25,0.589452145452146,-0.489835556286641,0.0233651742948359,-0.534114515695182,0.0453043217008157,-0.472470152745573,0.0415382338483049,-0.295663943997673,0.0233438953326192
-0.5,0.25,0.574923346923347,-0.484470024354285,0.0221194883147811,-0.468900781182161,0.0405541372351509,-0.485350417967382,0.0474546595112591,-0.281796216268835,0.022178990800775
-0.5,0.25,0.563145659145659,-0.465732121645494,0.0214436952315638,-0.498931759016984,0.0546277535617522,-0.466171337634491,0.0452174781687818,-0.269920162722573,0.0217546395042503
-0.5,0.25,0.611694023694024,-0.566357312949481,0.0263987958942052,-0.515650654375597,0.037629798605545,-0.560375094548731,0.0497105544839772,-0.342582418992415,0.0251581551111294
-0.5,0.25,0.610040818040818,-0.503091859969549,0.0238040025931611,-0.505975264193947,0.0507369394576322,-0.505214184459916,0.0457246027422128,-0.314357072794561,0.0244878765637994
-0.5,0.25,0.588097272097272,-0.487512996297744,0.0231297737677999,-0.473183974342817,0.0490665265168352,-0.53806812427562,0.0558897299268002,-0.287823731175274,0.026252195410036
-0.5,0.25,0.572516672516672,-0.467876359140763,0.0222043461949938,-0.441448623111379,0.0379381485481394,-0.520066119144986,0.0497414593013398,-0.293991354111888,0.0234074673788773
-0.5,0.25,0.580671460671461,-0.487190130084337,0.02597601293873,-0.524641163898031,0.0522543769991456,-0.524632998306779,0.0515771414351079,-0.304873440770025,0.0241001034298546
-0.5,0.25,0.599026739026739,-0.484363002828069,0.0265089174854148,-0.533109943652827,0.0607577541608362,-0.508466014366833,0.0498294535544085,-0.304820539081371,0.0241332980463148
-0.5,0.25,0.583093867093867,-0.484623298624867,0.0234009534350879,-0.504462295092389,0.0373982210324319,-0.449487834504189,0.0401064306575044,-0.277826328173883,0.024054494373459
-0.5,0.25,0.591532815532816,-0.513419091516641,0.0221265201520619,-0.548937406085086,0.0459120490324812,-0.534125321087689,0.0597820331659046,-0.274448789630287,0.0231126303637127
-0.5,0.25,0.619670911670912,-0.527002913643294,0.0247212494815007,-0.553592089323497,0.0538085775043119,-0.489072829208051,0.0432894845810843,-0.313791793373729,0.0253087137075292
-0.5,0.25,0.600520284520284,-0.506419523060438,0.0224131745528387,-0.525929631713683,0.0490705081674758,-0.489773976713472,0.0441359143857622,-0.301951435920698,0.0235467168985707
-0.5,0.25,0.586511230511231,-0.494674408446868,0.0227605474165089,-0.488988977586933,0.0433523130384813,-0.490231856167568,0.0418225610484357,-0.313346779737525,0.0217078459757647
-0.5,0.25,0.603185655185655,-0.512636017334046,0.0231198617012899,-0.527489342437234,0.0531271391302566,-0.510342186636834,0.0511109185789885,-0.293729735124026,0.025000731343008
-0.5,0.25,0.615048123048123,-0.490605492972723,0.0267060388566527,-0.513538212489604,0.0605843113866497,-0.437520925769851,0.0403404021333235,-0.281212022200313,0.026371668116954
-0.5,0.25,0.598352518352518,-0.543556114862595,0.0214723985038977,-0.631824132277266,0.0426942956963534,-0.527844079921744,0.0447335998367835,-0.319933224279471,0.0243695715673183
-0.5,0.25,0.559001515001515,-0.505494442048812,0.0231160288852222,-0.517968010799824,0.0376881112493198,-0.456035589134068,0.0500415229474308,-0.250557031428874,0.0259234926851193
-0.5,0.25,0.558730770730771,-0.518026227959146,0.0231643213895457,-0.507103412621633,0.0433107727783379,-0.544540294541062,0.0606627580883353,-0.274885146673715,0.0241292201885892
-0.5,0.25,0.593184653184653,-0.501776175268205,0.0231400090997098,-0.532098774890993,0.0527306390023647,-0.502595552109067,0.0455724023603477,-0.302885526322191,0.0227350367014254
-0.5,0.25,0.621719397719398,-0.512767030629194,0.0272936385656959,-0.562201475702882,0.0550310047539871,-0.555844851120792,0.0504999130808502,-0.324924976490785,0.0263848024436736
-0.5,0.25,0.616146136146136,-0.506879948142947,0.0243191091448652,-0.537344082988383,0.0564026175959526,-0.492371391048118,0.0457071009387356,-0.309290397661951,0.0249911930386771
-0.5,0.25,0.657201057201057,-0.47071807756055,0.0236025755212065,-0.434142567219237,0.0452364715769605,-0.482665899731279,0.0396059730996745,-0.30430522548583,0.0215528968431408
-0.5,0.25,0.625080613080613,-0.528687295267053,0.027743642295451,-0.648848759924162,0.0671065025020968,-0.548295722863338,0.0507194793597332,-0.32310403088593,0.0251779105151051
-0.5,0.25,0.595100839100839,-0.504566023734175,0.0252179721963894,-0.464325857825987,0.0469714673547186,-0.519347967037687,0.0491709795222075,-0.309808186900691,0.026197967641275
-0.5,0.25,0.558570966570966,-0.568771817331953,0.0266105293557338,-0.586975799064688,0.0471860986587487,-0.521882935208663,0.0528153856362111,-0.297567941267577,0.0280097742868082
-0.5,0.25,0.591888987888988,-0.509362898155222,0.0248983976759478,-0.562339204753702,0.058858777770031,-0.591244975225128,0.0584028375082399,-0.318861585542559,0.0243027456192208
-0.5,0.25,0.635235731235731,-0.501995493642029,0.0249672801375113,-0.518805814964419,0.046617638241687,-0.501957964860368,0.0464868218189495,-0.320828635634474,0.0256834974427637
-0.5,0.25,0.627879711879712,-0.550878936230086,0.025305180532116,-0.478965177726433,0.041636340961279,-0.572199303065228,0.0469018465553383,-0.359679217765653,0.0243749371933119
-0.5,0.25,0.571980103980104,-0.483133514341775,0.0202927624565378,-0.47633504959884,0.0470609031266538,-0.464922583937319,0.0473390615073089,-0.254347199422308,0.0206109389040427
-0.5,0.25,0.619076551076551,-0.470044422956409,0.0273901057296514,-0.40146488612835,0.043089920435485,-0.50851194249526,0.0452573429588644,-0.318164815412869,0.0224964048850378
-0.5,0.25,0.592614844614845,-0.462046159263281,0.0207409717075722,-0.459317105646447,0.0500943986572137,-0.505620421108794,0.0471846150043985,-0.293052356408994,0.0220499035641951
-0.5,0.25,0.603862551862552,-0.499809399780742,0.0253010221479784,-0.464594929834171,0.0478277981605113,-0.494035459640819,0.0492847197135388,-0.286626288466892,0.024994088723185
-0.5,0.25,0.577384237384237,-0.492400887351199,0.0262586815497208,-0.44314140088656,0.0427439282168369,-0.528509371440971,0.0550393398357935,-0.300037755614891,0.0251869049929731
-0.5,0.25,0.593711957711958,-0.529081358700811,0.0257776299428349,-0.485630732638701,0.0473274903022547,-0.437613586486267,0.0438468676679884,-0.287378030144483,0.0250475904161716
-0.5,0.25,0.595510303510303,-0.482348423130298,0.0224526099336065,-0.471322738327159,0.0521540847067537,-0.542056568737153,0.0533396996347117,-0.293163164157809,0.0246381122866379
-0.5,0.25,0.626795210795211,-0.48844437206759,0.0227119520341931,-0.589773458789109,0.0588932940228665,-0.500680759354649,0.047097247686323,-0.297379691232093,0.0228480883407314
-0.5,0.25,0.594197046197046,-0.477306821667077,0.0243454983909881,-0.518041726532687,0.0487213870289357,-0.450422583298397,0.0438238911611333,-0.271910494156638,0.0249233466401951
-0.5,0.25,0.626754086754087,-0.475372075427675,0.0213798624154296,-0.531405098258433,0.0447640813162953,-0.494364273189188,0.0418920085501543,-0.307997373846626,0.0208090370968987
-0.5,0.25,0.564744432744433,-0.526516241003708,0.0266365032197697,-0.540699317907331,0.0557591991565858,-0.580187574247936,0.0616024707886839,-0.300744868251335,0.0240560005785347
-0.5,0.25,0.573290301290301,-0.470282066298846,0.0217513697967222,-0.473084518300269,0.0504529535021208,-0.461366394261323,0.0430397366893787,-0.273709260712652,0.0224147670538273
-0.5,0.25,0.623219423219423,-0.488125833085344,0.0205937651002506,-0.579008893130041,0.0537451305081011,-0.519019471620121,0.0462801089546333,-0.318415420439226,0.0235074920392318
-0.5,0.25,0.587691803691804,-0.524021184351467,0.0244697258542131,-0.53617759500038,0.0516646696753091,-0.520592724702686,0.0547622350895146,-0.301391389700096,0.0231011249824013
-0.5,0.25,0.556999324999325,-0.491343252864909,0.023393988532666,-0.494955296113255,0.0432411704107748,-0.414289301970274,0.0414151010406471,-0.256207827192449,0.0231467870805897
-0.5,0.25,0.58159898959899,-0.552468171758921,0.0289896020981529,-0.549956310386646,0.0426480640956936,-0.546391172871303,0.0548595971727826,-0.314670677519237,0.0270439850150886
-0.5,0.25,0.60961842961843,-0.495880821677998,0.0224575549390918,-0.441546822844831,0.037172905462385,-0.483108382108272,0.0460488601764389,-0.292808615204071,0.0220521828073794
-0.5,0.25,0.598715338715339,-0.480862133222932,0.0256165514736553,-0.416503063685443,0.0329755241134804,-0.439581713995683,0.0386600301827284,-0.27905322397397,0.0237984242472068
-0.5,0.25,0.58606975006975,-0.509360210322321,0.0210189724568248,-0.550860945248524,0.0418063976717125,-0.594976672440329,0.0592083388186021,-0.304584061179556,0.0228965276329303
-0.5,0.25,0.60373425973426,-0.48777336305121,0.0241551017008525,-0.475611298674041,0.0483615846792208,-0.465495531558927,0.0428514255363837,-0.296653634031806,0.0225839717937769
-0.5,0.25,0.557177333177333,-0.444654876937122,0.0208091469504099,-0.498374978429478,0.0576670449535227,-0.440593359526478,0.0427108439888256,-0.263735193506198,0.022496750465456
-0.5,0.25,0.609965061965062,-0.487852294562999,0.0218925425153168,-0.503971094431257,0.053706202736782,-0.430995894096855,0.0395418029656948,-0.285232066480799,0.0214606905428409
-0.5,0.25,0.614705678705679,-0.487375380207981,0.0225269272128461,-0.486445061638546,0.0429647982866051,-0.482134845739663,0.0424884334607319,-0.303045590049512,0.0247471447115504
-0.5,0.25,0.586221502221502,-0.499820747433245,0.0216362870300453,-0.48103946128712,0.0403604217601539,-0.410518619594289,0.0401377424882329,-0.259716673794133,0.0245672391564994
-0.5,0.25,0.576401904401904,-0.50942839582779,0.0241228998001994,-0.461098163507318,0.0347206500229477,-0.475740876094357,0.0455600155201666,-0.286978177004448,0.024081303478867
-0.5,0.25,0.602941190941191,-0.520094657804565,0.0275192534634598,-0.516097299756764,0.0457714539680768,-0.506816341639552,0.0496991916132473,-0.309312166125813,0.0275326626298535
-0.5,0.25,0.579017523017523,-0.480419349435358,0.0223503218419176,-0.495311731640826,0.0470222656995224,-0.614079804976146,0.0693538232418394,-0.297654175248799,0.023216866095895
-0.5,0.25,0.619523215523216,-0.465183196117092,0.0223853654741718,-0.479822295470419,0.044639962616031,-0.436485481999064,0.0397347581247684,-0.277274606308234,0.0277111416817069
-0.5,0.25,0.623775371775372,-0.49107950554481,0.022870904253761,-0.488050048159109,0.0445048294686293,-0.504431516990059,0.0472113439602694,-0.295195799531913,0.0233737760727047
-0.5,0.25,0.59021531021531,-0.505632417127071,0.0278704311334244,-0.46519212973429,0.0407073838996303,-0.485128222436732,0.041078541120786,-0.319697660800872,0.0259411050180674
-0.5,0.25,0.598153066153066,-0.489699534729196,0.0224829067011442,-0.493778857768181,0.045647630716197,-0.498662208181085,0.0452438114967122,-0.300038564900631,0.0235090543798471
-0.5,0.25,0.639317667317667,-0.521724530533821,0.0253931833660466,-0.578599062822506,0.0532103653904958,-0.515695094277863,0.0418180900952982,-0.348515025426415,0.0260358530396736
-0.5,0.25,0.560598728598729,-0.479481054635451,0.0234694420060093,-0.360995855049822,0.039771928533594,-0.454409068022443,0.0466476943221832,-0.268755453444626,0.0230519967668901
-0.5,0.25,0.588800028800029,-0.519318478410715,0.0256560014241232,-0.540808444604448,0.0471910374770276,-0.529656343891249,0.0491166967864491,-0.313699553590286,0.0258664185277233
-0.5,0.25,0.627741795741796,-0.51031923783907,0.0235752502525633,-0.545138435357969,0.0533384401185805,-0.544714025917818,0.0513307868312873,-0.310840230679637,0.0231307434478143
-0.5,0.25,0.60433726033726,-0.492894072605801,0.0238203455134617,-0.475751140696763,0.056156630387225,-0.514844479430103,0.0580196312383629,-0.270871281049806,0.0247057920879478
-0.5,0.25,0.57449185049185,-0.517610902152071,0.020728643737976,-0.546725428276033,0.047657431016179,-0.439334043399181,0.0431652637224493,-0.27485586664054,0.0207299459202961
-0.5,0.25,0.607760371760372,-0.487667855373099,0.0246661931447887,-0.476827044735674,0.0475787289205559,-0.405704792909736,0.0395188512706607,-0.262050438215069,0.0253354131067336
-0.5,0.25,0.621280437280437,-0.505155791613784,0.0252583926400269,-0.474265296430607,0.0577599848977305,-0.465596042301737,0.0413880800666226,-0.302903242403936,0.0262176764287917
-0.5,0.25,0.577860661860662,-0.555818461316766,0.0259307016185717,-0.529801507630985,0.0444830821809033,-0.532445767090035,0.0494604959762846,-0.33956412061476,0.0269822965807511
-0.5,0.25,0.617192441192441,-0.50505265357161,0.024213720830402,-0.50073994187507,0.036682822298333,-0.508223439909194,0.0483795255797217,-0.308755882756311,0.024483223102215
-0.5,0.25,0.610518526518527,-0.515430116648715,0.0267443155077117,-0.444010204493893,0.0423651101808695,-0.478452874597916,0.0439149426732985,-0.304530577791916,0.0247168459217618
-0.5,0.25,0.586733062733063,-0.522365878819398,0.0249858093964749,-0.562348794795584,0.0535160587721713,-0.473860695768204,0.0465473588759098,-0.292211320453907,0.0255194167703566
-0.5,0.25,0.602216474216474,-0.485453255189109,0.0223728900101427,-0.454124662512788,0.0349181062618368,-0.515265381249091,0.0435824413540212,-0.295837793565305,0.0218969012476558
-0.5,0.25,0.583183579183579,-0.468235684364508,0.0237957746648027,-0.529479487729254,0.0578792608039442,-0.444982338117454,0.0467571778298253,-0.261703782708715,0.023862449529702
-0.5,0.25,0.618296598296598,-0.492945503465114,0.0249219845837708,-0.508063799781843,0.0443623520678278,-0.561455306140314,0.0547623388607145,-0.311736847548056,0.0236752093563383
-0.5,0.25,0.563546267546268,-0.535476957929509,0.0248639404993652,-0.575482484417457,0.0553044986939753,-0.554017635618577,0.0546957364864142,-0.31002316495781,0.0251206648672648
-0.5,0.25,0.592199632199632,-0.489103864788795,0.0257001582775671,-0.468842858875668,0.045409262839938,-0.538716756630249,0.0556350770104139,-0.289315835183988,0.024761389156346
-0.5,0.25,0.570985962985963,-0.498696884130696,0.0246347250632878,-0.542893275156822,0.0497933037870525,-0.465200751403273,0.0449324131667369,-0.283490159635395,0.0267629432034319
-0.5,0.25,0.603311967311967,-0.519649948772449,0.0259132201630991,-0.432545664479606,0.0478270407210408,-0.520460025214428,0.0526625333534136,-0.30593788213459,0.0268495548622922
-0.5,0.25,0.626550662550662,-0.510162352664356,0.0263703660107582,-0.427565531943995,0.0426499903240316,-0.548065807397905,0.0544852174531797,-0.314290929103509,0.0259605385544464
-0.5,0.25,0.580790272790273,-0.471547102898305,0.0198772304896131,-0.504393085751354,0.0457408563066325,-0.481699197235875,0.0470550485414802,-0.274104761263622,0.021847251580892
-0.5,0.25,0.570696762696763,-0.499947318661873,0.0225911990417654,-0.512817634098076,0.0430056674691057,-0.487128267514618,0.0496813458714951,-0.28046640847413,0.0242435691805996
-0.5,0.25,0.602048138048138,-0.501604638900979,0.0237481803414526,-0.542023214929105,0.0493939583718836,-0.525134745108953,0.0504944701240057,-0.307381251601435,0.0242389081718321
-0.5,0.25,0.582138942138942,-0.5094814387228,0.024271802354011,-0.579705446002613,0.0662249961072778,-0.510483695763213,0.0494924700996748,-0.294038084660849,0.0226903003993549
-0.5,0.25,0.587114027114027,-0.540038129447201,0.0266663357532243,-0.540052273200853,0.0518252470232979,-0.492121954983786,0.0463196339942955,-0.310119358047321,0.0253825013529149
-0.5,0.25,0.596384168384168,-0.524923575490739,0.0252322192124769,-0.503031823558859,0.0550179732626093,-0.562926663367281,0.0597771910846974,-0.299117519533678,0.0266773886787445
-0.5,0.25,0.567676635676636,-0.48537658675235,0.0236380568669956,-0.423293039013604,0.0458940227471398,-0.430411372806092,0.042858713087501,-0.267177448701536,0.0241461146610023
-0.5,0.25,0.599078363078363,-0.492576129567166,0.026143267991606,-0.51912668200937,0.0468053081159301,-0.487619163253975,0.0461157672172734,-0.283282935889673,0.0253366485820779
-0.5,0.25,0.565151437151437,-0.534054131819118,0.025556063604516,-0.615436959310631,0.0531405397302746,-0.566008725703205,0.0615110128574856,-0.299588540744812,0.0266636465500417
-0.5,0.25,0.598878226878227,-0.539296076866806,0.0269282827752437,-0.539100154087606,0.0441351908331916,-0.543315554760274,0.0527206402651356,-0.32230643361244,0.0263490672143814
-0.5,0.25,0.600975192975193,-0.487915704348915,0.0231184006102568,-0.445407660408707,0.0408856568471002,-0.511482703457973,0.0497027721992648,-0.299699959832445,0.0236421254001926
-0.5,0.25,0.605652113652114,-0.455503687313519,0.0225868505093581,-0.459724061120628,0.0566961365749371,-0.384413887801858,0.0389688428380406,-0.24879074182905,0.0242286333839537
-0.5,0.25,0.564036468036468,-0.500014101840091,0.0226880212344866,-0.456616814623032,0.0452640178981211,-0.493906853685155,0.0557437992109131,-0.269147376525484,0.0226737879657113
-0.5,0.25,0.593951417951418,-0.510119885408244,0.0251150536479322,-0.547953225659432,0.0502359749602389,-0.476927957403644,0.0425015198882368,-0.305722764296832,0.0244272737857991
-0.5,0.25,0.626797190797191,-0.554605921332131,0.0267630734569958,-0.469824523759384,0.0493233176094397,-0.587280820304766,0.0570720179847215,-0.358115170876988,0.0285951743130414
-0.5,0.25,0.573052077052077,-0.504222814312827,0.0232657924582649,-0.501439460526215,0.0407401529882356,-0.525718827443073,0.0502282994837435,-0.298076589561104,0.024068335425291
-0.5,0.25,0.623485715485716,-0.4732584675693,0.0225839420374701,-0.533714749655568,0.0479800286546075,-0.416991780363252,0.0362901560415476,-0.283925655558635,0.0261150283146914
-0.5,0.25,0.578856218856219,-0.485045579323102,0.0247535472327101,-0.51239850012267,0.0419024186127061,-0.548250992114712,0.0574598804354455,-0.278052471832965,0.0251954613453985
-0.5,0.25,0.588481788481789,-0.487150216029817,0.022306200612947,-0.594598407031042,0.0442523823052081,-0.543015841880998,0.0500924331826233,-0.310701216253758,0.0243333398329558
-0.5,0.25,0.591462771462771,-0.48339467555846,0.0234109907683093,-0.500760831343986,0.0455843966693148,-0.515252972758924,0.0492825197583944,-0.295438508833242,0.0222168639246722
-0.5,0.25,0.578226182226182,-0.518296335239081,0.0252318378913942,-0.430014460143411,0.0386087968537252,-0.497109788853225,0.0525534902294365,-0.286697075390239,0.0249704402512823
-0.5,0.25,0.619385035385035,-0.538772023620498,0.0259288018802221,-0.584483231737886,0.0539868729473704,-0.614178140838588,0.0619158350070151,-0.334198446234541,0.0244435041801461
-0.5,0.25,0.604549084549085,-0.486112378483599,0.0239835087507498,-0.49397300890337,0.0461508992030629,-0.450762732151139,0.0441093640772729,-0.280891614583792,0.0221353888737509
-0.5,0.25,0.588857340857341,-0.489119877829852,0.0223954660256816,-0.529982543041617,0.0529503371687679,-0.449056547971135,0.0438995458618632,-0.276432810751629,0.0226869275430936
-0.5,0.25,0.559072207072207,-0.516281262926573,0.0255012702638722,-0.464154908635623,0.051197312195587,-0.575348035160893,0.064508451747456,-0.290713523908966,0.0262495463056724
-0.5,0.25,0.631666327666328,-0.520554413480086,0.0254734012629492,-0.504266161395908,0.0502181908695836,-0.540618478541765,0.0486919206709586,-0.325403312217487,0.0252759850613585
-0.5,0.25,0.580763512763513,-0.505725786504609,0.0237932789156059,-0.52386900808135,0.0525609697060629,-0.462349359381846,0.0413714658097589,-0.29863764106195,0.0251986699864923
-0.5,0.25,0.623141723141723,-0.506082121483186,0.024315469404582,-0.468781151139867,0.0417920265867918,-0.572959999064719,0.0535076233738264,-0.338654126045282,0.0239344578012143
-0.5,0.25,0.586419994419994,-0.538241695776787,0.0227399278197063,-0.500760446702861,0.0496720151182072,-0.424574263031178,0.0400754454404222,-0.293092220537191,0.0259155508865583
-0.5,0.25,0.592970416970417,-0.489870142021349,0.0223053164456902,-0.488052297642976,0.0426936872529022,-0.491562313584825,0.0506783316610167,-0.279630914907911,0.0228251025206804
-0.5,0.25,0.621908457908458,-0.490191723930723,0.0222731559844462,-0.460779472433608,0.0353770419710952,-0.427471589762972,0.038550811118317,-0.278437890784256,0.0232787526745191
-0.5,0.25,0.592884244884245,-0.51343408380817,0.0236271037431542,-0.527086723479219,0.0424973745243283,-0.547630238630142,0.0523575171240411,-0.303845202480687,0.0231790796750169
-0.5,0.25,0.622053574053574,-0.486423794654737,0.0234864731383162,-0.477600574426172,0.0429328185333152,-0.482597849906163,0.0416923133786374,-0.312162399124682,0.0224568694063862
-0.5,0.25,0.60835448035448,-0.484418812667968,0.0234374874719847,-0.574168794378025,0.0639413821907988,-0.495182958111596,0.0441646991603937,-0.301242319853009,0.0218070934503087
-0.5,0.25,0.596871368871369,-0.54510627105011,0.024824580766365,-0.556577983050139,0.0620068708835478,-0.52102455698689,0.0527088263467441,-0.306943431025098,0.0254203541538474
-0.5,0.25,0.57989517989518,-0.482833857142258,0.0257155226682517,-0.42238894210037,0.0353090943580855,-0.436831942149239,0.0436388654061286,-0.266015053140986,0.0247476962873061
-0.5,0.25,0.590971238971239,-0.558091096993543,0.0245357309145733,-0.514815718396476,0.0467533497661625,-0.53766781782318,0.051125716461333,-0.315612400596305,0.0266406039510463
-0.5,0.25,0.60799207999208,-0.478878525205845,0.0225768718838137,-0.488118934410563,0.0384558917852583,-0.500542621972329,0.0473096889729071,-0.298494543104998,0.0231939979620357
-0.5,0.25,0.583663711663712,-0.54035703741865,0.0254584315103668,-0.489362220378794,0.0404043838439406,-0.508798943342033,0.0500586948670752,-0.305280637006896,0.0268802158605822
-0.5,0.25,0.634054438054438,-0.510643430850333,0.0262684235411451,-0.460747029145642,0.0493781379042248,-0.478592816731464,0.0414203700391798,-0.30901993437263,0.0256413830168519
-0.5,0.25,0.629787005787006,-0.494091430920366,0.0245023440503181,-0.471578825541376,0.041367247894311,-0.45214282456638,0.0410708351339255,-0.290055605609192,0.024432500518154
-0.5,0.25,0.582127422127422,-0.494526790538649,0.0233332257336741,-0.496653177907664,0.0501041647696044,-0.440135048193875,0.0430781106788649,-0.274821871960725,0.0236866621715712
-0.5,0.25,0.566206058206058,-0.506997689630254,0.0252370526450255,-0.387621735916667,0.0427183235589259,-0.564865756026642,0.0635644903468803,-0.303367561177118,0.023571889518455
-0.5,0.25,0.596121968121968,-0.49292747719713,0.0245904030555046,-0.508985187248532,0.0536625019394924,-0.491764276237433,0.0463508310467521,-0.301960946384107,0.0262735984795038
-0.5,0.25,0.59050853050853,-0.488723850024453,0.0224760833329841,-0.467470605518835,0.0448149612889717,-0.481880349045788,0.0418700824801134,-0.302470345079719,0.0251907964195276
-0.5,0.25,0.590307866307866,-0.530268378447436,0.0263096452522516,-0.53704211583497,0.0455234410716405,-0.496666061034271,0.0471957208283636,-0.298347905514897,0.0266927401615738
-0.5,0.25,0.59948921948922,-0.511932524109081,0.0257971880583226,-0.607370219807973,0.0557080092238314,-0.481867866264975,0.0462357192686931,-0.278875809033692,0.0225890284551074
-0.5,0.25,0.618343698343698,-0.516122938094156,0.0266810999020909,-0.548481937722716,0.0646924082364724,-0.493228547585788,0.0476290833288167,-0.312170045312189,0.025263386451635
-0.5,0.25,0.626699450699451,-0.517281542534667,0.0218644335085111,-0.496318826175659,0.0435922214539903,-0.500130830947644,0.041684576974088,-0.330077105063336,0.0232752194241292
-0.5,0.25,0.619708723708724,-0.503166341668125,0.0235247219615299,-0.549160084528352,0.0446321692403312,-0.530808466568184,0.042927684764373,-0.339492345593906,0.0232600385980144
-0.5,0.25,0.614797802797803,-0.475247995409012,0.0206248387044232,-0.493027345248712,0.0496362778939997,-0.469805006290128,0.041638974091973,-0.297277773840338,0.0257586121699085
-0.5,0.25,0.543500967500968,-0.532772964006759,0.0276520543298547,-0.46744767432283,0.0507082707723859,-0.475867914590176,0.0554205753275865,-0.253158753538798,0.0270450131838296
-0.5,0.25,0.619673743673744,-0.505641048186567,0.0249284780769476,-0.489165826219193,0.0439642302092943,-0.504997272992057,0.0430836869286637,-0.316708736365936,0.024464414866844
-0.5,0.25,0.583141027141027,-0.504703815724557,0.0201378118700932,-0.523210081715898,0.0538069245283003,-0.525283122701518,0.0610455141254248,-0.268382793014054,0.0247693934285782
-0.5,0.25,0.593437637437637,-0.517627796844574,0.0284634113359821,-0.520562604614626,0.0624826907490891,-0.480257801668922,0.0477762229100256,-0.28663720728686,0.0275117734616482
-0.5,0.25,0.597302589302589,-0.482578140090094,0.0234784155540826,-0.520715717505638,0.0619451130069111,-0.485289856093235,0.0470107673135807,-0.291967041751848,0.0205418830521147
-0.5,0.25,0.5598583998584,-0.492211686968535,0.0196434736885145,-0.517087105955705,0.050597798948424,-0.53762106635069,0.0599448487831477,-0.266522613685216,0.0246429425553524
-0.5,0.25,0.599605463605464,-0.487303255607674,0.0242080881368835,-0.499963098923796,0.0501377832752629,-0.448898260081807,0.0411442957105368,-0.288008945738361,0.0260815974849189
-0.5,0.25,0.59781528981529,-0.487124907516982,0.023527820800002,-0.587408510964756,0.0576509718778039,-0.470614787616652,0.0429843250914214,-0.291887159876117,0.0216117905425317
-0.5,0.25,0.587541515541516,-0.48634304619232,0.023175907271825,-0.527904263858383,0.04301324739637,-0.463854888263334,0.0433144772001739,-0.277754876920573,0.0237467780244588
-0.5,0.25,0.588845364845365,-0.495413545194341,0.0260605354281534,-0.464962282658675,0.0446030407971739,-0.480542863498427,0.0467046496353101,-0.290130307923521,0.0242460843752127
-0.5,0.25,0.543733095733096,-0.5082806660372,0.0266130688724149,-0.43181072817553,0.0446396665857567,-0.525031693040373,0.0616160627544852,-0.256433570208938,0.0239646022156797
-0.5,0.25,0.594359346359346,-0.475514403355007,0.0212260581329813,-0.485410704956612,0.0338572352409167,-0.494221500357252,0.0418944128415484,-0.300498142144058,0.0196099620732019
-0.5,0.25,0.584123684123684,-0.526366943679582,0.0264689922173447,-0.611434638466223,0.0601396260934606,-0.512137867156507,0.0488979298615119,-0.30728327963635,0.0264076427114859
-0.5,0.25,0.582663414663415,-0.477594349309364,0.0216154497835221,-0.510473643358171,0.0350360785966676,-0.523768225393688,0.0505216007136763,-0.295904113054612,0.0226190560918411
-0.5,0.25,0.581515277515278,-0.494394515071526,0.020320311209589,-0.525616536984665,0.0440049163519284,-0.56352385521373,0.05291495127516,-0.304856065832075,0.0216328696914014
-0.5,0.25,0.575241671241671,-0.484989033851737,0.0234833778636488,-0.413706251990198,0.0382160216965994,-0.489989114832619,0.0522684625067434,-0.278933078093562,0.0240666237377334
-0.5,0.25,0.56427948027948,-0.516667989828962,0.0259306895298217,-0.546923964568221,0.0477755332733897,-0.641095507603271,0.07717411320882,-0.288021853832498,0.025133084577098
-0.5,0.25,0.597805977805978,-0.511959967454718,0.0229924322859198,-0.460997307518559,0.0423911394322692,-0.510097636506272,0.0536970351438884,-0.29966253383158,0.0213635380097396
-0.5,0.25,0.59625248025248,-0.479644734949554,0.0237298263998911,-0.481900182930606,0.0409404765753067,-0.51574943056433,0.0504407503960684,-0.319331069794085,0.0241017237156853
-0.5,0.25,0.588014136014136,-0.506061845984238,0.0227993657989049,-0.539965854451315,0.0422673205134642,-0.530586954444909,0.0549046573267008,-0.286379618587897,0.024561766168261
-0.5,0.25,0.593768537768538,-0.501531573802575,0.0227638849493914,-0.423888401753061,0.0375406681317922,-0.418937251860639,0.0399039727812696,-0.288166935711722,0.0241625137568377
-0.5,0.25,0.58994926994927,-0.519110870897813,0.0258861073691321,-0.483918956660542,0.0450797228119653,-0.583198072719559,0.0567108481434465,-0.339637227304702,0.0259205661012406
-0.5,0.25,0.551240123240123,-0.487492557252122,0.0226098232711138,-0.430737230448284,0.0386995368552223,-0.446819089045385,0.0488248915257701,-0.248999502182657,0.0230005091554869
-0.5,0.25,0.610585702585703,-0.517027607788407,0.0242178589539549,-0.484200837983878,0.0462341719006516,-0.500964433840773,0.0467772811404882,-0.32461535363112,0.0246192234349295
-0.5,0.25,0.553134985134985,-0.552883933303085,0.0265490735163929,-0.55987079069443,0.0510773626174418,-0.52212629458166,0.0522649651817312,-0.304011257725485,0.0248444284955061
-0.5,0.25,0.627293679293679,-0.516747235232284,0.0254565063721209,-0.531825137835527,0.061689198927675,-0.504874205487132,0.04369880074377,-0.327631095771314,0.0253435510657594
-0.5,0.25,0.588608712608713,-0.526783044436573,0.0244845802357668,-0.525961286997887,0.0506657392412526,-0.455997830161155,0.0412175715135326,-0.302682405716545,0.0248826696728074
-0.5,0.25,0.611367515367515,-0.507269942118244,0.0242057380652928,-0.538922053534756,0.0579217988778028,-0.480053866269609,0.0415106818587621,-0.31193518577252,0.0262225665984431
-0.5,0.25,0.541478905478905,-0.484917195928517,0.0222797644717996,-0.456761932314744,0.0390305650213942,-0.524565686582623,0.0530834261003848,-0.272736785998518,0.0232927683676434
-0.5,0.25,0.602803574803575,-0.473803343986366,0.020707448634354,-0.498296866544431,0.043376554876004,-0.391748934604337,0.0363130572691812,-0.259655899903508,0.0237696982800635
-0.5,0.25,0.625431541431541,-0.501958257996661,0.0244636597281189,-0.557900675869381,0.054735855520493,-0.461369523484824,0.0425926564992466,-0.295503274056258,0.0209444232434738
-0.5,0.25,0.605008829008829,-0.484193950297044,0.0244671059350001,-0.450098675519208,0.0407937847818253,-0.49247751639906,0.0504959080164233,-0.283071455537576,0.0261539535777836
-0.5,0.25,0.61426949026949,-0.485058405390278,0.0227090913078041,-0.517457768477422,0.047289189713708,-0.455350241493833,0.0387837599282199,-0.285573885814523,0.0230106185878124
-0.5,0.25,0.542669414669415,-0.477910383117255,0.0239625930696912,-0.60778514577824,0.0652840356562693,-0.500384247201209,0.0523583791177161,-0.272489562452236,0.0230134580482587
-0.5,0.25,0.582954402954403,-0.525687386171176,0.0249034837419188,-0.431319059655991,0.0350211850467902,-0.533575690706353,0.0552130624149656,-0.314515586324585,0.0258290394696086
-0.5,0.25,0.596211848211848,-0.544994876852668,0.0278435350093738,-0.510438227697991,0.0326589081075314,-0.584866656746648,0.0593491049506066,-0.329690398973604,0.0273013602237587
-0.5,0.25,0.604575952575953,-0.529465966745791,0.02410314385738,-0.538775563468335,0.0459198575403614,-0.50528419574278,0.0429198603279519,-0.3287715763224,0.0228333425928769
-0.5,0.25,0.582192222192222,-0.480767413435709,0.0237836973168324,-0.556672999369543,0.0456998346052808,-0.454065526154979,0.0433744750768236,-0.277859305792961,0.0231315033799891
-0.5,0.25,0.54962106962107,-0.476444543715348,0.0217352261256882,-0.470114024625498,0.037216254165442,-0.489557804780689,0.0528728045684993,-0.260827734751878,0.0218463539269469
-0.5,0.25,0.622149274149274,-0.534132751217355,0.0266242950632812,-0.563925372370294,0.0649456467680436,-0.521111018911687,0.0484380429251161,-0.325777891403995,0.0276530062327903
-0.5,0.25,0.633514665514666,-0.477410623393819,0.0220813584567554,-0.4285527948919,0.0399825591656923,-0.554401491255669,0.0473115569836585,-0.348977225200829,0.0230078508874294
-0.5,0.25,0.554168246168246,-0.511484487049997,0.0302577097275721,-0.522200184951606,0.0640411028225466,-0.494051958715245,0.0491021706602639,-0.285867220172109,0.0255469191323497
-0.5,0.25,0.584164172164172,-0.468351747309383,0.0243013757491257,-0.476401949277974,0.0473011908419181,-0.493653149026761,0.0506695825077079,-0.276902853662782,0.0230541640777267
-0.5,0.25,0.594678630678631,-0.494809046609189,0.0237236723272502,-0.466100303253515,0.0387485678243296,-0.490434107859814,0.049194029682714,-0.282668775075402,0.0234605738802831
-0.5,0.25,0.598676638676639,-0.472672449444405,0.0214246982643945,-0.47105729470211,0.0418270344963532,-0.429450260171159,0.0389500410737096,-0.26301140898857,0.023153613010021
-0.5,0.25,0.59634062034062,-0.480466370105009,0.0239107515680795,-0.394723857822349,0.0343544154494118,-0.458218414337192,0.0414921375739386,-0.295491424098178,0.0247094471203757
-0.5,0.25,0.613689433689434,-0.501881863135601,0.0251370628708539,-0.573320118440074,0.0498093436816323,-0.468616990591985,0.0421450861739341,-0.301465965008423,0.0258283301557271
-0.5,0.25,0.581685413685414,-0.441876495909913,0.0213776127294332,-0.410758745881342,0.0385500230648378,-0.415015811910649,0.0420101458462029,-0.261983881829531,0.0225055894267719
-0.5,0.25,0.586156966156966,-0.52422175679379,0.023706540439564,-0.493555300780977,0.0373168585528565,-0.504169060862567,0.0477749890807055,-0.31001523379127,0.0254958525399042
-0.5,0.25,0.633891837891838,-0.433951470059046,0.0218429872748661,-0.524146387304892,0.048125669376317,-0.43564778026339,0.0404484671832583,-0.271252063783281,0.0219419387967751
-0.5,0.25,0.597100089100089,-0.556683656246922,0.0263972454457484,-0.5605069676417,0.0623554772601255,-0.678414013589123,0.0770584820118699,-0.333827114272123,0.026743706974845
-0.5,0.25,0.57618888018888,-0.496283538853451,0.0228669465729716,-0.577362577395645,0.050752321911938,-0.461908058608775,0.0413761846845934,-0.280003525436104,0.0234449586543427
-0.5,0.25,0.602843822843823,-0.48177806491108,0.0226081421021383,-0.472781132787753,0.0525515046610857,-0.54855358803451,0.0519587922553513,-0.324330133141503,0.0242463991473651
-0.5,0.25,0.543839595839596,-0.476789975890515,0.0233102624132617,-0.50096963131238,0.0528779372012131,-0.404828279810736,0.043883594919844,-0.234975203871925,0.0216142794614403
-0.5,0.25,0.611342735342735,-0.499864017192418,0.0236352013529301,-0.546266297609306,0.0492325036484809,-0.45790579429184,0.0431772618580701,-0.287608698615262,0.0259022570773983
-0.5,0.25,0.618840162840163,-0.473583514181383,0.0249322060980388,-0.469670061564016,0.0552840624106938,-0.480975123529938,0.0418222238738617,-0.316390222337951,0.0228183325362287
-0.5,0.25,0.589026997026997,-0.482346774379094,0.0167671376342205,-0.50474699329178,0.0434327071750935,-0.445296749801303,0.0412860973605605,-0.283132284043646,0.0234501392477485
-0.5,0.25,0.593101913101913,-0.474452363295015,0.0246941586604012,-0.538403880382013,0.0484938151983219,-0.4655597622219,0.040235658952979,-0.296733387802789,0.0253943830384865
-0.5,0.25,0.600966228966229,-0.506855597695249,0.0242827644214037,-0.435765896522222,0.0521064568699033,-0.630627523703687,0.0756815892281739,-0.319698179584203,0.0269227757238637
-0.5,0.25,0.540970152970153,-0.489770275261625,0.024543066615804,-0.446227308781941,0.0445463442579102,-0.447575538752848,0.0492200420544621,-0.25662354608313,0.0238968755159286
-0.5,0.25,0.584240192240192,-0.472843094018517,0.0226412248669924,-0.466561188623557,0.0364259788529338,-0.464225926131728,0.0421642521629852,-0.281535378164457,0.0235448974989428
-0.5,0.25,0.549375237375237,-0.50556732153028,0.0249319403818063,-0.487618367386962,0.0432906069669514,-0.467525132234636,0.0473975140153214,-0.26315538936418,0.0246622340432694
-0.5,0.25,0.603281451281451,-0.486846252870548,0.0230345491945688,-0.52656347859307,0.0455940727617909,-0.440833493816745,0.0409047033802057,-0.281083498522032,0.0210880780046118
-0.5,0.25,0.56195946995947,-0.510195152820618,0.0292063952025209,-0.589814386253466,0.0653227168647317,-0.466365734633814,0.0460557995333406,-0.274480580876662,0.0276874121324305
-0.5,0.25,0.561045777045777,-0.526909605599993,0.0260758967745578,-0.573566542768805,0.0428639898653382,-0.527666312455066,0.0467915277413557,-0.31126155275641,0.0258511722957183
-0.5,0.25,0.602134994134994,-0.490140089352994,0.0227995054390482,-0.521344870887486,0.0478138894337282,-0.477482384808994,0.0425312773776943,-0.307776267328375,0.0246432670365783
-0.5,0.25,0.582458346458346,-0.481330675595925,0.0234152407380878,-0.484368151356194,0.0500202822389737,-0.553364050014741,0.0533343688759061,-0.306476357257244,0.0234490398755177
-0.5,0.25,0.585692553692554,-0.515115980079324,0.0220878609116833,-0.559536830076104,0.0503617122017943,-0.525764164636214,0.0495344858157332,-0.296811148226638,0.0242598006491708
-0.5,0.25,0.603016899016899,-0.52960427925178,0.0256467527479945,-0.608730896633815,0.0617945210001546,-0.588033083136663,0.0570048266410972,-0.336175603496932,0.0275439212898649
-0.5,0.25,0.631409095409095,-0.461246898908484,0.0227210642985956,-0.450238998964869,0.0418430344454961,-0.46145287644765,0.0459022117747749,-0.285246015149067,0.0235335920177157
-0.5,0.25,0.572143928143928,-0.483829382975517,0.0236339678806657,-0.421468257099225,0.0451921085416737,-0.548378426287006,0.0623950829648188,-0.284708692153194,0.024381532788211
-0.5,0.25,0.573473577473577,-0.467279145308609,0.025366627347595,-0.514325185635841,0.0608912843883387,-0.40755518838791,0.0452871866539252,-0.246466876350138,0.026916429941031
-0.5,0.25,0.584815916815917,-0.472768221407369,0.0212019535976991,-0.494985890220305,0.0505876973371975,-0.435310531776586,0.0414136279328093,-0.274559637608775,0.0223083502541719
-0.5,0.25,0.553525273525273,-0.528906135833175,0.0250425106925146,-0.502849935813991,0.0494167657881036,-0.531838846070264,0.0528615192916751,-0.296652002938665,0.0250321654813096
-0.5,0.25,0.580622440622441,-0.559602638856195,0.0261905404674603,-0.510483751550367,0.0464255182321554,-0.609797770380262,0.0609945822371642,-0.33680333637061,0.0274206523474736
-0.5,0.25,0.581082089082089,-0.533442031628546,0.0283649402546521,-0.682605027748627,0.0735344897261064,-0.491788246809525,0.0508918755446391,-0.301251927489226,0.0311987772948625
-0.5,0.25,0.585812181812182,-0.475298835279444,0.0228206450601481,-0.587976005830148,0.0557557423126722,-0.518944324732016,0.0498242139111229,-0.287419353611653,0.0233087792977947
-0.5,0.25,0.595036867036867,-0.492628152117523,0.02204096635332,-0.441981982189403,0.0443746089218431,-0.472845711919097,0.0433081978487752,-0.286199770987798,0.0222426854502794
-0.5,0.25,0.578246954246954,-0.522786340400682,0.0242912217534203,-0.504897084136397,0.045867828665125,-0.482438647496584,0.0480281549736164,-0.284290943411223,0.0249808336363462
-0.5,0.25,0.571973635973636,-0.466866342756335,0.0237884504125031,-0.505017335062689,0.0584963441628705,-0.541420485132424,0.0580635465316589,-0.278739034684796,0.0223823989752964
-0.5,0.25,0.555185619185619,-0.503179874582341,0.0237120923923532,-0.601846979971544,0.0709616781685047,-0.458347795707975,0.0497854034688776,-0.264155493813931,0.025227436530168
-0.5,0.25,0.589393369393369,-0.482834911994814,0.0232167176179663,-0.414545704471284,0.0380942473287139,-0.503095932550831,0.0555625403740928,-0.278998327639946,0.0233896086787573
-0.5,0.25,0.568956712956713,-0.529353181276973,0.0234387605143391,-0.555339699390896,0.0611312296565377,-0.48166634588017,0.0496769923375489,-0.282237559968542,0.0219509958902286
-0.5,0.25,0.58805664005664,-0.496545581461667,0.024749077469331,-0.456580411355277,0.0458008496518502,-0.557413599310613,0.0560246539293509,-0.30229247068468,0.0238172613870605
-0.5,0.25,0.632327276327276,-0.513478827800283,0.0242438279663612,-0.488048021170738,0.0392184100153429,-0.517289555465882,0.0471945020583778,-0.317779927445169,0.027373033371494
-0.5,0.25,0.573101757101757,-0.498132433401054,0.0230279715948134,-0.540009522747751,0.0437885045002852,-0.516888034083613,0.0505667165106074,-0.29756641494974,0.0243752911444232
-0.5,0.25,0.581871977871978,-0.494492612706758,0.0252278926180564,-0.51838792941971,0.0478656389564613,-0.443773365171595,0.0426008920026439,-0.271761170715239,0.0219456316817455
-0.5,0.25,0.590674298674299,-0.479101923920205,0.0256492522290467,-0.4525974180215,0.043233001619988,-0.453662188376354,0.0483680230540145,-0.268171599672731,0.02396757866419
-0.5,0.25,0.587005811005811,-0.520852321543122,0.025513109136792,-0.540483686241181,0.0481864528091493,-0.538563943924953,0.053594239011768,-0.295055100049327,0.0242237563783658
-0.5,0.25,0.618813870813871,-0.513689788668816,0.0263731897258156,-0.426369198507637,0.0462616916992627,-0.492761184538835,0.0456245196067982,-0.310699233727457,0.0262025286047112
-0.5,0.25,0.590175518175518,-0.510240723524212,0.0227951898417737,-0.551290663656075,0.0447335678521764,-0.474387864266634,0.0452216703165426,-0.292531911462241,0.026589283555675
-0.5,0.25,0.619094683094683,-0.500416207456481,0.0242684060975606,-0.441455976994468,0.0452247010182572,-0.561779444414239,0.0494312379185067,-0.336923992491837,0.0248539800190513
-0.5,0.25,0.564966048966049,-0.513003315023742,0.0234653623542584,-0.418518859306952,0.0359886845051492,-0.447149932817759,0.0464790181109477,-0.264327769755862,0.0262195002320459
-0.5,0.25,0.599299943299943,-0.464494359269365,0.021338935449106,-0.473850787756425,0.0431351355072258,-0.472148107146586,0.0434743930379722,-0.288192787079649,0.0212414479281406
-0.5,0.25,0.630283698283698,-0.501337550329216,0.026080660790435,-0.506423544448412,0.0481017224714637,-0.452987348318109,0.0375093949958691,-0.321952091991971,0.0247905745607053
-0.5,0.25,0.595798315798316,-0.487758392340473,0.0230323794963118,-0.603842303264016,0.0564168123051915,-0.571910350823001,0.053590717327605,-0.316245037816094,0.0250759597848998
-0.5,0.25,0.614711186711187,-0.569524597791795,0.0269024913701431,-0.508448895808889,0.0472333175955085,-0.644654264284726,0.0607257772285941,-0.364600834432039,0.0257878623520582
-0.5,0.25,0.623319599319599,-0.554468943796762,0.0230936372218265,-0.593986855110933,0.0429759333829684,-0.516798102010362,0.0441482330062523,-0.342724316418941,0.0269837782343945
-0.5,0.25,0.578237462237462,-0.544648187518114,0.0271350372840385,-0.633329899721568,0.0576982534072988,-0.509226833482201,0.0486856212378293,-0.311630770499125,0.0263477104462255
-0.5,0.25,0.596433176433177,-0.468457671478585,0.021464351880202,-0.529325802000928,0.0492336717138656,-0.431856576208846,0.0369048564044633,-0.279802696205398,0.0218327229621884
-0.5,0.25,0.649038949038949,-0.499194011413416,0.0251988385104694,-0.485766400412684,0.043225677896251,-0.467447541488406,0.0398695422709365,-0.314308129320529,0.0228043267795231
-0.5,0.25,0.578927162927163,-0.544850237878217,0.0241475163270131,-0.52795769447717,0.0450713680018893,-0.575957466396978,0.053314881274857,-0.32352824777406,0.0243012303893122
-0.5,0.25,0.62438988038988,-0.523313549688425,0.0240747621866589,-0.536363161365586,0.0472111252490692,-0.491570738461654,0.0446256803601777,-0.314034363262794,0.0247125792999645
-0.5,0.25,0.55408241008241,-0.560631593537292,0.0243404558900002,-0.625054318165408,0.0594662107287123,-0.646290706478436,0.0780373986238257,-0.300759539415706,0.0280136984217405
-0.5,0.25,0.577957021957022,-0.474533852851325,0.0216574886495878,-0.478839434111648,0.0453941071685888,-0.458020581963759,0.0492975863463193,-0.237527769765078,0.0215963619191942
-0.5,0.25,0.624716484716485,-0.493643423157073,0.0249375665179571,-0.457911726288534,0.0454019640771066,-0.467752050237637,0.0418734374889222,-0.309339867460729,0.0241620569767242
-0.5,0.25,0.570484626484627,-0.507171047322695,0.023363715812585,-0.533722332733638,0.0521149046969122,-0.494085109120768,0.0503773739609078,-0.296753740579235,0.0252946397239721
-0.5,0.25,0.592727968727969,-0.504958873087079,0.0249991500831778,-0.438843718677726,0.0412244769837273,-0.447570888621792,0.0434962053341165,-0.297923776652731,0.0271497186267044
-0.5,0.25,0.584500028500029,-0.515673296675312,0.0263830991629547,-0.62632768305584,0.0540474665641502,-0.49688625965656,0.0456797894263667,-0.307063366020062,0.0266127740426248
-0.5,0.25,0.595598035598036,-0.499543232608269,0.0244142153605437,-0.425877602790589,0.0428781274036338,-0.502969537329448,0.0482762614637563,-0.312063075135312,0.0269859565327164
-0.5,0.25,0.57775966975967,-0.510656784647003,0.0234635396913938,-0.475419032628739,0.0445364350218209,-0.495656797259142,0.0500822216063243,-0.27337188415092,0.0247963272733559
-0.5,0.25,0.576987816987817,-0.485240449559826,0.0253608630107211,-0.486094989652422,0.0392447574228035,-0.636862703028126,0.074715712210642,-0.29373097421492,0.0248077433846214
-0.5,0.25,0.590531138531139,-0.501492436517444,0.024825439673193,-0.491361409429802,0.0426431772653006,-0.538772073338517,0.0499443022074859,-0.314008757083772,0.0220920473527317
-0.5,0.25,0.60383667983668,-0.487769979603051,0.0236506071692542,-0.527542889041809,0.0555015021423609,-0.48578836176627,0.0434662711965747,-0.298915817200181,0.0228950951849413
-0.5,0.25,0.59198847998848,-0.529629973864734,0.024147543898033,-0.577847885381789,0.0556779545437216,-0.540387834341419,0.0483827645837349,-0.314633628128391,0.0239217450138064
-0.5,0.25,0.578052722052722,-0.478958832111783,0.0221500731180496,-0.515020318035977,0.0554352003956489,-0.52175236168604,0.0472008267800599,-0.313569454440612,0.0220875448463598
-0.5,0.25,0.618477726477726,-0.46161185017202,0.0243704759169258,-0.481386336047377,0.0462917893551246,-0.405544601614126,0.0381050349088791,-0.271729348633041,0.0236148754880333
-0.5,0.25,0.591976551976552,-0.49611382094767,0.0215643690573034,-0.436616462652566,0.0377914799884515,-0.523564872544098,0.053521409239709,-0.291325035622322,0.0249807777711752
-0.5,0.25,0.581184713184713,-0.448394943563134,0.0229613463609493,-0.363739785489205,0.042118463984832,-0.501980486907504,0.0529709728432848,-0.277493567955112,0.0229349137021342
-0.5,0.25,0.606987906987907,-0.492065414827156,0.0240949450153588,-0.475672300124518,0.0431819823468397,-0.494089137508952,0.0495856823971747,-0.277794748925536,0.0229593254858176
-0.5,0.25,0.577098277098277,-0.46443137862776,0.0220609370369017,-0.508044035324092,0.0481929504824641,-0.442601851661649,0.0426700837970702,-0.265814221915221,0.0211203978965443
-0.5,0.25,0.592223416223416,-0.485092493850089,0.0273016712788479,-0.437896803451924,0.0450487791994495,-0.422280501859982,0.0458112939695738,-0.252924258495303,0.024766386300069
-0.5,0.25,0.605373893373893,-0.516624388360588,0.0260238091234758,-0.498514315923156,0.047975401550571,-0.555247095351025,0.0516193498447195,-0.327523508809964,0.0252860603485487
-0.5,0.25,0.63621174021174,-0.493582909403578,0.0236178121542396,-0.432817766554706,0.0391706561135312,-0.499987588587166,0.0466360326289589,-0.311214654894085,0.024452427100797
-0.5,0.25,0.587210243210243,-0.528168980620918,0.025614256833933,-0.442955212107147,0.0410687026219062,-0.542896276843678,0.0570468274194628,-0.292126429962079,0.0242857601760175
-0.5,0.25,0.583395883395883,-0.540307738133919,0.025185289086428,-0.564423298640481,0.0434565312999876,-0.535104776762477,0.0537651988480998,-0.301232142997521,0.0257009821910266
-0.5,0.25,0.56618459018459,-0.475655725331789,0.0215995484504602,-0.474223749053491,0.0421173003337127,-0.46470227460447,0.046709175174688,-0.268370475497879,0.0229455964254958
-0.5,0.25,0.610690210690211,-0.536381182365828,0.0278932477225339,-0.566489991956291,0.0495941334260077,-0.530464833091611,0.0509949491259053,-0.322156009326325,0.0280242114269214
-0.5,0.25,0.608823428823429,-0.508470845896286,0.0262293732728562,-0.517062510006726,0.0559919214595428,-0.498848566361396,0.0449405473852738,-0.325167061490013,0.0247290430705412
-0.5,0.25,0.624079668079668,-0.504041323738426,0.0237473251174056,-0.508746808821644,0.0431136389755988,-0.533897039005699,0.0531797367826548,-0.304668342740293,0.0243646975070746
-0.5,0.25,0.581191661191661,-0.454549357392905,0.0211482715253425,-0.453330604460211,0.0431467347178047,-0.41698027344507,0.0435510919175126,-0.243990241205174,0.0225836161343804
-0.5,0.25,0.569901041901042,-0.516044242853029,0.0231656586752619,-0.517806110480064,0.0475649073916015,-0.527208190007172,0.0544182154759121,-0.285067634298182,0.0237367069981907
-0.5,0.25,0.642676146676147,-0.524410270845307,0.0254609434019928,-0.434791825003939,0.0367529000508652,-0.487296471381704,0.0402930430565253,-0.335148689800252,0.0252294233259248
-0.5,0.25,0.597938625938626,-0.4717303989533,0.0231830151038062,-0.441865477537272,0.0411758565041384,-0.501499060573951,0.0474040011776013,-0.298685884581246,0.0234739552043004
-0.5,0.25,0.600065112065112,-0.49366061746818,0.0253828313736784,-0.49094099591214,0.0473222710944061,-0.566871499114531,0.0553692171730192,-0.324032842190067,0.0265814975518095
-0.5,0.25,0.57001695001695,-0.510825474360531,0.0245684552305485,-0.447323627277025,0.043694093372573,-0.609865554883356,0.0654116617478928,-0.307101421295097,0.0242627174475345
-0.5,0.25,0.618493554493554,-0.490467984222974,0.0232137015701891,-0.425343168868745,0.0381041629523673,-0.498889836472025,0.0413899236209601,-0.319142133065004,0.0234966103916729
-0.5,0.25,0.592680088680089,-0.492744073693486,0.025206211526644,-0.514198026929853,0.0638515731932339,-0.482046687358267,0.0468875895853943,-0.291074889034172,0.0258815685818893
-0.5,0.25,0.586458382458382,-0.484740022955438,0.0244144258702075,-0.470825267738868,0.0422603343913077,-0.461339827172888,0.0462101646807251,-0.274957180145791,0.0249985898773827
-0.5,0.25,0.596175728175728,-0.494678309973187,0.0246135118448087,-0.565448419783751,0.0660457282906026,-0.459777309343747,0.0407034302278349,-0.310380645817398,0.0230972172697691
-0.5,0.25,0.60623529023529,-0.549597130306097,0.0253895879160183,-0.542258430001967,0.0462201515382366,-0.51965414548791,0.0464425714744163,-0.33440567779141,0.0260311157709311
-0.5,0.25,0.591231963231963,-0.497423223632054,0.0240385626948977,-0.48803352890663,0.045139249367162,-0.497706605297291,0.0491722958352781,-0.29380139319671,0.0234019024023331
-0.5,0.25,0.607294339294339,-0.499034325386218,0.024194602961465,-0.50254942748279,0.0429566925114337,-0.523640019733453,0.0419291268505083,-0.326872597517059,0.022533080594014
-0.5,0.25,0.62019902019902,-0.495579090024837,0.0242019672566099,-0.489811460044333,0.0425480191705146,-0.465920469717473,0.0385914171714281,-0.318881294540169,0.0229600677027862
-0.5,0.25,0.61789562989563,-0.491906594554133,0.0249317617639415,-0.50295919954418,0.0545143893722496,-0.500807788698871,0.0438068376670158,-0.309477142385039,0.0241660150256889
-0.5,0.25,0.623032523032523,-0.52161513307135,0.0257200721395447,-0.529696319775946,0.0538127369322547,-0.508117602248189,0.0478106154212057,-0.312527705208021,0.0250962202597044
-0.5,0.25,0.604168456168456,-0.516487688006336,0.0231727135841141,-0.587530481989028,0.0604939089743615,-0.529998333815462,0.0498706572946794,-0.324297644420009,0.0234431151131501
-0.5,0.25,0.594228726228726,-0.517224599553348,0.0237171783594756,-0.550807687849215,0.0478549893501864,-0.476364718044157,0.0471357832099943,-0.297176642164733,0.0253522674577802
-0.5,0.25,0.629095277095277,-0.488680450533111,0.0213087990037669,-0.560673962017829,0.0421072085135987,-0.518738070260749,0.0425116163466812,-0.32459830580994,0.0221066583575594
-0.5,0.25,0.580626196626197,-0.466193680190935,0.0230214235749381,-0.467508896561654,0.0391857725328419,-0.42940337351415,0.0421636695550133,-0.262321770290029,0.0249187691450642
-0.5,0.25,0.565862341862342,-0.496675947547516,0.0245691606017835,-0.442780892540586,0.0414949273153889,-0.448068310498069,0.0487783736441393,-0.258443180150046,0.0257584512249735
-0.5,0.25,0.553112245112245,-0.541996575821101,0.0252465360672999,-0.466284706955906,0.0494609084621844,-0.531573225701021,0.0516443024532872,-0.314876814875885,0.0243026511501223
-0.5,0.25,0.57571817971818,-0.505601929742778,0.0245855464501407,-0.477006340713441,0.0453280383627818,-0.499414616551462,0.0522735733742634,-0.282086443822945,0.024057856067131
-0.5,0.25,0.617177513177513,-0.52803447268795,0.0267486271457687,-0.4194938950158,0.0431592026828174,-0.564424194224711,0.0502684934799383,-0.333907353103581,0.0254965832805613
-0.5,0.25,0.606743082743083,-0.495762589835305,0.02134183973916,-0.410147560131817,0.0374494964400884,-0.524821589733166,0.0472015851442516,-0.318373554331839,0.0257941423445695
-0.5,0.25,0.59414805014805,-0.506182797922282,0.0260490803615331,-0.530745158833142,0.0510870103459133,-0.475112870123545,0.0471640941224613,-0.283715753757334,0.0254430034131669
-0.5,0.25,0.622370458370458,-0.481955193095772,0.0252750438889045,-0.446497262192476,0.0385517754923062,-0.468224802338241,0.0412271880358577,-0.289864110669241,0.0229056386021205
-0.5,0.25,0.601524853524854,-0.499393106704504,0.024793476746949,-0.488746853517257,0.0506683190665775,-0.496973494307904,0.0447488176949742,-0.296882058181929,0.0268139383164127
-0.5,0.25,0.586635094635095,-0.520968384674743,0.0244047967360067,-0.543637201927776,0.0548789512731758,-0.503492873255291,0.045418744386001,-0.318838473144255,0.0259948045064876
-0.5,0.25,0.584611496611497,-0.547301673219799,0.0251375649175647,-0.515524250318484,0.0477587530640313,-0.508573723830873,0.0499478880302231,-0.298739200607636,0.0264875768624333
-0.5,0.25,0.609720561720562,-0.476475327742291,0.0217430230331264,-0.491165109893046,0.0375926937890895,-0.520295013065673,0.0464446333726276,-0.301873877439328,0.0239672155284567
-0.5,0.25,0.588851424851425,-0.500989771859729,0.0243908331705524,-0.464810408603954,0.0417368797570614,-0.533707847204045,0.045940371814928,-0.311854654304839,0.0251249170749559
-0.5,0.25,0.608732516732517,-0.485501516644967,0.0259143130213848,-0.455067405677105,0.0557091812667023,-0.485408165832094,0.0431151375443324,-0.29966392146418,0.0245133202991296
-0.5,0.25,0.599397275397275,-0.510697179048366,0.0251768060277079,-0.508044246996866,0.0557778234499763,-0.444772965770583,0.0431800584248216,-0.286932427647753,0.0247812321917352
-0.5,0.25,0.608807384807385,-0.502232934982044,0.0239885943854214,-0.512753678601105,0.0430139012829054,-0.455325405284608,0.0431698609099552,-0.28387481823145,0.0244368126856329
-0.5,0.25,0.63606978006978,-0.52393870971401,0.0245250039920674,-0.499086657217083,0.0400287285305029,-0.472744442773691,0.0425325811664796,-0.31105490543913,0.0254371130271933
-0.5,0.25,0.606800478800479,-0.519309774929008,0.0254515129061694,-0.551950213336433,0.0449094763319419,-0.527240445908375,0.0474463045387154,-0.31820077014487,0.0255336353446795
-0.5,0.25,0.609125409125409,-0.547137603533882,0.0250655624968224,-0.547772507959691,0.0505418336203975,-0.535898824816726,0.0507939228161675,-0.329619343418433,0.0278330995667655
-0.5,0.25,0.591823971823972,-0.466393369777583,0.0214874869057316,-0.454682250022423,0.0408452542111464,-0.40560645578797,0.0407924123108223,-0.252614167925344,0.0223288249947194
-0.5,0.25,0.580993324993325,-0.545616833721554,0.0254009844748378,-0.550906776079474,0.0472026867883851,-0.544590945612916,0.0509535897795001,-0.331392918254947,0.0272153442258314
-0.5,0.25,0.634626958626959,-0.47923639416628,0.022606186726578,-0.442142751751992,0.0476173854184399,-0.459884558864313,0.0379536336748872,-0.317894142837506,0.0242024967053678
-0.5,0.25,0.560618252618253,-0.502239992790347,0.0227572034298962,-0.566345832328225,0.0485672587149837,-0.545989761013744,0.0568226648288352,-0.297896020654592,0.0224205548660442
-0.5,0.25,0.590970278970279,-0.489202109428229,0.0245819544344129,-0.490198541147057,0.0429970701917064,-0.447566695550417,0.0417222813081242,-0.283033970895523,0.0234731994188044
-0.5,0.25,0.581693033693034,-0.478924887201766,0.0232395970715284,-0.451190706814847,0.0420085083610584,-0.461664601540049,0.0453167281586413,-0.278356359868761,0.0222577379470316
-0.5,0.25,0.583190515190515,-0.48757239037564,0.0212828749292113,-0.482644652773647,0.0453384204604261,-0.415850791128334,0.0397421648509873,-0.278747760987455,0.0228791014552427
-0.5,0.25,0.603769443769444,-0.550592269662387,0.0259078689139145,-0.508982093732485,0.0462251498730538,-0.555392271814521,0.0547513162570812,-0.328841273056925,0.0260642097804613
-0.5,0.25,0.583182067182067,-0.475878886481571,0.0224412666535076,-0.426506267008198,0.0355895046084543,-0.448852340203818,0.0418638824771506,-0.285961050386277,0.0209819039640021
-0.5,0.25,0.631343431343431,-0.503778061502182,0.0259996341775742,-0.519222010825524,0.0528354337289587,-0.513725828607514,0.0485166277725758,-0.310703088655865,0.0259832851808402
-0.5,0.25,0.60240617040617,-0.523344393670248,0.022564808589342,-0.4703669634051,0.0429525784332965,-0.494763251164767,0.049616635215654,-0.290399531321586,0.0252522949728403
-0.5,0.25,0.613769137769138,-0.511916859326663,0.0249973654275432,-0.564698780895441,0.0545582099554525,-0.497577572790538,0.0541663525572636,-0.284838183543159,0.0246833566732984
-0.5,0.25,0.559667971667972,-0.487056805649952,0.0217626937364711,-0.502231405303415,0.0391667118980014,-0.447610218380181,0.0442306693779037,-0.266878072287033,0.0208426889698317
-0.5,0.25,0.571702327702328,-0.455782845114388,0.0229067080309558,-0.455750525723902,0.0494173100416984,-0.434513456922612,0.0447758447608406,-0.264115975476111,0.0243587627976341
-0.5,0.25,0.629620985620986,-0.504474079166465,0.0249884533169373,-0.495679308468725,0.038052117163408,-0.525648211052766,0.0463180442794424,-0.322068407159395,0.0245939467575214
-0.5,0.25,0.58568124968125,-0.477018516390601,0.0236911046744989,-0.446753364960623,0.0501313960610012,-0.475731612472309,0.0461030068695372,-0.280295857969208,0.0224079771587537
-0.5,0.25,0.558901314901315,-0.467262795061052,0.0238845600337849,-0.573735333774882,0.0469438866692482,-0.462445560436367,0.0520457150354328,-0.241940809712034,0.0231091347988839
-0.5,0.25,0.608507888507889,-0.464002158177309,0.0227571284358672,-0.435614211579626,0.0433793063441148,-0.53997741503319,0.0588101567167232,-0.286987347006786,0.0233996792647514
-0.5,0.25,0.627803163803164,-0.501732285378104,0.0234944582317039,-0.498435910447194,0.0508313632193446,-0.488396291737751,0.0426303761383947,-0.316215791481736,0.0216161584694489
-0.5,0.25,0.595369135369135,-0.580751755631745,0.0278462296739062,-0.498364609376752,0.0459919278352763,-0.596596459003311,0.0573890959131181,-0.35525111639782,0.0290568749357266
-0.5,0.25,0.576047772047772,-0.478303731168227,0.0221992956413811,-0.436873219537436,0.0405559219904782,-0.451638579655888,0.0450289203498646,-0.265683806760141,0.0229485934691379
-0.5,0.25,0.575711411711412,-0.474356830134266,0.0242508318729072,-0.439181698063296,0.0498219013573958,-0.509106065498817,0.0614338753215777,-0.260532999428964,0.0247775012863266
-0.5,0.25,0.592508380508381,-0.465272235554848,0.0230012501799954,-0.498624629012455,0.0510353508620669,-0.431916782260449,0.0423154848941859,-0.265922545430131,0.0247424602117435
-0.5,0.25,0.569033273033273,-0.506505941002494,0.0252480814395826,-0.486656762787635,0.0482595958542039,-0.548157676569487,0.0558333192575969,-0.292067820246372,0.0234921033261878
-0.5,0.25,0.611019119019119,-0.51721273567231,0.0261830447581786,-0.475535088753794,0.0475986671822965,-0.470796785084276,0.0417528348613312,-0.312240192176013,0.0258541958641932
-0.5,0.25,0.582736566736567,-0.495950319361996,0.0243802131687144,-0.481467202632156,0.0513753147088291,-0.472411777104351,0.0479024263170189,-0.272813473882198,0.0258045849240044
-0.5,0.25,0.566112842112842,-0.46068206447631,0.0207401319220698,-0.402261564856027,0.0343984043198919,-0.508826201363398,0.0510535139590648,-0.283642827147399,0.0195646928946109
-0.5,0.25,0.586999570999571,-0.504562559648597,0.0233697806124964,-0.493148850074375,0.0382168749625853,-0.555808448875777,0.0586337812076331,-0.292213240767809,0.0252516108617821
-0.5,0.25,0.58588608988609,-0.509736278352304,0.0229741763914602,-0.46551585905469,0.0444902406287575,-0.503773943232421,0.0505406832784867,-0.287454973506139,0.0223694652607575
-0.5,0.25,0.585001449001449,-0.450506339666174,0.0227932045398976,-0.401214344125549,0.0342621389269922,-0.409640014177777,0.0409895207839235,-0.257840706679275,0.0229210594690827
-0.5,0.25,0.598468534468534,-0.500428589920337,0.0231640577775636,-0.575172067113576,0.0474534791790363,-0.5027358367294,0.0514729418896958,-0.277329921656362,0.0227344142561737
-0.5,0.25,0.576686076686077,-0.543940153561092,0.0231747881035326,-0.630317136290698,0.0674455881124309,-0.522476098274505,0.047422625050524,-0.321781419362031,0.0260571193372024
-0.5,0.25,0.604080196080196,-0.491558099908568,0.0245319963916445,-0.514608212709536,0.0495803477268371,-0.555901074444171,0.0535183507768527,-0.321438297801532,0.0250697995508194
-0.5,0.25,0.541319125319125,-0.503126256364545,0.0251961059978757,-0.484902073510605,0.0380259790057016,-0.503707485474339,0.0566395457138678,-0.281074757952412,0.0262506954778882
-0.5,0.25,0.580242316242316,-0.467157895379837,0.0234792138443637,-0.423311579335313,0.0466744319427049,-0.437186609906322,0.0450921300381761,-0.256750371069896,0.0239803771830085
-0.5,0.25,0.559459147459147,-0.530203290069348,0.0240868199271063,-0.484337998434675,0.0475497995906226,-0.560767465407098,0.0541891554849643,-0.306715960825009,0.0262121314581835
-0.5,0.25,0.60592724992725,-0.44779715741953,0.0218294469943328,-0.496345136106402,0.0471325401822451,-0.43984469251997,0.0397832320639009,-0.276570909000342,0.0220492514335557
-0.5,0.25,0.628949524949525,-0.505404674620687,0.0254487192183315,-0.5780315845774,0.0569035171026013,-0.469973086219989,0.0422015411939418,-0.295793955222242,0.0257809204014067
-0.5,0.25,0.613194181194181,-0.522280863955202,0.0267763575721182,-0.673671141574577,0.0688248051042021,-0.472413514241373,0.0425750408045952,-0.307977070399163,0.0269203094104615
-0.5,0.25,0.586234834234834,-0.525785704145052,0.0242214239387739,-0.538044731738968,0.0426744621519557,-0.592632481346927,0.057840971820165,-0.319973827433024,0.0249071370618873
-0.5,0.25,0.607433095433095,-0.497354341604445,0.0244052114330833,-0.443773195632762,0.0407350702181681,-0.468035315900271,0.04025581819133,-0.307726153698788,0.0250545999282581
-0.5,0.25,0.61601194001194,-0.527158013980615,0.0242125626889961,-0.436899017598268,0.0375604594174197,-0.548663801702883,0.0476904481697824,-0.33280240936562,0.0264781101815246
-0.5,0.25,0.575544047544048,-0.47143527036682,0.02601971553531,-0.533408853808185,0.0462948013165294,-0.48470351591446,0.0433350235417791,-0.299018292370233,0.0235033954211184
-0.5,0.25,0.593635145635146,-0.505054235892748,0.0233631188139602,-0.535050479673926,0.0497961725853377,-0.53415468825517,0.0485441559603071,-0.310336837911316,0.0230045822785786
-0.5,0.25,0.569202365202365,-0.513035216267073,0.0248655035831285,-0.436699403065248,0.0398546936854394,-0.504612963268131,0.0495942588914761,-0.293967457942107,0.0237476392617637
-0.5,0.25,0.56550814950815,-0.489178023719724,0.0238724804998648,-0.458404699021468,0.0409889714559603,-0.485669085153169,0.0447076659780798,-0.30029445252477,0.0238748069048385
-0.5,0.25,0.525646761646762,-0.499685658330673,0.0266200315696597,-0.487392007803787,0.0414684993597247,-0.519769205371283,0.0515908117558169,-0.298587769016181,0.023753102703423
-0.5,0.25,0.617920877920878,-0.47842338547848,0.0234815114434336,-0.459044986407249,0.0322377761224964,-0.478516402159359,0.0445261830636658,-0.299079185553199,0.0244520772295175
-0.5,0.25,0.595094455094455,-0.502701753876357,0.0255034235913378,-0.468390885072622,0.0370847330125156,-0.471820539794319,0.0423707130828641,-0.317674691798411,0.0264640273547249
-0.5,0.25,0.591112671112671,-0.506201996337048,0.023132643333347,-0.498093451310964,0.0435223388272466,-0.503624726482044,0.0474905359205234,-0.289039442442559,0.0238896508579375
-0.5,0.25,0.551664467664468,-0.519280702469321,0.0270617226613509,-0.525734626611662,0.0507348260362108,-0.567160236616976,0.0593989050498591,-0.316924382985675,0.026874866752084
-0.5,0.25,0.644265344265344,-0.539459259474466,0.0278740276927741,-0.535141011024287,0.0505586016428788,-0.549819357455566,0.048297808687045,-0.343341683661717,0.0260070750448157
-0.5,0.25,0.636500832500832,-0.478981282621636,0.0220294881857184,-0.491215597952739,0.0421058277349295,-0.46486561529679,0.039033987579242,-0.30119959862978,0.023243065932976
-0.5,0.25,0.561247713247713,-0.521603979445971,0.025458893828425,-0.519628419182047,0.0513504929910164,-0.470098106384955,0.0495912479297238,-0.271033028785379,0.0243199057567138
-0.5,0.25,0.572110928110928,-0.487294951346206,0.02334751764052,-0.475976304804019,0.0536953855726338,-0.479700438615674,0.0508517775829988,-0.274790700996956,0.0248603377460637
-0.5,0.25,0.545435969435969,-0.510747846096793,0.022687144797173,-0.515542009906621,0.046324989852149,-0.492545293071501,0.0480803145152163,-0.281580494632476,0.0239152133966952
-0.5,0.25,0.567070875070875,-0.517295286896109,0.0265287875764668,-0.490183322450954,0.0502010513819145,-0.477010952354688,0.0469368303143512,-0.286553022465914,0.0255043793320124
-0.5,0.25,0.57784780984781,-0.491709406661297,0.0210226623245696,-0.398358637584085,0.0409907588810686,-0.632127874183703,0.065625937851836,-0.32378183706215,0.0218679860611878
-0.5,0.25,0.609516453516453,-0.438717124282285,0.0236846796881803,-0.45517586791088,0.0478521996225165,-0.395740561853403,0.0400795311388753,-0.245177707089203,0.0217825072848797
-0.5,0.25,0.623690855690856,-0.497949773836876,0.0213488104645133,-0.443370735556839,0.048054607628412,-0.48450681735772,0.0457520599758808,-0.300071001901094,0.0218602985910563
-0.5,0.25,0.605096069096069,-0.498205929818614,0.0258419064320256,-0.495863780856108,0.0502181977062639,-0.521521378791969,0.0503033415012584,-0.30497047922482,0.023571914846902
-0.5,0.25,0.576405984405984,-0.525835868156305,0.0225345268810062,-0.624647512931455,0.0542798776814142,-0.476609814031103,0.043540989577081,-0.308538135215014,0.0252235862844809
-0.5,0.25,0.58632823032823,-0.512178804611116,0.0241910403894639,-0.598523685900107,0.0750584604688069,-0.495676504564911,0.0500515464651116,-0.283566634130999,0.0263913505039524
-0.5,0.25,0.569229029229029,-0.446447911849473,0.0248070485898515,-0.493123855999757,0.0547779887354172,-0.432961966026979,0.0505935669633165,-0.232414155791761,0.0227695643213175
-0.5,0.25,0.591836307836308,-0.492839506291514,0.0239438324476113,-0.476555196624197,0.036254776496338,-0.538653024258488,0.0541258233940606,-0.314914563341732,0.0261364207327935
-0.5,0.25,0.575265695265695,-0.492370232850688,0.0217414307316286,-0.5091639307565,0.0436472720253125,-0.479992938829107,0.0492077589450461,-0.276802463640999,0.0247342337530474
-0.5,0.25,0.591100887100887,-0.482355496737862,0.0199906884412844,-0.478012911151067,0.0392286664239374,-0.502868808356343,0.0479974017314168,-0.298220436816826,0.0236441336303793
-0.5,0.25,0.576860064860065,-0.540124152732834,0.0264852810067252,-0.543114181350403,0.0514988107907987,-0.531690698876066,0.0514405532390081,-0.318342844621538,0.0267441308881629
-0.5,0.25,0.573645105645106,-0.548005579280483,0.0244291256609478,-0.635935781935459,0.0565118429192205,-0.533961521021362,0.051812324969433,-0.310144180835064,0.025076362838562
-0.5,0.25,0.636325536325536,-0.473501683222123,0.0201443305437111,-0.510594907439681,0.0499492981019916,-0.514592047455656,0.0511416149100366,-0.289375441195445,0.0213826150298906
-0.5,0.25,0.595965595965596,-0.505272930835645,0.0273866819731301,-0.50600340267121,0.0609407719012317,-0.578332485134383,0.0607626862663585,-0.313844394037421,0.0267566136527055
-0.5,0.25,0.607460575460575,-0.486418679016743,0.0271163635019556,-0.601327790029089,0.0709072096393599,-0.462798992927051,0.0430585067810845,-0.301935512455846,0.0246346270483889
-0.5,0.25,0.639596151596152,-0.519979483396292,0.0240185844536225,-0.51466112083825,0.0501736957343894,-0.46920237616897,0.0396400066732223,-0.312676561431826,0.0244008775833776
-0.5,0.25,0.610756354756355,-0.486204855074432,0.0258235177403725,-0.518458536958742,0.0518137368058762,-0.518326773430563,0.0490599352053266,-0.304349580930247,0.0253138556454312
-0.5,0.25,0.573784497784498,-0.540111677650644,0.0260388355713246,-0.63779162247439,0.0544640303685985,-0.508961926711179,0.0486752542357052,-0.294719050559415,0.0256412548901012
-0.5,0.25,0.604276984276984,-0.501061406463151,0.0251882387590684,-0.495882168385636,0.046259613364062,-0.513260369215783,0.0485747682003909,-0.307230930192479,0.0265703363683367
-0.5,0.25,0.583141939141939,-0.482838144484011,0.02312255210487,-0.484462555284791,0.0451411563748234,-0.512073751100218,0.0533865189675093,-0.273521894124033,0.0237483331597057
-0.5,0.25,0.585285009285009,-0.502647786858602,0.0226883175720551,-0.49441872891642,0.0519925509558983,-0.483668950351308,0.0457865358954652,-0.289839359405433,0.0240488516969093
-0.5,0.25,0.587335403335403,-0.530670430166867,0.0251903102526139,-0.535992443974191,0.0518968459743503,-0.559018637701407,0.053367966161725,-0.315643674859654,0.0226508026370003
-0.5,0.25,0.588542748542748,-0.504769485687632,0.0241346780940577,-0.616811768140685,0.0616473342466575,-0.443666022277084,0.0409103785323795,-0.277582917574202,0.023528533162102
-0.5,0.1,0.608834108834109,-0.484453516199459,0.0223951258688222,-0.401931254624089,0.0578889603345398,-0.437711220860823,0.0542906677752154,-0.279643879856798,0.0251052801218299
-0.5,0.1,0.598836838836839,-0.489772406023993,0.0223079558204816,-0.404797308423758,0.0803667409646581,-0.566769893298144,0.0876558047729051,-0.29777251258242,0.0256317759549074
-0.5,0.1,0.566240846240846,-0.495017979172259,0.0224418319030395,-0.600412575062094,0.0692496263853809,-0.454215716282074,0.0589925787493166,-0.267105872556307,0.025112036035481
-0.5,0.1,0.611194619194619,-0.511142173733636,0.026799077853952,-0.499133979456939,0.0894844416960941,-0.462104878140816,0.0514961096406375,-0.316011848228922,0.0248827790195349
-0.5,0.1,0.62828614028614,-0.523748091803781,0.0238977182819764,-0.54778275569096,0.119041071413428,-0.59432051119743,0.0737639031699588,-0.323990103267629,0.0264548313193388
-0.5,0.1,0.594935886935887,-0.50104525538235,0.022471628443172,-0.42063209580951,0.0499507404665185,-0.538233370330968,0.0831273136517535,-0.290839660624325,0.0224417981105387
-0.5,0.1,0.6202868002868,-0.479841266702572,0.02272473816685,-0.369626119117832,0.0581883447786996,-0.50785818485015,0.0689055275511456,-0.291433596787478,0.0240793994030236
-0.5,0.1,0.58001446001446,-0.498430603653228,0.0260235441282435,-0.610458778124564,0.131949275624802,-0.450156999634182,0.0546369219497211,-0.28033128503415,0.0256706492311583
-0.5,0.1,0.601245985245985,-0.495388151218587,0.0231931334772891,-0.571292183169759,0.0853259504027849,-0.472565826473454,0.0516282131819536,-0.295716284055803,0.0230715165770062
-0.5,0.1,0.605758985758986,-0.50345596453773,0.0209623636376311,-0.587898195959266,0.0700082116884831,-0.498142714157295,0.0587015380825246,-0.285343700047794,0.0222513729641133
-0.5,0.1,0.633380697380697,-0.534829736253559,0.0273905778590577,-0.496208002365821,0.077830326917491,-0.558102447376037,0.0676051617352112,-0.333398445670909,0.0278354806432302
-0.5,0.1,0.619058695058695,-0.55227808313527,0.0273090159693388,-0.466139586409827,0.0763950790028648,-0.515039779778832,0.0509545882117121,-0.371298086040401,0.0288155664750532
-0.5,0.1,0.607308943308943,-0.536276856155183,0.0249877566465642,-0.692010133190034,0.0990661737582851,-0.542104904996861,0.0654924713784016,-0.31404750751861,0.0256394859028343
-0.5,0.1,0.580992076992077,-0.506097487200751,0.0261260508696706,-0.51149718324946,0.0669205047681715,-0.521465559181882,0.070133765856366,-0.300409520021872,0.0255544943325616
-0.5,0.1,0.581096633096633,-0.556915910386822,0.0241047247623823,-0.581663767840785,0.0738679034439396,-0.550753279929894,0.0688636937723989,-0.334764347349681,0.028064187485467
-0.5,0.1,0.615515523515524,-0.498103000506862,0.0244836547806839,-0.771357370673065,0.107288306557745,-0.495104013452136,0.0573465664401549,-0.316034359527034,0.0240365840929957
-0.5,0.1,0.570552138552139,-0.533342360820068,0.0232463079205156,-0.62756046247153,0.0641913966281986,-0.53605674399745,0.0638849995313588,-0.31689614031493,0.0236464400817468
-0.5,0.1,0.623547119547119,-0.461157609365253,0.0240577194002529,-0.39968872597689,0.0564427694111143,-0.53678793036301,0.0621123212016866,-0.334468011504262,0.0246442660139585
-0.5,0.1,0.589617313617314,-0.496478593884278,0.0234576378802209,-0.491591179427346,0.0524157142642346,-0.561527025053479,0.0858691082331793,-0.292132881680777,0.0236782604575258
-0.5,0.1,0.586648642648643,-0.505386554717036,0.0241564778099032,-0.628555465272834,0.0749451270578235,-0.441222443930466,0.045443646727178,-0.296400522723617,0.023029983092332
-0.5,0.1,0.548349392349392,-0.502828310169374,0.0249170906857456,-0.523070128803629,0.117497004927659,-0.715404648467653,0.150082509975926,-0.289581751820717,0.0239503729152667
-0.5,0.1,0.619505287505287,-0.48938348515919,0.0236753172501547,-0.504911893472752,0.0697833055848828,-0.437193006699087,0.0499900262117343,-0.302221746458006,0.0227228167728773
-0.5,0.1,0.608668196668197,-0.493245965422736,0.0247937035937877,-0.514425101481906,0.0810314205578603,-0.489988188601225,0.064009342188769,-0.306402709520636,0.0256395458084012
-0.5,0.1,0.593824397824398,-0.470593163722569,0.0230062667611086,-0.40262204012666,0.0499719269551496,-0.446923203761981,0.0552208667168586,-0.276728945364264,0.0254569105036106
-0.5,0.1,0.620041388041388,-0.495014594160846,0.0246937638552361,-0.474828486656613,0.064994494296084,-0.466766277378526,0.0597402400327054,-0.287794613141403,0.0249671836113596
-0.5,0.1,0.58643023043023,-0.565639609595781,0.0265963327805657,-0.609498855401528,0.0919045531783255,-0.502788958190984,0.0575390309132545,-0.328060602680096,0.0267306772324664
-0.5,0.1,0.598339714339714,-0.496173971968934,0.0241924721682222,-0.628707943703173,0.0673260941492468,-0.632097775895975,0.0992468786958405,-0.318416790047865,0.0226004642602224
-0.5,0.1,0.5604878004878,-0.493736192274072,0.0257877950442266,-0.439392519157326,0.0559116495332425,-0.647905274610551,0.129365982095408,-0.274845593683816,0.0265398240340195
-0.5,0.1,0.660706992706993,-0.499216259306469,0.0253946583151178,-0.653219657180439,0.0728806906980301,-0.472102854589539,0.0475702649213404,-0.315622153525304,0.0228949270407819
-0.5,0.1,0.618732162732163,-0.524987049586045,0.0251350224427673,-0.407197443215235,0.0547970592208782,-0.460614527856783,0.0462440980488624,-0.311204330946205,0.0234053873513479
-0.5,0.1,0.606879618879619,-0.504832643464291,0.0267178230023707,-0.484302801078991,0.0774587654208016,-0.512813688883799,0.0602787864524981,-0.30798453302974,0.0259740992402683
-0.5,0.1,0.590081318081318,-0.508705268575795,0.0242064629474349,-0.455740729966963,0.0466497448175367,-0.446230582799908,0.0540860856399408,-0.290505898414121,0.0253385139644554
-0.5,0.1,0.60811688011688,-0.489427237176521,0.0236983875154537,-0.490364358941277,0.0645034762575852,-0.60797099353466,0.0914129153737639,-0.322263970531607,0.0240074410723344
-0.5,0.1,0.601714453714454,-0.487197478955301,0.024926652265257,-0.389663726239633,0.0420557724251525,-0.464499953321581,0.0584023694448323,-0.2923354261396,0.0248202982981287
-0.5,0.1,0.596267612267612,-0.497817341926643,0.0257616683822406,-0.478077523000965,0.0539151145709719,-0.689860641328308,0.132519971502423,-0.297159950561615,0.0238748036842579
-0.5,0.1,0.605101253101253,-0.495928675529258,0.0258656682150461,-0.470754254744205,0.0829095871630688,-0.477164263141826,0.0542397916821935,-0.308324871818719,0.0253933813813276
-0.5,0.1,0.589480609480609,-0.453650202940523,0.0234436668942697,-0.357927592797604,0.0674073488117992,-0.560326944418206,0.0996562542951395,-0.275432103693405,0.0239369651784821
-0.5,0.1,0.589325953325953,-0.481691858620878,0.024757811325102,-0.677211312916693,0.101017330352008,-0.443071000893593,0.0496899359172051,-0.272792383554129,0.0241909008533395
-0.5,0.1,0.603122175122175,-0.505516533510475,0.0242856668707355,-0.553604649675787,0.0897877489226064,-0.519138931789241,0.0695137383142719,-0.289207919702236,0.0237361436490243
-0.5,0.1,0.592368496368496,-0.538394649592661,0.0243440702178098,-0.479600550014617,0.0678229528131318,-0.465190013663165,0.0531220999231217,-0.313372939841709,0.0256896292748924
-0.5,0.1,0.584039156039156,-0.494901942533682,0.0241685007879473,-0.523974882431023,0.0761523029070684,-0.414772073392789,0.0451242485857693,-0.286302227532531,0.0266348435737586
-0.5,0.1,0.615026235026235,-0.506322779874408,0.0259635245468926,-0.674118341288241,0.143118568214846,-0.58798992362833,0.0814575180664898,-0.310753120573458,0.0267381789431691
-0.5,0.1,0.582508494508495,-0.49931107756743,0.0236428288855491,-0.587387276181794,0.100382102570959,-0.510804575257087,0.0758889684252354,-0.287728640562416,0.0228677184889289
-0.5,0.1,0.600563928563929,-0.525517669224606,0.0214770687852685,-0.53168956505704,0.0740620091341471,-0.499874669349628,0.0546032213098046,-0.31887238920751,0.022114695691563
-0.5,0.1,0.639261231261231,-0.474925675566472,0.0236832794067352,-0.478137454902921,0.0735290388850456,-0.493316501016588,0.072816728281132,-0.284471161080616,0.0253286292338085
-0.5,0.1,0.602574434574435,-0.51121520771305,0.0255332695223365,-0.702831039910125,0.097387876478049,-0.487235090309431,0.0568838316446938,-0.317400821322176,0.0246140546389799
-0.5,0.1,0.597093549093549,-0.516464784141868,0.0225390283553715,-0.422913603933971,0.068520201376803,-0.595612020881171,0.0876760682443503,-0.33629647424044,0.0238594928714574
-0.5,0.1,0.612027264027264,-0.526189722396502,0.0248179958888263,-0.488536834055086,0.0679387225407464,-0.489506190475668,0.0612246192408338,-0.331801139508597,0.0259156599089104
-0.5,0.1,0.623714903714904,-0.514711208303263,0.0228606461909832,-0.487578473932999,0.0539601803770098,-0.456006901925012,0.0547562079423516,-0.299678442776685,0.0237659852477885
-0.5,0.1,0.618216354216354,-0.471064612370557,0.0218003496879143,-0.372561866364299,0.0596182568933723,-0.4588948301994,0.065661089770971,-0.277434688884263,0.0220619020607155
-0.5,0.1,0.606716334716335,-0.49861000043823,0.0244243128712748,-0.590052933222517,0.102443138917939,-0.535399188432613,0.0656954766755146,-0.309210423842283,0.0236367863191667
-0.5,0.1,0.55356802956803,-0.50104359376344,0.0273921466401883,-0.603074178288153,0.117540368096331,-0.466580018049171,0.0599102149258733,-0.267257159721596,0.0266293438612746
-0.5,0.1,0.590557706557707,-0.480253955204784,0.0214602768643658,-0.467730326296058,0.0967857562655553,-0.533047460911899,0.0640608014578607,-0.314648355096903,0.0233039910554993
-0.5,0.1,0.609106281106281,-0.538349143399139,0.0283145278755571,-0.559836170628783,0.0766042445481439,-0.621158166121919,0.0869182968602627,-0.334803795866308,0.0284125736748625
-0.5,0.1,0.591513471513471,-0.493032605333591,0.0229813384383338,-0.44176379816386,0.0693558114333029,-0.477167863009223,0.0594469883599415,-0.290477951033027,0.0226085797518014
-0.5,0.1,0.598170586170586,-0.526308071111594,0.0261615557336336,-0.619732832667737,0.129096256452031,-0.523285010998965,0.0659842827780366,-0.291083470656033,0.0269633876584323
-0.5,0.1,0.626910254910255,-0.487890621624179,0.0230939238588063,-0.404944670481831,0.0653279370554721,-0.423648831059397,0.0459393963655413,-0.272024316154622,0.024571081645774
-0.5,0.1,0.604280896280896,-0.505320311226709,0.0216841213144838,-0.603625808688464,0.0855973074460358,-0.548216901484609,0.0613651967029886,-0.316044728910125,0.0241891103468461
-0.5,0.1,0.595370803370803,-0.500469118410761,0.0244169749188262,-0.586046331199065,0.0960267927321623,-0.468771212747065,0.0524432608700763,-0.301894875262586,0.025116872056575
-0.5,0.1,0.592783348783349,-0.494453149416692,0.0251001732553456,-0.70505095527393,0.130633136612563,-0.456622962731771,0.056277871369419,-0.282272880623638,0.024925589233629
-0.5,0.1,0.56843578043578,-0.488005487572324,0.022190636680351,-0.299985875970889,0.0591646760633914,-0.538448741840752,0.0871688435084847,-0.275008836595519,0.0227947097756748
-0.5,0.1,0.56193030993031,-0.520683754420446,0.0258264201208316,-0.436368180006808,0.0660318746421259,-0.558857968530957,0.11044077501442,-0.284012841300193,0.0265053090994978
-0.5,0.1,0.589623073623074,-0.486965503645404,0.0266782868920918,-0.554443488169901,0.0732233953378377,-0.435018034432284,0.0542798551917421,-0.285998748418344,0.0284740660951208
-0.5,0.1,0.597166101166101,-0.532847987102162,0.0282880807630389,-0.442996042758878,0.0663450608863215,-0.588454348235484,0.0968165724534506,-0.305220260535204,0.0252538758338459
-0.5,0.1,0.598449586449586,-0.495896762471715,0.0222529293248911,-0.503217919943026,0.0729323486548612,-0.465755185001107,0.0561108964056864,-0.291486994991764,0.0217567730997183
-0.5,0.1,0.580025068025068,-0.486021444017558,0.0275622250822152,-0.460716007349886,0.0829400025186008,-0.447236313572679,0.0656667790835897,-0.257385048307922,0.024167743865497
-0.5,0.1,0.556383916383916,-0.521329270737341,0.0264445019720995,-0.559434540178022,0.0851657576582698,-0.580288384837721,0.101928913864475,-0.292912664215165,0.0248890895070339
-0.5,0.1,0.578568494568495,-0.510545964845472,0.0242187724079732,-0.639640418079818,0.0903549889101545,-0.587720220920667,0.0830593274239483,-0.300574792345198,0.0229248049097448
-0.5,0.1,0.596211608211608,-0.514117401909223,0.0265286450391811,-0.603563472889963,0.0941258777106985,-0.475489019725923,0.0511626347933925,-0.319363929806081,0.0261213422117153
-0.5,0.1,0.601447573447573,-0.472037918627663,0.0239169731355602,-0.500249532407532,0.0899283951121555,-0.550973766445285,0.0831782700442958,-0.291660536675474,0.0239831119604877
-0.5,0.1,0.624919764919765,-0.48241734812923,0.023494796452351,-0.501441912661129,0.0854941652324181,-0.497447764957615,0.0566989876735358,-0.303951567331674,0.0241869731709744
-0.5,0.1,0.576496044496045,-0.485937401210471,0.0210557236052172,-0.559945470526032,0.0874825545558073,-0.533867248671211,0.069064847006627,-0.294280561003776,0.0228102161465296
-0.5,0.1,0.6081554001554,-0.470115508643863,0.0231639692746293,-0.48661839310317,0.0391293847442204,-0.41408567358655,0.0481694841926811,-0.274076065432219,0.0218269207434905
-0.5,0.1,0.598579510579511,-0.454097017120456,0.0215566663427685,-0.470494741765806,0.0340768270480011,-0.551463284405865,0.0982579846300187,-0.265877505410124,0.0225031053763251
-0.5,0.1,0.597791697791698,-0.496480052243568,0.0232785303134317,-0.469408457453385,0.0533800645263617,-0.500075794193635,0.0645740518189182,-0.31010632397505,0.0232868256186732
-0.5,0.1,0.590158598158598,-0.512274496226317,0.0217533171561717,-0.523627776771412,0.0575578430204278,-0.608204014973474,0.0896224978805727,-0.324042708042144,0.0230529870751657
-0.5,0.1,0.594059718059718,-0.485435591429503,0.0225391586044155,-0.480330505754752,0.0850584955316051,-0.507864735773856,0.0646532647800026,-0.292049226454896,0.0250784728005442
-0.5,0.1,0.59008163008163,-0.491859439083228,0.0245109862691711,-0.486179510374124,0.0719544184886836,-0.566556127244423,0.0876039614959558,-0.299420140474864,0.0231797397855216
-0.5,0.1,0.620678132678133,-0.490077490471179,0.0220390936522894,-0.361008860902126,0.0449973448460175,-0.505562327309181,0.0550910378378578,-0.316572466201229,0.0227666088734255
-0.5,0.1,0.605931341931342,-0.458501942503929,0.0225454135863039,-0.395256834915066,0.0528932217617674,-0.487919066672979,0.065160615584422,-0.286534268508773,0.0225270406452252
-0.5,0.1,0.583857415857416,-0.524789980634698,0.0237179188960887,-0.522172075207945,0.0783023446877706,-0.518478551358495,0.0679877464776302,-0.309950348975362,0.0221713928296863
-0.5,0.1,0.606623430623431,-0.499205834893752,0.0222513065558058,-0.577828005108581,0.0860549658278402,-0.486596615775189,0.0606911803965099,-0.309580348147673,0.0224981626592125
-0.5,0.1,0.586341538341538,-0.502544296992034,0.0250528568225984,-0.494488936120049,0.0714426286523002,-0.429037460928864,0.0547638110041659,-0.2788059887679,0.0264191815791916
-0.5,0.1,0.592257136257136,-0.468771077379251,0.0242749306127373,-0.505709142686976,0.0670828699810929,-0.495863346603218,0.0639916725394939,-0.278599571333086,0.022459092699168
-0.5,0.1,0.584449964449964,-0.542896485868268,0.0245892139436351,-0.47451981071752,0.0497542930009283,-0.76410258342609,0.160467470355342,-0.332698650370411,0.0259538258734279
-0.5,0.1,0.636966072966073,-0.532704470476612,0.0229800896464196,-0.436835951928265,0.063006912403113,-0.4980628676863,0.0528462693201413,-0.35870173277642,0.0237096415704155
-0.5,0.1,0.64208805008805,-0.526311489831226,0.0256242329283168,-0.692054683260941,0.129985806147163,-0.596643099953688,0.0716783448611332,-0.366165846080415,0.0269375646445847
-0.5,0.1,0.598154194154194,-0.552560393070838,0.0248122962591409,-0.588327624720524,0.0755306109635985,-0.530824405651932,0.0532094397083864,-0.356287245671099,0.026286593637891
-0.5,0.1,0.599021327021327,-0.534170196787991,0.0268487932434335,-0.525563424374942,0.0650288505861739,-0.459749465646868,0.0518414668532281,-0.313360920530363,0.0273181015242885
-0.5,0.1,0.596108672108672,-0.458264490496501,0.0237730703157457,-0.537817370481081,0.0741588179566758,-0.423114367225832,0.0494341844054309,-0.265784454435785,0.0253060088506717
-0.5,0.1,0.57824087024087,-0.525768993447172,0.0244613851126086,-0.586993190026929,0.0819995422720388,-0.54640332429503,0.0631181616681101,-0.333271658566331,0.0252310880027633
-0.5,0.1,0.577719985719986,-0.518841097899034,0.0260443098542192,-0.529541708664568,0.0640555638678607,-0.534749018372302,0.0706112799278054,-0.315275895435938,0.0265319297236086
-0.5,0.1,0.564177888177888,-0.516444234422413,0.0245465042572683,-0.416906313506958,0.0742520880063256,-0.630503600646515,0.103986440226903,-0.292302000617095,0.0266997203375039
-0.5,0.1,0.591947631947632,-0.507623429181433,0.023768960998204,-0.562858110636834,0.0652210785909005,-0.54740335128039,0.0810319684727551,-0.308689649459048,0.0253687610931619
-0.5,0.1,0.614599010599011,-0.497930957468706,0.0238206868351895,-0.520043013206437,0.0797931722054598,-0.514680122715965,0.0628748646924091,-0.310493055735578,0.024712125075974
-0.5,0.1,0.60830564030564,-0.50524658421575,0.0236806048228582,-0.583459640441711,0.0829718714216203,-0.458117920367159,0.0542883179145178,-0.298503714973971,0.0236647875310352
-0.5,0.1,0.557113097113097,-0.501659777708697,0.0223733530453181,-0.596901638928358,0.038901424792888,-0.421029921998401,0.0579442580242206,-0.252037608827276,0.0224917402503177
-0.5,0.1,0.611220191220191,-0.492149649379219,0.0233300583198789,-0.437774022749473,0.0548068561039086,-0.45381271166443,0.0487252092703105,-0.305032016732234,0.0236219074577167
-0.5,0.1,0.60596636996637,-0.493226678305495,0.0226432637944108,-0.380339092420085,0.0604945203584809,-0.504831394023568,0.0599666675619327,-0.31212065289014,0.0251645839538239
-0.5,0.1,0.557277497277497,-0.477586478656837,0.0234086795954463,-0.478651949951384,0.0674877643231146,-0.59416905239432,0.0946058124623807,-0.296880726161634,0.0256547645130345
-0.5,0.1,0.608179652179652,-0.524301795753252,0.0261201915130352,-0.49796064889674,0.0605088340670452,-0.503281218338692,0.0601895995018405,-0.305161922229364,0.0269569191681627
-0.5,0.1,0.56033138033138,-0.556467216893921,0.0237448625373887,-0.435657893510344,0.0701515932027204,-0.546251491663187,0.0665462721462072,-0.319048024687253,0.0230579563480423
-0.5,0.1,0.616294648294648,-0.528335782350264,0.0271088331632122,-0.577984291052103,0.0841376788085465,-0.532650444006722,0.0723406436634581,-0.314710809400139,0.0265335848619727
-0.5,0.1,0.594450558450558,-0.486612692855868,0.0257765338816891,-0.503411086926918,0.0669951198461627,-0.440325875386995,0.0462454310652609,-0.292191248348876,0.0244349871009507
-0.5,0.1,0.586174858174858,-0.521654652214316,0.02527614787631,-0.654612087422809,0.11175805294698,-0.527966979001247,0.071430326096827,-0.315716898297277,0.026549289124358
-0.5,0.1,0.568328992328992,-0.507423620669247,0.0258543722294008,-0.427047543323698,0.0431223018758504,-0.564187737647474,0.0863939148604071,-0.301293590388441,0.0259665825423203
-0.5,0.1,0.584439824439824,-0.517334002456376,0.0248815871607585,-0.488067416827357,0.0909069360688944,-0.614497448571837,0.0853461508383387,-0.318460436919871,0.0248203691326474
-0.5,0.1,0.568217596217596,-0.477557014871656,0.0225245888581299,-0.462591286854997,0.0731228804736975,-0.577256838886855,0.0995002307441222,-0.275393598722244,0.0239684698660297
-0.5,0.1,0.565148449148449,-0.508192227526563,0.0218788386788384,-0.453585862111861,0.0666538389074367,-0.736969234506827,0.160406830235405,-0.309471207822495,0.0256257289108466
-0.5,0.1,0.564164964164964,-0.489634121214145,0.0232536248558238,-0.232671615771093,0.0386008044478457,-0.51359452382332,0.0735675686950873,-0.2683943561,0.0226634727856279
-0.5,0.1,0.554620754620755,-0.494847613490066,0.0255075983099618,-0.494030086138295,0.113881758494948,-0.560315742327674,0.0935308046332373,-0.29646702930139,0.0276547492075621
-0.5,0.1,0.59822695022695,-0.501500873554561,0.0239064731077684,-0.537477379111657,0.0841968998741729,-0.529925496334612,0.0724983075383795,-0.329398152228047,0.0235404995728282
-0.5,0.1,0.598445218445218,-0.49331723267444,0.0253753551372381,-0.345740609181109,0.0527956361877911,-0.545922870113523,0.0697555313111238,-0.309736643983649,0.0238771292417942
-0.5,0.1,0.582982578982579,-0.470045933545266,0.0226829598664103,-0.494281944908027,0.0577487156767928,-0.443898624519716,0.0556471877262197,-0.277318704626396,0.0222745746613452
-0.5,0.1,0.647256311256311,-0.499323902322742,0.0219211885755241,-0.548304532790588,0.088883943102801,-0.516211974280309,0.0499661344831417,-0.341003021589787,0.0205232144885779
-0.5,0.1,0.554173322173322,-0.489052551564966,0.0248782409454271,-0.587490164656222,0.112543114656822,-0.583951107620488,0.0956355667630797,-0.293171487313101,0.0264602382126843
-0.5,0.1,0.558033918033918,-0.49133403270919,0.0252157679334995,-0.390430542114009,0.0539771600296667,-0.341679647795104,0.036985108785095,-0.252932198249184,0.0242191301757407
-0.5,0.1,0.604562836562837,-0.499918937501389,0.0229857519637686,-0.618458728025439,0.0932055520799306,-0.421082890864332,0.0434884990025659,-0.297154120699387,0.0227291390902045
-0.5,0.1,0.574241374241374,-0.510490988283316,0.0238827422457876,-0.413432363654468,0.0601233582503059,-0.642053625423092,0.138663061653212,-0.294541119918349,0.0216629231402488
-0.5,0.1,0.601293877293877,-0.463180005340525,0.0245046421243389,-0.412255732757268,0.0606370052341513,-0.406738418752201,0.0507346121183956,-0.267149439843315,0.0242478059229078
-0.5,0.1,0.562658302658303,-0.527718880182467,0.0265056778384587,-0.637900728925749,0.0870316536113432,-0.525706141787463,0.0596432480864951,-0.323943278571805,0.0247411370158388
-0.5,0.1,0.608635400635401,-0.527960834954373,0.026805637170599,-0.473440224162624,0.0554100741085542,-0.547241229506273,0.0804015869396691,-0.310458864952031,0.0236411469593859
-0.5,0.1,0.550342438342438,-0.482019962091119,0.0251008611272671,-0.491850939237812,0.0618595819910451,-0.368927500852005,0.0474944504560686,-0.220734109015381,0.0242549675241221
-0.5,0.1,0.582798594798595,-0.496505433609375,0.0255587853027825,-0.417726592648193,0.0697203248878669,-0.467843048492062,0.0574389688655752,-0.302440079155143,0.023649784952727
-0.5,0.1,0.593863637863638,-0.526316834492542,0.0277673661608376,-0.442417585463938,0.052303555823282,-0.531332613194094,0.0630666677078551,-0.330067298480322,0.0265167866283736
-0.5,0.1,0.60774355974356,-0.526779828131322,0.0271075804695266,-0.590128911312301,0.129382650586999,-0.468194557417689,0.0535058711401638,-0.311939099946348,0.0243630334335662
-0.5,0.1,0.574749298749299,-0.480139474252313,0.0238445929749132,-0.377588074766392,0.0397287739067529,-0.412537896552951,0.0467503803497811,-0.270042590301496,0.0236237061818385
-0.5,0.1,0.619564771564772,-0.525098352441885,0.0251837720289591,-0.445190637062056,0.0635756398253683,-0.513766556206784,0.0551724942840748,-0.332740022705514,0.0251744911266845
-0.5,0.1,0.543011487011487,-0.495827912090146,0.0243819059921508,-0.577344237656166,0.0881112798956385,-0.449050358011689,0.0622644004667859,-0.268825432079646,0.0262684456747138
-0.5,0.1,0.586818670818671,-0.47866906447767,0.0212255492276568,-0.567987452809784,0.079750763685882,-0.506402751815368,0.0610133241810841,-0.291267945627056,0.0223980459399582
-0.5,0.1,0.607200391200391,-0.440454848266571,0.0217382047998779,-0.468802885094234,0.0813465973507554,-0.40264128318883,0.0379038279704276,-0.291406648000438,0.0217060909042804
-0.5,0.1,0.583032391032391,-0.483345041035068,0.0239047274504118,-0.386907552118348,0.0611751310592362,-0.467142287122235,0.061752337020975,-0.273267906613252,0.025054693651791
-0.5,0.1,0.614276774276774,-0.490175386277488,0.0210794313571922,-0.810505994896794,0.100816261128861,-0.476169361614624,0.0563183425408597,-0.302118012990471,0.0234804646401699
-0.5,0.1,0.601227565227565,-0.483276115958283,0.025785415456628,-0.536482052048747,0.11274279100723,-0.540988967784934,0.0751600238186507,-0.294125606728266,0.027993369871024
-0.5,0.1,0.576746616746617,-0.47582741108342,0.0272878005359987,-0.478372183587977,0.0749247885573657,-0.393605969540542,0.0453615646077933,-0.24341976928101,0.0217464292562639
-0.5,0.1,0.545337461337461,-0.534074318620178,0.0246055553882472,-0.527895467201264,0.0656788791266137,-0.549190051089228,0.078705615403173,-0.316450106749139,0.0260585219573876
-0.5,0.1,0.533617493617494,-0.526322304486457,0.0257701883218971,-0.427711338783135,0.0667056548296761,-0.60128764083102,0.100620764254372,-0.299766909870345,0.0265722589838762
-0.5,0.1,0.593237021237021,-0.48800696885448,0.024436814008687,-0.525324554644278,0.111145642585238,-0.56178805617696,0.0738577721840832,-0.307388328751722,0.0245519501719037
-0.5,0.1,0.604183384183384,-0.475002548310197,0.0238968512263163,-0.505151476524256,0.0685102839593115,-0.412071131942458,0.040312485681127,-0.291046852398752,0.0213871784226912
-0.5,0.1,0.567285951285951,-0.509037497329485,0.0237169747847792,-0.59430842735394,0.101036063714008,-0.491513752088449,0.0566723196670479,-0.303691296963776,0.024235357786555
-0.5,0.1,0.559729651729652,-0.496020076860731,0.0258892290259879,-0.410891855411318,0.0559237199405971,-0.463835187899161,0.064411520472193,-0.251917844244509,0.0248465546068333
-0.5,0.1,0.617426381426381,-0.510065788495198,0.0248385960649678,-0.684306754938443,0.0723332649658084,-0.495471002348132,0.0518341463052465,-0.313608591819787,0.0252965701806493
-0.5,0.1,0.572548088548089,-0.527470981517737,0.027488578677245,-0.712730957071724,0.0915830750712631,-0.682591259082359,0.160444500739686,-0.263037756711985,0.027072153197499
-0.5,0.1,0.603400767400767,-0.525499621297926,0.0242342064982449,-0.469613233009278,0.0592413130450546,-0.489617570534121,0.0519891877045192,-0.33980223369036,0.0257195757212244
-0.5,0.1,0.570585918585919,-0.483086970778585,0.0225814449614741,-0.606128023766044,0.0962106526987831,-0.44416435176106,0.0551213986387977,-0.284896840500861,0.0272478844380126
-0.5,0.1,0.571009903009903,-0.45267008952827,0.0220895346584816,-0.402295891914358,0.0385870930644905,-0.363493698785476,0.0411430716704565,-0.240250507077504,0.0242644266095394
-0.5,0.1,0.552870828870829,-0.49854839490537,0.0235420740647359,-0.57956212712102,0.0837583535515615,-0.568753111012848,0.0988741629822205,-0.263408498483165,0.0244665076518852
-0.5,0.1,0.579652971652972,-0.488506837414067,0.0272967688153354,-0.45600467827594,0.0641779808912649,-0.443043688728495,0.0509592564414873,-0.290699516610029,0.0277505641857983
-0.5,0.1,0.547072087072087,-0.504105466880824,0.0238896390494023,-0.423716940071707,0.0595643665661096,-0.420941919262794,0.0503434790576785,-0.247419906349366,0.0213591628135696
-0.5,0.1,0.557006117006117,-0.504447571204571,0.0257815257880238,-0.398202804310804,0.0515414127301685,-0.47985298123839,0.0557779844630979,-0.307220545328912,0.0254980606931075
-0.5,0.1,0.61357096957097,-0.464519620056082,0.0219397645409513,-0.530976085948467,0.06584659091456,-0.423756996650782,0.0460442592187376,-0.28166176417584,0.02217876898441
-0.5,0.1,0.614252222252222,-0.531664441873241,0.0231089853602536,-0.636599153523755,0.0726676187966532,-0.5395812737369,0.0649060603596844,-0.331068731523082,0.0263697459891154
-0.5,0.1,0.608393804393804,-0.462061125003913,0.0210465291766166,-0.51559670875111,0.0714970952196466,-0.452571767936637,0.0531767342450605,-0.27460644292614,0.0220845968866765
-0.5,0.1,0.568940260940261,-0.50778304509668,0.0252321159202388,-0.502336426090581,0.0841656766530859,-0.553417059404868,0.0869946573064127,-0.280151530371609,0.0243642793547026
-0.5,0.1,0.596506544506545,-0.492341246155216,0.0249651120613425,-0.422105335739327,0.0663936852601955,-0.524370563061903,0.0527416062939798,-0.328493815576631,0.0217394438685829
-0.5,0.1,0.605450177450177,-0.499938952581901,0.023368728616798,-0.316243680851127,0.0459319490952016,-0.538090408027434,0.0710512525976923,-0.31604582326931,0.0211591275774783
-0.5,0.1,0.616621552621553,-0.490305459611641,0.0248612476711642,-0.515308451802252,0.0607568234116713,-0.516327024855774,0.0658800895650406,-0.304681724510945,0.0247213208183211
-0.5,0.1,0.573673101673102,-0.493561342185323,0.0241945049514935,-0.454146380514753,0.076585547648833,-0.533410017385826,0.0676341105532123,-0.294913735145784,0.0243105874605293
-0.5,0.1,0.591740463740464,-0.501085653926171,0.022217984463014,-0.409956372673577,0.0606172072331478,-0.593609108369827,0.107917371807449,-0.295378764479652,0.024014509410719
-0.5,0.1,0.57023025023025,-0.506538476753172,0.0268366700482104,-0.522635232838428,0.057328830543648,-0.521139294733331,0.0628144408832489,-0.303113665720053,0.0264591718315905
-0.5,0.1,0.607317151317151,-0.539620689581839,0.026032361222041,-0.446483443104019,0.0703819613875472,-0.579866840649141,0.100635757765997,-0.313219517738343,0.0252434843132586
-0.5,0.1,0.600476748476748,-0.470802543953514,0.0242450111049049,-0.528964208357346,0.0789515365750922,-0.523758901166975,0.0655463940652466,-0.300496750945552,0.0228768110613847
-0.5,0.1,0.605386385386385,-0.471105953390831,0.0218178343836027,-0.441866722370311,0.0597258502820604,-0.435740560976506,0.0450293695091856,-0.291963937936035,0.0216200235187926
-0.5,0.1,0.572665544665545,-0.480031489855765,0.0219093498996846,-0.405930783387598,0.0558799351683949,-0.508395694402613,0.0757231251883506,-0.275078397259948,0.0217548193233099
-0.5,0.1,0.587775695775696,-0.502950644365204,0.0234914183253485,-0.53944082957881,0.0706583070525819,-0.56241205720525,0.106209882444414,-0.286038648049648,0.0254988303992046
-0.5,0.1,0.557503481503482,-0.49148719862082,0.0214411119600841,-0.438144492701312,0.0688364781812289,-0.421048190596657,0.0492385051984814,-0.258857680354237,0.0248213378240374
-0.5,0.1,0.630725034725035,-0.467258158257546,0.0234625511736096,-0.461830208032971,0.0582728409118585,-0.501115015638071,0.0538430241376671,-0.31824264574148,0.0236601469190486
-0.5,0.1,0.624184524184524,-0.514417078517999,0.0249969161574231,-0.507868767294317,0.0690820462225614,-0.502114361376549,0.0516379145704276,-0.325310116884208,0.0221379726119625
-0.5,0.1,0.563383235383235,-0.51717318454383,0.0208966389746647,-0.484958885509882,0.0576499470890934,-0.594599364483578,0.0806908893402927,-0.32527798449449,0.0246504462147915
-0.5,0.1,0.600993504993505,-0.528016209041974,0.0261384499362387,-0.43094524533495,0.0745670897929695,-0.584831337152308,0.0832078477989712,-0.316880940877467,0.0271302809776992
-0.5,0.1,0.596428664428664,-0.512772114836492,0.0222654014726061,-0.689997006292434,0.0562653440867618,-0.494004709175431,0.0547719675925902,-0.306334308957112,0.0242536605061771
-0.5,0.1,0.609509697509698,-0.486688150034805,0.0224992193504264,-0.438926312324948,0.0376534201511984,-0.496068741971472,0.0593860570081794,-0.301840394824887,0.0234250045308661
-0.5,0.1,0.564016656016656,-0.510279082842653,0.0232909456463705,-0.537011817798547,0.074741544629746,-0.466423004272297,0.0587678040522093,-0.289527578961111,0.0263163656773932
-0.5,0.1,0.594871170871171,-0.481998625368223,0.0240259825218074,-0.435098182585799,0.0933253572416792,-0.4036974237756,0.0467063147546257,-0.291351641654877,0.0233012884130505
-0.5,0.1,0.5723288003288,-0.512726921979049,0.0248244218727403,-0.599593993300159,0.0674116252430383,-0.422746269036082,0.048865943100257,-0.28696636264004,0.0245084793657987
-0.5,0.1,0.578733566733567,-0.471563531885245,0.0229989788152308,-0.360994735213171,0.0579914864584369,-0.497051326155875,0.0745702812350725,-0.277132655380624,0.0228246341656142
-0.5,0.1,0.563108915108915,-0.503570184446173,0.0259051462377216,-0.374866210024898,0.0508245509746435,-0.448624193069179,0.0483642079934933,-0.290611585143293,0.0257643697443056
-0.5,0.1,0.573293109293109,-0.464315098525067,0.0227026053903402,-0.456440768025454,0.0572735035343965,-0.457314303749842,0.0524305728947723,-0.274558878995926,0.0229501148872911
-0.5,0.1,0.593997497997498,-0.492267699705827,0.0225460463277044,-0.494691887382197,0.0801687601075279,-0.473630865449868,0.0631246780160651,-0.285856127058639,0.0216473957377332
-0.5,0.1,0.597896925896926,-0.506690968185657,0.023993547926252,-0.42110371545816,0.0740903455852868,-0.475253905797023,0.0604291506981844,-0.302297765289051,0.0247177432237923
-0.5,0.1,0.564726600726601,-0.481944017053771,0.0230522194716667,-0.608222201094503,0.111876246524627,-0.511170988191136,0.0701943819240517,-0.284487253261594,0.021663392846438
-0.5,0.1,0.580415164415164,-0.493167155758929,0.0231297697550065,-0.523440796887036,0.0698787292927172,-0.511878792238211,0.0724767912075715,-0.278799211546558,0.023982206176873
-0.5,0.1,0.605914505914506,-0.498779576074239,0.0236870671506162,-0.612624414579568,0.0955096739618633,-0.502890121278084,0.0553541672678463,-0.317570748241447,0.0267791886629624
-0.5,0.1,0.59841013041013,-0.468564525304838,0.02244878979155,-0.517005796540261,0.0533958729847082,-0.427901885654099,0.0459452702522058,-0.273437206937614,0.0231160567814267
-0.5,0.1,0.551331803331803,-0.497545928424432,0.0248494589994125,-0.351481541391882,0.0475271816187308,-0.477472911344675,0.0749519377687442,-0.267108956388676,0.0252040154380662
-0.5,0.1,0.617301845301845,-0.498977865108136,0.022256958759153,-0.356389481284795,0.0480778830493456,-0.542773662699921,0.0721863779393807,-0.307440448669767,0.0245885704477603
-0.5,0.1,0.619798675798676,-0.510014897783031,0.0234471198050951,-0.578429360030588,0.0447508399923904,-0.466167261722607,0.0527432966761595,-0.30757588570253,0.0247297462762938
-0.5,0.1,0.590313314313314,-0.544504371918617,0.0260420410884074,-0.463677057644298,0.0399509620460654,-0.576342246636539,0.0699331048249385,-0.356275561442752,0.0275012640591355
-0.5,0.1,0.629518253518254,-0.495356128686824,0.0267178720623267,-0.626053417266654,0.102978358300379,-0.58179860631147,0.0730363825158252,-0.330453376214566,0.0256269352980049
-0.5,0.1,0.618577926577927,-0.460508037562723,0.0221841402130086,-0.570688722200083,0.083400822460323,-0.519916041801498,0.0778234650797059,-0.290779262802659,0.021681078898186
-0.5,0.1,0.579856791856792,-0.460556550508478,0.0203545344832172,-0.444450523421617,0.0616819802866356,-0.477597131760964,0.0771173300231762,-0.242752850146419,0.0211516569845692
-0.5,0.1,0.577256869256869,-0.490886141654568,0.0250118890840172,-0.471621356205765,0.0748588747788214,-0.522876794908851,0.0746853462140737,-0.282920288302444,0.0241282461367005
-0.5,0.1,0.524712872712873,-0.463189746592995,0.0243632469045572,-0.639712864791822,0.0762434266767583,-0.538719048509586,0.0989373982467412,-0.250432980818814,0.0246210568900256
-0.5,0.1,0.617971061971062,-0.487255213392686,0.0242118850375827,-0.530351695698122,0.111928148669256,-0.492020346000306,0.0618371552086646,-0.295113465486615,0.023120010969302
-0.5,0.1,0.632033132033132,-0.485863799857263,0.0227718823901323,-0.461490417485874,0.0542946477156967,-0.527873592504484,0.0667073068096958,-0.299863951582111,0.0225941327390306
-0.5,0.1,0.616761508761509,-0.521863775931626,0.0242830160728507,-0.509835250149197,0.0514567201873219,-0.464120714428284,0.0492037359786585,-0.296303463051091,0.0247464064110372
-0.5,0.1,0.59761038961039,-0.487653706460625,0.0243269920949959,-0.569504071601442,0.0885695387937177,-0.463798987580267,0.0524470706337156,-0.291469782467091,0.0275409972731727
-0.5,0.1,0.563023847023847,-0.495704629998531,0.0230392096765695,-0.411017633264911,0.0557114764361832,-0.437164453092458,0.0528518632707852,-0.265891717853332,0.0231599384440424
-0.5,0.1,0.592491976491976,-0.473775313724435,0.0225140557301556,-0.427218912336299,0.0912353159674182,-0.515065317918546,0.0793041713069242,-0.282094606600826,0.0248884981693454
-0.5,0.1,0.621142425142425,-0.471328611876247,0.0246075803473705,-0.300919780388923,0.0452954636496686,-0.407281016091491,0.0494259670227123,-0.302250251972682,0.0233523971815232
-0.5,0.1,0.634508326508326,-0.546164037500397,0.0243662101587166,-0.732053427219459,0.0809541011838671,-0.705668704067831,0.132530136430676,-0.337680123427934,0.0250179706626526
-0.5,0.1,0.602631458631459,-0.484969567370133,0.0230255793238514,-0.439613157135889,0.0588023311390735,-0.534499286454898,0.0715994642873897,-0.307658747426696,0.0248314397976599
-0.5,0.1,0.618571050571051,-0.533026941876119,0.026838876238676,-0.451881773485667,0.0598804882432915,-0.49224218992796,0.0470046483931391,-0.339683643853462,0.0249660162940942
-0.5,0.1,0.564478044478045,-0.48531972362705,0.024675246121784,-0.360594985079952,0.0722687096845589,-0.466030943006628,0.0724744308983394,-0.266637669045454,0.0242977466245079
-0.5,0.1,0.591542043542044,-0.504257117383399,0.0219240877590148,-0.50240833514561,0.0821445421964409,-0.509921483907675,0.0749723696632761,-0.25759622256357,0.0232605997928256
-0.5,0.1,0.583141279141279,-0.487014866908389,0.0252591860743638,-0.462493887976353,0.0686779421931155,-0.465880095765704,0.0613733712832832,-0.268387493941738,0.0246206235665526
-0.5,0.1,0.607578535578536,-0.489640103445367,0.0237405858517673,-0.561056051362296,0.0432463755185419,-0.533442360657103,0.0646052821083053,-0.311205645523156,0.0239572573905938
-0.5,0.1,0.530450594450594,-0.471796835877465,0.027642887923153,-0.475955600264195,0.086383022043676,-0.541193816380481,0.0921443612699982,-0.261718710337117,0.0261732300071141
-0.5,0.1,0.602569370569371,-0.53292594616947,0.0294180666851979,-0.494434784489601,0.0480628429560958,-0.62440462431778,0.0844375520459961,-0.323951853335242,0.0264571598240814
-0.5,0.1,0.600108984108984,-0.500285846140969,0.0240957016631649,-0.549190569804696,0.089077888068856,-0.446172978297442,0.050814328019601,-0.281818811189609,0.0242376343334105
-0.5,0.1,0.559640527640528,-0.496695466719692,0.0223290085513138,-0.482865028583395,0.0627841067846557,-0.451635717037033,0.0536110801479636,-0.289711818773264,0.025507144213237
-0.5,0.1,0.583861495861496,-0.492131508013675,0.0220941196817389,-0.714268270387479,0.069552820331603,-0.536427511264583,0.0685654900963702,-0.29164743134174,0.0226898719458415
-0.5,0.1,0.581000345000345,-0.510073487614414,0.0237030945885065,-0.67371562600622,0.106000776993224,-0.568271535142673,0.0805720449993165,-0.331707960614342,0.0289892513136806
-0.5,0.1,0.582996594996595,-0.503715863744792,0.0261215348254117,-0.40433905344751,0.0662704776110438,-0.461540656498106,0.062441289640382,-0.284582991615234,0.0275299074988906
-0.5,0.1,0.613557361557362,-0.511115781984322,0.0257913043437844,-0.475738471336738,0.0858671165933186,-0.473583171125591,0.0529554981240421,-0.3132989274513,0.0252755323824552
-0.5,0.1,0.576973608973609,-0.499225027579213,0.0241997338117338,-0.625123404699739,0.061480370318058,-0.547294246084644,0.0612517740707072,-0.319492463458748,0.023088477669185
-0.5,0.1,0.610823434823435,-0.44312553972494,0.0216978687969629,-0.493414993858358,0.0714832776175231,-0.445037381544931,0.055285778545572,-0.26290070925049,0.0226773045590673
-0.5,0.1,0.554554586554587,-0.479703365684653,0.0237209021740743,-0.45696769356762,0.0760169569963482,-0.47541858549993,0.0768378573297588,-0.246027576551005,0.0243462095719379
-0.5,0.1,0.6084584004584,-0.490824541878124,0.0258368401992347,-0.541595647492043,0.0756145794059157,-0.507647850801535,0.0538471112905275,-0.309519342522088,0.0270329977327497
-0.5,0.1,0.612679176679177,-0.511383579942817,0.0217256363111228,-0.491246813211676,0.041536837648133,-0.513473894278538,0.0553442678477356,-0.323872266910318,0.0251091669625102
-0.5,0.1,0.583234231234231,-0.461881574238488,0.0214682653284443,-0.574249507127237,0.0871494184792824,-0.399206881312633,0.0444061119565654,-0.272868437930243,0.0234663386202804
-0.5,0.1,0.559707235707236,-0.490486075582126,0.0262657886322917,-0.4273096872068,0.071298694797095,-0.511956557672768,0.0673757800599873,-0.298202413147959,0.0251182998852989
-0.5,0.1,0.600153048153048,-0.498717863009809,0.0243580004043306,-0.50741719923876,0.0547686591950669,-0.532047021021796,0.0709882032726409,-0.291116565789064,0.0233576950172507
-0.5,0.1,0.600687480687481,-0.509674602069321,0.0241733440713465,-0.382774225118983,0.0382744103715211,-0.491200525335816,0.0663089016491845,-0.285459481944176,0.0260159457536835
-0.5,0.1,0.549564045564045,-0.50457844775092,0.0256285653922363,-0.477842214658467,0.108790985289262,-0.465367033553166,0.0653470003851705,-0.270327945749839,0.0239570107131448
-0.5,0.1,0.561119889119889,-0.53453312554825,0.0255821022805751,-0.59223299831504,0.084952759771535,-0.587307124763862,0.0828281526726244,-0.322150831442269,0.0269387981807631
-0.5,0.1,0.580860220860221,-0.536823044037843,0.0248454704131984,-0.647728977476335,0.0917347438817532,-0.561033409047182,0.0838919584176217,-0.310493115013615,0.0247524949333461
-0.5,0.1,0.617086421086421,-0.481650240006848,0.0234188855649333,-0.379875203842238,0.0530703920945115,-0.450735369993366,0.0474349145740143,-0.299536539802568,0.0264158404906859
-0.5,0.1,0.604019416019416,-0.49781283764044,0.025452879317299,-0.536151002562184,0.0947813173891227,-0.536522811679729,0.0639404606265636,-0.308676675212243,0.0271422295400283
-0.5,0.1,0.611174051174051,-0.451057081386671,0.0222018324249888,-0.371994357761445,0.0239505658527623,-0.424157714340541,0.0538364470096464,-0.282762273836062,0.0226215401953924
-0.5,0.1,0.622184278184278,-0.49335758355171,0.0259174447981809,-0.571694045251282,0.0903711909958525,-0.418028895013513,0.0476300815510471,-0.278937083910725,0.0245635595021547
-0.5,0.1,0.620052824052824,-0.52526915147149,0.0264436918547963,-0.406094322443696,0.0636668374098056,-0.600388909787466,0.111923914189709,-0.318597630524489,0.0241077276660422
-0.5,0.1,0.581973701973702,-0.544805719002003,0.0264172899710225,-1.04652435483359,0.206595012050627,-0.565337085737543,0.0688486492471775,-0.32628325289088,0.0284505069712136
-0.5,0.1,0.601152889152889,-0.548769294750186,0.0247976769568269,-0.44778005741724,0.0565647811099583,-0.533772443795967,0.0687916321545424,-0.322119632987213,0.0266658463812553
-0.5,0.1,0.599993795993796,-0.492775277934478,0.024888437354125,-0.581048003981586,0.0758380781075975,-0.456820829926458,0.0594162955847022,-0.283063654714862,0.0251843601233153
-0.5,0.1,0.594951618951619,-0.478158322506632,0.0224972188457435,-0.439664749540965,0.0679728223644748,-0.49866637130503,0.0581962120684825,-0.294413819312706,0.0238294912897739
-0.5,0.1,0.579585291585292,-0.501960535201466,0.0230015292247331,-0.443932928970467,0.0757887993889009,-0.493022894493003,0.0676222070793542,-0.283630635791322,0.0220687491647712
-0.5,0.1,0.565179613179613,-0.508018669872528,0.0231925054108836,-0.509785238106038,0.0658003341891787,-0.517350359321164,0.0736001672752835,-0.288377552461175,0.0245600970899025
-0.5,0.1,0.588610128610129,-0.525655513148059,0.0251559264351553,-0.448857404936291,0.0764012340489325,-0.598855982466677,0.102909575512009,-0.300827009246639,0.0250646979317637
-0.5,0.1,0.620630180630181,-0.510978831118807,0.0252184930133015,-0.495182374126637,0.097961327348589,-0.43150968392803,0.047582495910483,-0.313230234082364,0.0238386196199909
-0.5,0.1,0.579667347667348,-0.522527040779536,0.0275880320146455,-0.435446578737593,0.0585770864425737,-0.63064044597167,0.100048703720105,-0.314150108263753,0.0294011229674655
-0.5,0.1,0.610676722676723,-0.500538631738831,0.0214698744120687,-0.539104750036785,0.0679972699217553,-0.473030125870843,0.0563000444682149,-0.29173687213762,0.0234985258777295
-0.5,0.1,0.569310917310917,-0.484775023236099,0.0248229080952549,-0.466461603194822,0.0840237077104499,-0.54978329009022,0.100974063740968,-0.271166482709757,0.0233859692179894
-0.5,0.1,0.611106755106755,-0.546081247872625,0.0271576773406315,-0.545886278853833,0.06442759937381,-0.473375167785738,0.0570548031789272,-0.311300613446565,0.0261866222114907
-0.5,0.1,0.601598077598078,-0.503554557841503,0.0229730977130782,-0.470804094517376,0.0638827143542079,-0.523651966641054,0.0640146771407628,-0.307047370098166,0.0251135093773964
-0.5,0.1,0.56162622962623,-0.509797830780686,0.0267833152592968,-0.508299635108106,0.0835220625051837,-0.402039207858168,0.0520359475988833,-0.251823672907687,0.024905905840459
-0.5,0.1,0.589167961167961,-0.525590004998008,0.0261782295601954,-0.447000385480284,0.058300937240543,-0.522012354120072,0.0585150446246143,-0.33132948485012,0.0294691608526248
-0.5,0.1,0.625420249420249,-0.475164746540545,0.0236103449827819,-0.459637100495412,0.0314385768163235,-0.45835340562877,0.0557860032165307,-0.29396981203601,0.0234754919937685
-0.5,0.1,0.574214182214182,-0.499723246483104,0.0238238166899016,-0.632783142270973,0.0856786231453024,-0.429926350168011,0.0553112246088651,-0.255945397508148,0.0234292881501513
-0.5,0.1,0.612141504141504,-0.535731333586275,0.0266277689788272,-0.561906448979694,0.0859604944483276,-0.613551484991754,0.0807139720632012,-0.347560044271337,0.0249013817538617
-0.5,0.1,0.590209214209214,-0.472889165634009,0.02395858828992,-0.539895619485844,0.067912485747172,-0.492820338102709,0.0707489521635489,-0.276170721465527,0.0239183171919804
-0.5,0.1,0.576239688239688,-0.508146427670605,0.0246291546640938,-0.422124037800325,0.065676953799097,-0.404350366799833,0.0464442724077873,-0.29504692575562,0.0231590286078032
-0.5,0.1,0.57234332034332,-0.562913395618074,0.023028672103406,-0.584220365723965,0.0816195303604015,-0.522926656937403,0.0657121972883425,-0.303934775749929,0.0252703602062147
-0.5,0.1,0.580366852366852,-0.501024964648994,0.0249565956443421,-0.508926408312226,0.0633556327249178,-0.572739319967059,0.0975622858304535,-0.293216530079836,0.0245529324252483
-0.5,0.1,0.581288873288873,-0.461242253696316,0.0229564859943591,-0.373809425442966,0.0520038005019786,-0.635350938089287,0.108804737417934,-0.277011126221453,0.0240926104788005
-0.5,0.1,0.567218979218979,-0.493416789429266,0.0233514537866352,-0.577196311865816,0.126362865767231,-0.457287622679883,0.0594159101668693,-0.272525755324569,0.0229644747940443
-0.5,0.1,0.625989937989938,-0.478240467775791,0.0219747138422332,-0.445258026342028,0.0582927852222286,-0.480039967947947,0.049486534483509,-0.320712422984468,0.0206920522268761
-0.5,0.1,0.603078975078975,-0.475720793906797,0.0220828809871179,-0.452419927079363,0.0568652285482973,-0.500522910406044,0.0722538280387825,-0.280825706902484,0.0229092645228249
-0.5,0.1,0.579324771324771,-0.495642731257878,0.0225319071876431,-0.595303873014499,0.0892958786938518,-0.5024247876067,0.0642631470602153,-0.311442194737919,0.02261726907238
-0.5,0.1,0.58369363969364,-0.505478580840869,0.0253330954188456,-0.600449392218982,0.0969727161648983,-0.623235403694397,0.0994067590505197,-0.290215834554372,0.0241679104791225
-0.5,0.1,0.6243546003546,-0.533781609122022,0.0252283098086545,-0.554154205749055,0.073848708640183,-0.488095573503733,0.0638238516103177,-0.303452535696919,0.0250642942752989
-0.5,0.1,0.573148533148533,-0.537526156511406,0.0278934556474262,-0.506846307162511,0.0777856491507477,-0.549249275206376,0.0759429015655537,-0.309891429643107,0.0283132717756838
-0.5,0.1,0.585691857691858,-0.50240783884672,0.0262904260799109,-0.370698155582185,0.0782621674223935,-0.562963041373101,0.0836179099581592,-0.288835602414631,0.0257641886698635
-0.5,0.1,0.613401013401013,-0.477579636604486,0.0277053542278608,-0.505796905522089,0.0864036605406964,-0.429505789076479,0.0489773482552407,-0.285804747174166,0.025838550838364
-0.5,0.1,0.600645120645121,-0.534028937823335,0.027326753094609,-0.39171582216381,0.0657092498951054,-0.552311586992743,0.0717409775652916,-0.319717380791604,0.0251652418036318
-0.5,0.1,0.620423048423048,-0.53530673881345,0.0266772234671023,-0.540822241286861,0.065469586470905,-0.490375674014531,0.0500226041107757,-0.347856905538643,0.026846449103672
-0.5,0.1,0.622199746199746,-0.471137369417228,0.0219107732362829,-0.55878273430738,0.0781952159730469,-0.547454940143177,0.0599329072145422,-0.317872945613985,0.0221820431517431
-0.5,0.1,0.608735240735241,-0.464311039755046,0.0215046680199263,-0.44089563470893,0.0650053955674644,-0.531507589094393,0.0778854371549843,-0.292755686977681,0.019804357345177
-0.5,0.1,0.568156984156984,-0.52173038642652,0.0244773799987234,-0.504921717727651,0.106092320567844,-0.514842606856223,0.0717555744955298,-0.275942170734097,0.0250244943778032
-0.5,0.1,0.595490911490911,-0.500401285848524,0.0232948931205864,-0.480691249879263,0.0620686552892667,-0.453049811565868,0.0434474879245926,-0.306484399597979,0.0231221701209158
-0.5,0.1,0.615980091980092,-0.488424626891322,0.0186450586406613,-0.352479401481969,0.0580238977753938,-0.432973655144029,0.0524234077275592,-0.287763229288881,0.0219607783833281
-0.5,0.1,0.565884205884206,-0.508767626323945,0.0227108895171699,-0.573614615366714,0.0378102595451201,-0.585229634718713,0.0850262185697346,-0.301517497786223,0.0221304364732334
-0.5,0.1,0.608419904419904,-0.50376227993305,0.0262053814252903,-0.521940287329284,0.0906848250704932,-0.534771035500856,0.0731665862650394,-0.3150710033669,0.0244721123579582
-0.5,0.1,0.604580752580753,-0.469228511828893,0.0211881705857844,-0.53388627758758,0.0610025035322725,-0.471101882001906,0.0545165204611043,-0.294319590696485,0.0216275870795683
-0.5,0.1,0.608402408402408,-0.508370676513724,0.0240797575583007,-0.512441018862198,0.129665147624628,-0.57369889150778,0.0941816818322439,-0.310711210831043,0.0244868262848845
-0.5,0.1,0.584106452106452,-0.490547131726349,0.0217191310579703,-0.449703840772327,0.0483510186874476,-0.477855052844875,0.066021771560352,-0.285586290163767,0.0227088304340248
-0.5,0.1,0.593068193068193,-0.486806616054387,0.022570492767978,-0.392496111280005,0.0416020855417794,-0.469651978942759,0.0482027479222675,-0.303701404501952,0.0230762603600618
-0.5,0.1,0.604741924741925,-0.516752781047442,0.0267150112929224,-0.587193292585177,0.0935228578741824,-0.551825014760929,0.0750823981628444,-0.325125604843992,0.0262718610251258
-0.5,0.1,0.58237113037113,-0.485925933704486,0.0232764348564036,-0.62186454790388,0.0721027813477299,-0.407448569176153,0.041222314421518,-0.277881289558907,0.0221711280667289
-0.5,0.1,0.573104337104337,-0.520344871580456,0.024225638453831,-0.614827662923563,0.107309096474911,-0.517733018727848,0.0647785534738962,-0.289551962989396,0.0258853286778358
-0.5,0.1,0.551059547059547,-0.477406088318278,0.0225397863617962,-0.496688943608944,0.0750318771866433,-0.57588093519257,0.102697119279899,-0.265499453549516,0.0242103452656702
-0.5,0.1,0.615867087867088,-0.46277037258226,0.0250592524470691,-0.47602711779764,0.076903879333413,-0.526358452894535,0.0650531228988734,-0.297288507749786,0.023159263958124
-0.5,0.1,0.597614505614506,-0.511795275422959,0.025558956824919,-0.468613324343355,0.0681970546389632,-0.430607669153533,0.0486026888349269,-0.283871913153529,0.0255697760863305
-0.5,0.1,0.605367989367989,-0.503704393678554,0.0251372816942847,-0.421080013247534,0.0584412748589071,-0.505622803051848,0.0636797647284503,-0.291903186535248,0.0232097273466561
-0.5,0.1,0.619793695793696,-0.510769318990246,0.0233054150109376,-0.307043132380077,0.0533109059371189,-0.436858671766402,0.0446050654062104,-0.301927439452481,0.0251314544438356
-0.5,0.1,0.607845163845164,-0.53518863684226,0.0253785268724849,-0.58980610284095,0.0514577899148506,-0.514832992975525,0.0548257843650962,-0.336882111601098,0.0267458490257112
-0.5,0.1,0.611423051423051,-0.518308607464065,0.0242736140041159,-0.33915303022332,0.0633671004549288,-0.525231575633298,0.070497951629261,-0.303024636618368,0.0249050152810258
-0.5,0.1,0.620549216549217,-0.569244840729454,0.0280546739471594,-0.438239315910487,0.0845777842679402,-0.685346137860399,0.109425949770479,-0.351190651049514,0.0275945473606523
-0.5,0.1,0.616580032580033,-0.529597215939304,0.0246064169277046,-0.497177265675215,0.0668117072951188,-0.597583264967019,0.0828494038403126,-0.299634189025398,0.0249533836366684
-0.5,0.1,0.560872436872437,-0.484013579981633,0.0240123619392367,-0.537253216971728,0.0883798760311326,-0.439558764749424,0.0584273238400143,-0.283501175876447,0.0229988923514173
-0.5,0.1,0.581270417270417,-0.52778043212729,0.0254030981425601,-0.548654001764955,0.0723310278497399,-0.492118758924064,0.0588723553717892,-0.313760452885208,0.0263030151791726
-0.5,0.1,0.577740517740518,-0.488221107283985,0.023039698841075,-0.417498096982756,0.0658895211177988,-0.594276781790639,0.0942935659190706,-0.283770060064252,0.0224561181778777
-0.5,0.1,0.580405984405984,-0.461895537810867,0.0220021449030854,-0.386464449767066,0.0588918224644749,-0.792985878640378,0.206554568507815,-0.28246394565422,0.0214466527400627
-0.5,0.1,0.544095316095316,-0.512891393005826,0.0255912565919566,-0.717702335447699,0.123308316912029,-0.511186578934471,0.0680938097489399,-0.291814284663605,0.0244259054942261
-0.5,0.1,0.634014994014994,-0.45588995149992,0.0210862363229026,-0.402484560568223,0.0547104189943404,-0.422958404787523,0.0464666501370819,-0.276354145735416,0.0239208808808857
-0.5,0.1,0.581944601944602,-0.496243900832502,0.0278092899627038,-0.436826791134486,0.0604606354223212,-0.656957541712471,0.104115258404994,-0.308138248330737,0.0265426626405129
-0.5,0.1,0.584487392487393,-0.505999732847196,0.0257129574030011,-0.430619146390659,0.0533647033115341,-0.526055515683843,0.0644702531570306,-0.315484076305395,0.0247054839065983
-0.5,0.1,0.623217575217575,-0.494025898199618,0.0231929245069769,-0.547838181893193,0.0796162641022506,-0.480084133420779,0.0548173906590284,-0.308929710139031,0.0239305627670966
-0.5,0.1,0.604395796395796,-0.503381264086179,0.0251099649188967,-0.49197682765484,0.0751939968307609,-0.489501153885379,0.0492258450615796,-0.314757997610337,0.0253037484940302
-0.5,0.1,0.624760800760801,-0.48194085425488,0.0238049699683154,-0.508484884242445,0.0810843591541874,-0.535388641327056,0.0862326642301972,-0.289108218369608,0.0219120916294849
-0.5,0.1,0.610074694074694,-0.459864652955313,0.0208514242982667,-0.4366525945547,0.0852663367337017,-0.635884683323927,0.118202013200938,-0.294579302914492,0.0222516379353435
-0.5,0.1,0.59451591051591,-0.476031539891191,0.0244340771907637,-0.592388945393854,0.0682766136074325,-0.404490239728376,0.0392973400212493,-0.286255800904475,0.0228751975463225
-0.5,0.1,0.601830985830986,-0.541857077595435,0.0265610208870673,-0.595000284489446,0.0847016345272547,-0.578100198202392,0.0749757690961837,-0.32603828352501,0.025520311209466
-0.5,0.1,0.608413808413808,-0.457735658648237,0.023649086260084,-0.350602403482843,0.0570281430814361,-0.522980841296995,0.0700950098137154,-0.306483074092871,0.0231125517794139
-0.5,0.1,0.58553664953665,-0.504423475211982,0.0259860034514067,-0.535186287089486,0.0808357555843122,-0.496305288331081,0.0607642233831586,-0.306117352756895,0.0248391106873036
-0.5,0.1,0.590647910647911,-0.512396747424487,0.0249235033721562,-0.424470035633164,0.0658774151794191,-0.484746869065137,0.0696205615031793,-0.3018459651183,0.0250514585395001
-0.5,0.1,0.560128808128808,-0.558035924517571,0.0263448564818736,-0.507555373171607,0.0599181765068774,-0.617981250961827,0.115129164278467,-0.308912853578882,0.0277145049669054
-0.5,0.1,0.600157824157824,-0.471592779990978,0.0239424205312171,-0.392299622788166,0.0445539520508097,-0.551742812794927,0.0849815994120085,-0.279248231199029,0.0237140305786169
-0.5,0.1,0.593759417759418,-0.530966352671636,0.0239451421126832,-0.448038193697573,0.0619179645469032,-0.559426057872987,0.0765327802620417,-0.303627440485104,0.0240773520700214
-0.5,0.1,0.5724431004431,-0.534990286669579,0.024868670958498,-0.594689484851232,0.0810572685745201,-0.579829027947339,0.0964126238760273,-0.280987197954353,0.0259004069209737
-0.5,0.1,0.559434487434487,-0.497313472663053,0.0250317490195891,-0.406052264442991,0.0807783678274036,-0.649311129224618,0.114658386829748,-0.30117408104182,0.0248524565776946
-0.5,0.1,0.596669840669841,-0.489668826124121,0.0221771783617729,-0.438805404075202,0.0581540477326618,-0.393064048893644,0.0440046247709807,-0.290715513952888,0.0237043943650396
-0.5,0.1,0.606788874788875,-0.444170050576005,0.0230332195346119,-0.370641256626025,0.0739717694098422,-0.502581703420088,0.0667019655563871,-0.285412306788158,0.0227235240892997
-0.5,0.1,0.603309843309843,-0.514267330632131,0.0232002656759893,-0.525760622595565,0.0889791762910356,-0.556468091738983,0.0598342556572748,-0.331910275297221,0.0249132155399249
-0.5,0.1,0.544903588903589,-0.472139830041847,0.0210532049244682,-0.476462928642763,0.06120300849021,-0.767551120811553,0.193228743809786,-0.271192671868591,0.0234697230401664
-0.5,0.1,0.568249156249156,-0.522182196639504,0.0214382200979361,-0.469628784005049,0.0666632308732053,-0.568253660258055,0.0750876282909646,-0.313464672753845,0.0229465730566127
-0.5,0.1,0.60046536046536,-0.487138067694396,0.0224491068889274,-0.49250518649544,0.0753459779142587,-0.588231037309287,0.0829988595452697,-0.325216498304449,0.0236566417605095
-0.5,0.1,0.606818406818407,-0.469495432557408,0.021210460391072,-0.467998450249488,0.076145718986039,-0.566778487732602,0.0833151641791231,-0.29404972427482,0.0238511379019437
-0.5,0.1,0.599562143562144,-0.496489808864969,0.0242003342576085,-0.609732776765971,0.0812459925417839,-0.425877801019293,0.0528634787968201,-0.268797991531429,0.0248287590804256
-0.5,0.1,0.584242472242472,-0.527686347086475,0.0245492715111138,-0.586833292625572,0.0733034826186932,-0.59048397489316,0.0891904296379791,-0.295289504933238,0.0244486693079982
-0.5,0.1,0.576301956301956,-0.470034937209872,0.0246141229046884,-0.491462215848876,0.0794042672148222,-0.431577219751359,0.0541938152813664,-0.25921281725907,0.0245663723491848
-0.5,0.1,0.594448806448806,-0.506849190035188,0.0233727324046403,-0.69606889030899,0.113567320398637,-0.499357689514668,0.0663088282294113,-0.276411224972938,0.0234568196616473
-0.5,0.1,0.585407601407601,-0.517424592773254,0.0230929978633685,-0.515591280085648,0.0527189327241221,-0.482654286598639,0.0612620855923364,-0.302458542481131,0.0212623428301497
-0.5,0.1,0.588807024807025,-0.504191951597953,0.0240875942289494,-0.438988965446461,0.0441755319250057,-0.546178877743031,0.0693631688047337,-0.289658082098993,0.0244986776183702
-0.5,0.1,0.618386034386034,-0.494839543953986,0.0247685742755986,-0.447406386666184,0.0623253448987037,-0.533894590324568,0.0683105208221738,-0.317658989873166,0.0248949448256456
-0.5,0.1,0.626785298785299,-0.49469221871982,0.0230720334294744,-0.394224185928062,0.0753480995037464,-0.573275808321645,0.0898292459748471,-0.318668422071935,0.023392812955438
-0.5,0.1,0.606350538350538,-0.489794378637529,0.024378907523197,-0.447282983709913,0.0633400251707314,-0.523511950794878,0.0645709666277789,-0.309120104788077,0.0242562355961097
-0.5,0.1,0.579596151596152,-0.476508743373119,0.0225909740605945,-0.434251118263341,0.0779878656857557,-0.439781015402845,0.0701132617698939,-0.250849262334364,0.0248884062734438
-0.5,0.1,0.616827856827857,-0.494091713940819,0.0208419419391447,-0.563273642009985,0.0709465493601521,-0.400489067041712,0.0498286711529696,-0.287060456731874,0.0256938350625005
-0.5,0.1,0.599548451548452,-0.513576681284079,0.0262915089084502,-0.613505391172481,0.0881509533140993,-0.492165773732632,0.0571971909365764,-0.293922718157469,0.0247871404836851
-0.5,0.1,0.585698313698314,-0.511759647251568,0.0237099868556674,-0.602211891425864,0.0990224775076637,-0.488395416043383,0.0569204902908055,-0.305173913632934,0.0269816395343499
-0.5,0.1,0.58379455979456,-0.541653624737019,0.0243725942591044,-0.322418746350662,0.0356552408599531,-0.542040012889945,0.0719300448098907,-0.312878818880112,0.0249983557374277
-0.5,0.1,0.598951906951907,-0.519828898514141,0.0261125448887768,-0.561262281551003,0.0933240295065189,-0.546509976803411,0.060337987404064,-0.34757804608113,0.0267739535781264
-0.5,0.1,0.606286326286326,-0.538397164506926,0.0291537743089846,-0.545965052493156,0.0659836729897467,-0.514921984593885,0.0720371257367275,-0.301460217245204,0.0263734174008638
-0.5,0.1,0.598784686784687,-0.50051939260405,0.0243093589029427,-0.40513808784699,0.0629001398255505,-0.586283740722047,0.0900021398455314,-0.305811917191684,0.0244753277495613
-0.5,0.1,0.588045696045696,-0.506627247337894,0.0252579756415379,-0.564373102968216,0.0606868366032255,-0.445128475167086,0.0516453906626956,-0.289028416214053,0.0245565544215696
-0.5,0.1,0.581442257442257,-0.515368885854806,0.0258007594413407,-0.58770639300517,0.0905608038521929,-0.605430705870328,0.0950528516709058,-0.312197127367044,0.0258510539725202
-0.5,0.1,0.636488664488664,-0.549225485838204,0.026878002139726,-0.563627551543905,0.0754390990895244,-0.522284305117812,0.0528315437569463,-0.350297781245018,0.0267973032624155
-0.5,0.1,0.585258333258333,-0.468377333374524,0.0239961121996845,-0.461887454613315,0.0893681108458504,-0.481505887145739,0.0654110392949576,-0.27932777710291,0.0208152396949783
-0.5,0.1,0.563950871950872,-0.455266377484111,0.0239295595202535,-0.364783144773613,0.0594733855121033,-0.607980385004624,0.109613806664138,-0.27027384393435,0.0219068761136854
-0.5,0.1,0.631042963042963,-0.548324864157376,0.0247847221388567,-0.433915191863216,0.052603313464899,-0.497688060522956,0.0526597637107689,-0.340197956777524,0.0263340813155172
-0.5,0.1,0.573579213579213,-0.454490104861838,0.0215373753076751,-0.351528512520791,0.0609782751595789,-0.447762354767771,0.0764894439770551,-0.217044255407969,0.0213165704985082
-0.5,0.1,0.572603984603985,-0.50884337545608,0.0235427906697446,-0.584127168677098,0.100791630184121,-0.422863705535564,0.0460979786541718,-0.278961665673536,0.0246453381133086
-0.5,0.1,0.565229773229773,-0.514906825093264,0.0253117351199775,-0.502018441517822,0.0857285906564647,-0.529913586980605,0.0613711386865746,-0.311201811891359,0.0249038133551592
-0.5,0.1,0.598369474369474,-0.498793259952754,0.0241329183721163,-0.487380202438958,0.0640547616221131,-0.493926854911521,0.070014031879796,-0.303748891075272,0.0237007375599991
-0.5,0.1,0.567160947160947,-0.517014379769941,0.0236206087634629,-0.582135866683617,0.0720086409911966,-0.514728291730301,0.0666630453449356,-0.292060956202206,0.024798448692153
-0.5,0.1,0.618637278637279,-0.487262078683229,0.0221319898234754,-0.406369095202305,0.0808086586365135,-0.519548626700752,0.0697734949261079,-0.29061347912706,0.0223090681372144
-0.5,0.1,0.579003471003471,-0.504270368831539,0.024477444690694,-0.435846746155253,0.0431483585516845,-0.587066552720667,0.108938051294246,-0.299493248326172,0.0257405088202125
-0.5,0.1,0.592259836259836,-0.531765682807427,0.0267604546680376,-0.545576542174889,0.068958491621827,-0.577309462565378,0.082182489399398,-0.308973074251866,0.0264285449797282
-0.5,0.1,0.547357831357831,-0.492682565698261,0.0243728751625726,-0.590738593838575,0.111925689903775,-0.494526550350902,0.0753725884611994,-0.257550144061437,0.0264580993770572
-0.5,0.1,0.572746748746749,-0.522473551818395,0.0220413666515305,-0.560642249813002,0.0691953221525398,-0.59881353017314,0.09540729628333,-0.300790040854256,0.0241788315630748
-0.5,0.1,0.590347478347478,-0.513831940932547,0.0260790554942051,-0.45842295505345,0.0842368634231381,-0.543988312943272,0.068030597982732,-0.319941785658873,0.0243310279998784
-0.5,0.1,0.626449202449202,-0.539892759083972,0.0256681909794005,-0.534029333011067,0.0947772964447434,-0.583279855708166,0.0792160106896648,-0.330084342825572,0.0227916911227477
-0.5,0.1,0.583864915864916,-0.531796172123234,0.0251018227690915,-0.515590850574756,0.0886358602657213,-0.450329867958725,0.0620763894550641,-0.28212810776845,0.0244227994800125
-0.5,0.1,0.57209444009444,-0.5501741268132,0.027679235861286,-0.562953009327238,0.105518209662422,-0.525983963337284,0.071263842307075,-0.316463974594682,0.0262877707682239
-0.5,0.1,0.62826076026076,-0.477639306328635,0.0241858277446404,-0.377640423966802,0.0545053319125509,-0.449786552906782,0.048914352021134,-0.311245265200255,0.0239589907386698
-0.5,0.1,0.562034266034266,-0.501206548144715,0.0257032038258546,-0.500711409477976,0.0903376415283313,-0.500625198800694,0.0630790231179594,-0.281274656613174,0.0252797796009897
-0.5,0.1,0.59179053979054,-0.508161997770266,0.0256884614747635,-0.535729519246806,0.0371109320399336,-0.64968429730794,0.107362172953459,-0.314122349474835,0.0250556610276618
-0.5,0.1,0.621029109029109,-0.475357433993901,0.0258389410948139,-0.372071875358718,0.0523206593537314,-0.520947422892698,0.0702913655575035,-0.300143198144398,0.023935935660905
-0.5,0.1,0.588010932010932,-0.510251253797126,0.0239712819207621,-0.553840090264525,0.105089975768213,-0.532618540114649,0.0574036901158696,-0.317534051858291,0.0246851151854028
-0.5,0.1,0.593512973512973,-0.496467517936649,0.0237835687665116,-0.383985740265393,0.0489535719284123,-0.57997085388695,0.0821112215392071,-0.296567075572126,0.0228077181485653
-0.5,0.1,0.567348711348711,-0.534206819607493,0.0251553494735402,-0.611859123795776,0.0859133484821388,-0.538777180936586,0.0694613045968849,-0.30454604529114,0.0255558278922816
-0.5,0.1,0.656549684549685,-0.532226859694597,0.023911098394988,-0.679316018687477,0.0931322362854847,-0.552257834834328,0.0776395299407321,-0.321277556619061,0.022900789391237
-0.5,0.1,0.570993030993031,-0.46708067618692,0.0248128902871772,-0.355463500027681,0.0544894556611517,-0.425414491751219,0.0494395872904982,-0.27382013389335,0.0219525340212488
-0.5,0.1,0.62010488010488,-0.506717118374165,0.025204664527628,-0.517700767212426,0.0734908088853507,-0.48898462704266,0.056400122270501,-0.29653707475492,0.0261964463019892
-0.5,0.1,0.63030417030417,-0.497045214208109,0.0216847195627038,-0.524443716225027,0.0850726814074661,-0.50599230238666,0.0595264415128614,-0.307708296254666,0.0233424410522449
-0.5,0.1,0.642087954087954,-0.484922133515599,0.0235621799827824,-0.622569880168662,0.140168787515143,-0.462340530065378,0.0546968087662823,-0.300367243968841,0.0231069357547946
-0.5,0.1,0.557678357678358,-0.514617730286013,0.0252488453211143,-0.491442171161507,0.0641008335570683,-0.447498192001645,0.0604905269719602,-0.271718356578184,0.0254046564362473
-0.5,0.1,0.563293139293139,-0.53167773708507,0.0245696031187307,-0.575624472318006,0.103600732569013,-0.632463928503116,0.106235708111761,-0.301677423427567,0.0237826425269178
-0.5,0.1,0.567586311586312,-0.487075310923971,0.0222433270992981,-0.457530997407443,0.0603016968767786,-0.499263609295497,0.0708742456060869,-0.282403263334873,0.0245999196354411
-0.5,0.1,0.590843762843763,-0.537965356714985,0.0262889706966525,-0.738727539073213,0.113558086145618,-0.494190197977455,0.0615115437317976,-0.300613830469217,0.028674988042744
-0.5,0.1,0.605836553836554,-0.506558187996549,0.0230923296250419,-0.527360256049919,0.0749787483058831,-0.613821295341503,0.114641143886089,-0.286844690699618,0.0247901268969521
-0.5,0.1,0.596601176601177,-0.458961223117819,0.0208055526385207,-0.419424635133686,0.0577379232316095,-0.463405135222782,0.0576248079792897,-0.273394184760722,0.0226058969163192
-0.5,0.1,0.556342228342228,-0.474159321559588,0.0228507440800024,-0.491405221238271,0.0867618832539314,-0.465324374648737,0.0780636399318859,-0.257063771966215,0.0226408559258324
-0.5,0.1,0.630496986496986,-0.472954716238593,0.0216008583271764,-0.53250217323835,0.0797430126498871,-0.481205368266517,0.0514803914291077,-0.304376111613701,0.0224493351588525
-0.5,0.1,0.643389931389931,-0.490929658858321,0.0255016477877881,-0.376621537385666,0.0740451615871448,-0.50591304355839,0.0579113365099589,-0.322843782306813,0.0262745313606159
-0.5,0.1,0.597798801798802,-0.474466757794677,0.0189175974655402,-0.537466906792836,0.0985507868561976,-0.422716677851946,0.0376297963518798,-0.297343331589604,0.0225041323882506
-0.5,0.1,0.572733080733081,-0.505946559184214,0.0240247554900966,-0.561011488197498,0.0845975384208914,-0.516217979482909,0.0648730750691736,-0.304491988921248,0.0259529222690306
-0.5,0.1,0.596610428610429,-0.481897783053347,0.0240589238680735,-0.344217674963716,0.0720178296994367,-0.47526080752359,0.0548337411741464,-0.289412583613707,0.0236728035744356
-0.5,0.1,0.621004593004593,-0.495751879156021,0.0236231685901016,-0.374305117193363,0.0613523019546067,-0.536344296343439,0.0653618120296197,-0.323867738679594,0.0250559283248612
-0.5,0.1,0.593140733140733,-0.439993927546228,0.0216889032607641,-0.434657257036479,0.0514440430958216,-0.454005875515512,0.050817756869229,-0.267424736363264,0.0211022227884666
-0.5,0.1,0.597901053901054,-0.516254211557629,0.0248737099613937,-0.607713803792731,0.101336562471991,-0.43787367900325,0.0481694115488374,-0.2979777119086,0.0247759277515926
-0.5,0.1,0.605036669036669,-0.511040126891134,0.0245362401534194,-0.414877471296127,0.0473490920646691,-0.454332968376699,0.0463172269076074,-0.301864553298303,0.0229218190048016
-0.5,0.1,0.607861951861952,-0.51889009058604,0.0252531233412636,-0.587282282751843,0.0824984541172053,-0.543225624814958,0.0673682352630195,-0.310839849132004,0.0256088384888072
-0.5,0.1,0.56580730980731,-0.496423482180322,0.022290966386348,-0.545565193907506,0.0749408359833338,-0.59159401777032,0.1071371166487,-0.2797554910617,0.022536933369029
-0.5,0.1,0.609512037512038,-0.493773116607848,0.0257368403817728,-0.789989116613486,0.134540846660395,-0.625256450658223,0.103411585004959,-0.294096951102701,0.024215243881259
-0.5,0.1,0.629499533499533,-0.493888893466604,0.023083670963487,-0.375648403499432,0.0516038355344761,-0.473602823495939,0.0620490299235711,-0.30389880232131,0.0244842576199146
-0.5,0.1,0.569272505272505,-0.518223099757223,0.0246905005687168,-0.701895232421481,0.125700124596696,-0.435400135318539,0.0490617645245636,-0.295386926827381,0.0242777717767098
-0.5,0.1,0.598910038910039,-0.502141893450877,0.0243893104446769,-0.568800468601679,0.101438007768615,-0.571982332038708,0.0873411333691458,-0.294952010641492,0.0248204860418858
-0.5,0.1,0.610987486987487,-0.482058611026833,0.0269646384619636,-0.390026383992128,0.0819041971483729,-0.442586924341324,0.0463352669943501,-0.294443224333631,0.0247109938967119
-0.5,0.1,0.610552426552427,-0.496226416973242,0.0257836270110174,-0.400353092477996,0.0676216674162088,-0.480350502637425,0.0626195265773788,-0.295155416987756,0.0239570298942115
-0.5,0.1,0.645237297237297,-0.525742052279141,0.0246546074773953,-0.510478653808179,0.0899200202875564,-0.526124568977024,0.052266080193661,-0.345712994125404,0.0262615295203654
-0.5,0.1,0.597749625749626,-0.511657274822424,0.0236319868188933,-0.546936178714916,0.0941928516347918,-0.53793451130986,0.0642972296650283,-0.317002213190062,0.0230816976712919
-0.5,0.1,0.574863442863443,-0.471911815470875,0.0242362058446655,-0.496705271698731,0.0771092417868903,-0.518589068360818,0.0797758207016973,-0.257516028994919,0.0230772846863508
-0.5,0.1,0.579616251616252,-0.479961870192028,0.0228140827533928,-0.452387217591308,0.0833609005009964,-0.558399841376713,0.0761679991473323,-0.301565375216953,0.0258243832186853
-0.5,0.1,0.593216441216441,-0.504289462856845,0.023488723597902,-0.575688953874256,0.085423677751383,-0.598602949084684,0.0955899198896866,-0.28787650455016,0.0248423773978422
-0.5,0.1,0.586022458022458,-0.483066281047591,0.0222999890621079,-0.574617008554052,0.0629875750264354,-0.499847693842237,0.0590998212021333,-0.293129135397695,0.0241536282032919
-0.5,0.1,0.603439923439923,-0.47338957211641,0.0231156300354048,-0.475862372673637,0.0532188986392671,-0.467622829068905,0.0598472329234598,-0.268297382932423,0.022820455957172
-0.5,0.1,0.599651291651292,-0.454073320032483,0.0226308437292308,-0.538413642573584,0.078578216341251,-0.412858739207078,0.0504022120467738,-0.271857615864785,0.0232213469182577
-0.5,0.1,0.582222714222714,-0.457502316059799,0.0213313871628924,-0.37397250292523,0.049729753112009,-0.479880294540303,0.0701925638028818,-0.277265655458999,0.021373360413765
-0.5,0.1,0.581493281493281,-0.530176530601838,0.0270127645145003,-0.536516855500694,0.142361758726542,-0.610045558032139,0.0948647373384784,-0.321282648306524,0.0272929157730009
-0.5,0.1,0.584472584472585,-0.505636648385346,0.0278496268475467,-0.429061258571116,0.0462671901809164,-0.574780350306549,0.0981402412308844,-0.278765507956238,0.0258639340758978
-0.5,0.1,0.601409173409173,-0.493352266722675,0.0220287852570591,-0.541666928575242,0.0620154234127699,-0.498124343494939,0.0610213271137031,-0.297459768426295,0.021344421687929
-0.5,0.1,0.545148761148761,-0.477109779403294,0.0241834354540701,-0.580542376244005,0.0842293411186394,-0.564913784121937,0.106009491448655,-0.261862175568632,0.0243012460718398
-0.5,0.1,0.540988056988057,-0.504662135157425,0.0220764829325168,-0.518963977295255,0.0812657356581882,-0.489569780961655,0.0724731716113971,-0.273176303168025,0.0234333594717169
-0.5,0.1,0.609737025737026,-0.503925841169266,0.0224200631878085,-0.525731528731274,0.0681098063883793,-0.470940762473699,0.0587090792805495,-0.276115044046361,0.0251535268321903
-0.5,0.1,0.626198834198834,-0.52734396606234,0.0224600060574219,-0.38664881385348,0.0841832081970718,-0.557175536888372,0.0654347130599197,-0.356382811781416,0.0246265647464514
-0.5,0.1,0.575174495174495,-0.544369028707488,0.0250950912801728,-0.694945433048047,0.066084069578406,-0.469145465943605,0.0484401346863152,-0.314784649358706,0.0257031818089316
-0.5,0.1,0.571601335601336,-0.522196716775419,0.0253576092145863,-0.540058542499339,0.068191382849085,-0.524055631038265,0.0709593400605393,-0.308096110067795,0.026854992647043
-0.5,0.1,0.613509517509517,-0.484164591440201,0.0223497909165797,-0.46288872721958,0.0648480034788838,-0.561080097817271,0.0849868057198834,-0.288542525905195,0.0231865367210826
-0.5,0.1,0.591705915705916,-0.493959139698694,0.0272607965687597,-0.499284049426953,0.0656605789569925,-0.479578602016102,0.0551321416218975,-0.300244767945157,0.0258040579245095
-0.5,0.1,0.6203846003846,-0.515518050012523,0.0237141404071295,-0.459450332598217,0.0829896232924406,-0.524261466712004,0.0680105594802465,-0.315793205698102,0.0248503869927061
-0.5,0.1,0.59434587034587,-0.532616542595991,0.0251000138411049,-0.788948040100928,0.113529655063977,-0.455733601749585,0.0453340582643953,-0.303424643947702,0.0221956261613707
-0.5,0.1,0.591099207099207,-0.48707741367456,0.023543130068858,-0.458974755463216,0.0764577331270133,-0.38450811352021,0.0432029244848705,-0.265984109276529,0.0246345899615569
-0.5,0.1,0.559435147435147,-0.51697703053061,0.0238874644235625,-0.436070527381438,0.0573079921003723,-0.506720959514591,0.0603649719381886,-0.295993214896038,0.0276119874753528
-0.5,0.1,0.57420487020487,-0.485764301614052,0.0251306468954659,-0.557490587932363,0.0669121405865335,-0.461365908819092,0.0619470700138725,-0.271342326614067,0.0260841876966047
-0.5,0.1,0.653520677520678,-0.539853137493394,0.0262688890113037,-0.408074652381218,0.026707088134798,-0.519393479072973,0.0632536184281959,-0.321379990945248,0.0248495163654772
-0.5,0.1,0.576221832221832,-0.504268628617255,0.0241495114502979,-0.3913437220426,0.0664935166499063,-0.477764532778863,0.0676751051292079,-0.272442134894871,0.0234864325351032
-0.5,0.1,0.618879258879259,-0.481749885404571,0.024901571615153,-0.557747883085453,0.0879724367381897,-0.494481018664779,0.0540300799640769,-0.319129629737816,0.0243602103979867
-0.5,0.1,0.581147885147885,-0.52245727436407,0.0237652246849619,-0.540893893477525,0.0820324566930379,-0.432482536079336,0.0464249769392212,-0.298323983167663,0.0249898831499403
-0.5,0.1,0.57002757002757,-0.498162756344936,0.025513690551801,-0.522285989433176,0.0811080894967404,-0.532926582934568,0.0626936260268735,-0.308986920158606,0.0236650296873406
-0.5,0.1,0.594835662835663,-0.478035903450182,0.0230105708035206,-0.475187999611342,0.0587373899368757,-0.440542140119563,0.0561546461255449,-0.262548867692264,0.0234783533775523
-0.5,0.1,0.623963315963316,-0.481547975010753,0.0265736325772025,-0.504823383154972,0.0491323914939461,-0.47040372607505,0.0552831708023178,-0.312780468927598,0.0249777915583161
-0.5,0.1,0.616933816933817,-0.481036021521852,0.0212120869839743,-0.483504713246515,0.074022171899957,-0.473253228647186,0.0473439643959372,-0.300803621738702,0.0238054024629407
-0.5,0.1,0.577250617250617,-0.458812251975352,0.0225532103282198,-0.454511796053686,0.0467788219537441,-0.516925626876406,0.0838291620031195,-0.270900192627327,0.0228255189172343
-0.5,0.1,0.605158241158241,-0.506376318304069,0.0259214702376857,-0.409505387907997,0.0799418997908794,-0.537512257671264,0.0617660941616374,-0.323870889646737,0.0248065090658157
-0.5,0.1,0.627052167052167,-0.488591353067525,0.0240870917894033,-0.567812026441768,0.0963234704666571,-0.538610276204872,0.0671711835543048,-0.311641023968814,0.0254723821849609
-0.5,0.1,0.568036636036636,-0.500617655273661,0.0247299149780312,-0.362866099453207,0.0526067060713942,-0.460046734009663,0.0597752488176113,-0.271265529740296,0.0242783733529002
-0.5,0.1,0.579003339003339,-0.509066314254013,0.0233728003562667,-0.406455177299096,0.0615460951004874,-0.60587910000795,0.0845894970640024,-0.323365487516613,0.0250686512299177
-0.5,0.1,0.576294192294192,-0.52806331933445,0.027201768907785,-0.405306058922461,0.0691502523074408,-0.530246361018572,0.071739018608142,-0.288735374161614,0.0266871401135896
-0.5,0.1,0.615788871788872,-0.478654051166591,0.0253904150298499,-0.465750793484901,0.0741199329099112,-0.460423930805483,0.0529004822593224,-0.290269074877672,0.0244303180434035
-0.5,0.1,0.619851331851332,-0.503421592519883,0.0236941114817492,-0.552369621053403,0.0994321448990686,-0.498021029234736,0.0519045188169858,-0.319530087932781,0.0206531646368238
-0.5,0.1,0.594893406893407,-0.530655625609756,0.0229338649998705,-0.708482632171247,0.0937489347261074,-0.502324963587462,0.057882068161576,-0.313602452935573,0.023694911034654
-0.5,0.1,0.593243093243093,-0.47902408724232,0.0212872767576142,-0.451009060708256,0.0486373892248094,-0.410545736912185,0.0414229149152235,-0.274538043690721,0.0237107531704862
-0.5,0.1,0.628973260973261,-0.520995960658885,0.0286819115388107,-0.603277277923669,0.0968631813546173,-0.52571997106261,0.0576591057318049,-0.336883387536401,0.02663520740061
-0.5,0.1,0.606289194289194,-0.486942351978757,0.0228602300479735,-0.358948635202043,0.0730267140662884,-0.619495889651897,0.105578506339888,-0.31260330984222,0.0234430941179712
-0.5,0.1,0.57368724968725,-0.514977410344871,0.0222474151473241,-0.477200248264043,0.0645310936597146,-0.381818774524971,0.0398474095740619,-0.279111004363395,0.0245595822000473
-0.5,0.1,0.630899586899587,-0.514432896180213,0.0274275083384884,-0.465903467102069,0.0560884173835444,-0.476558633874708,0.060645311403617,-0.295025688948747,0.0256740373899743
-0.5,0.1,0.588432468432468,-0.512085949471251,0.0247886587324991,-0.553018343461728,0.100620044527969,-0.519112687050227,0.0697169804217481,-0.270344038722799,0.0238092686707918
-0.5,0.1,0.574492918492919,-0.481387062343234,0.0221074319173971,-0.397189521689673,0.0585032295684483,-0.412554711250085,0.0546997578810669,-0.262731549763399,0.0246201091134464
-0.5,0.1,0.585102189102189,-0.518597281373978,0.0261620623097393,-0.471557797572352,0.0730615517132901,-0.634988498948539,0.106788301946626,-0.304724271711151,0.0248421273312871
-0.5,0.1,0.562619710619711,-0.448003615362006,0.020739513235835,-0.411570555072196,0.0688524722162882,-0.508769769017196,0.075671941265753,-0.259638098677966,0.0225143933915098
-0.5,0.1,0.596842196842197,-0.500063688220334,0.0217779718918556,-0.404133677560258,0.0417073111179978,-0.536215160687585,0.0824788291382327,-0.285333922317934,0.0236259822941229
-0.5,0.1,0.579792771792772,-0.475712074348635,0.0217894810733596,-0.471340894041504,0.0471867597565384,-0.422858819672417,0.0496884360249464,-0.277102018373768,0.0226105037893866
-0.5,0.1,0.58596348996349,-0.550320527991303,0.0272600891726644,-0.673601488231606,0.115402507133701,-0.449467282406107,0.0468450220740049,-0.310381448988836,0.0267797739601082
-0.5,0.1,0.569633225633226,-0.513940469451665,0.0270394378493701,-0.463963911627812,0.0557786175659306,-0.432690317049523,0.046999814209503,-0.28644125422663,0.0232655113107405
-0.5,0.1,0.617313185313185,-0.441018457120146,0.0217354164944501,-0.538049996330521,0.0531844773778419,-0.431099075195165,0.043635403080081,-0.282913987370874,0.022261833762549
-0.5,0.1,0.603484755484755,-0.511446824350441,0.0242476138979662,-0.457238811761262,0.05850025475433,-0.4958429512994,0.0529199901628941,-0.297575771764861,0.0225620461676136
-0.5,0.1,0.633098133098133,-0.495230995904432,0.0238876101607433,-0.538325396570571,0.069428474257901,-0.518684530823982,0.0539730809994172,-0.329293625005587,0.0244391945091188
-0.5,0.1,0.624227052227052,-0.487497793299537,0.0212241620461209,-0.406114820954625,0.057484837325198,-0.510108735223716,0.0596433094234657,-0.308880557160425,0.0242890859925872
-0.5,0.1,0.553553533553534,-0.498854090342297,0.0251765316509538,-0.418882905789093,0.0611101916044857,-0.423755647397583,0.0474419504103124,-0.273792779674098,0.0249177200630526
-0.5,0.1,0.584550152550153,-0.49679565190211,0.0230982148711125,-0.647116044269682,0.096878659379929,-0.581565209696429,0.0928003519209106,-0.298081569321355,0.0222987202265743
-0.5,0.1,0.591659031659032,-0.482881601931855,0.0218884506168578,-0.505792548545496,0.0850110320772251,-0.461525212653462,0.0538349236923845,-0.291445319201182,0.0225141063995045
-0.5,0.1,0.606509346509347,-0.492160782863085,0.023889190481499,-0.598170766910079,0.0715392401163578,-0.487019121175209,0.0632588413535975,-0.279428534775213,0.0255943607828754
-0.5,0.1,0.60568124968125,-0.472100460212047,0.0237790442471542,-0.478211597456325,0.0772463055360671,-0.436499089979117,0.0524077208798059,-0.280047290785568,0.0250927307874857
-0.5,0.1,0.603087219087219,-0.468671040444795,0.0233053372483431,-0.561416063082075,0.100578580286396,-0.543303740914093,0.0710835737077044,-0.304246689635717,0.024443203069169
-0.5,0.1,0.601718857718858,-0.509959493782111,0.0223422130754066,-0.514590507876781,0.109286180473396,-0.525016171603019,0.0649552460384491,-0.30071472553971,0.0253923378909771
-0.5,0.1,0.624779376779377,-0.482172096019839,0.0230020749756132,-0.522213135781817,0.0679433492019801,-0.524229087701793,0.0629240993082345,-0.299019723155487,0.022426737075599
-0.5,0.1,0.585707481707482,-0.501835331970096,0.0242183508083117,-0.658321691458981,0.0962650549788679,-0.452142917168481,0.0458182193016823,-0.292581798336045,0.0214326723789705
-0.5,0.1,0.6039237999238,-0.437339880585856,0.0214147850700038,-0.500581340332764,0.0858346588578448,-0.38040775969286,0.0460447041524582,-0.251809781283953,0.0242521906807619
-0.5,0.1,0.593294453294453,-0.504250834983944,0.0227017115453616,-0.429559182199272,0.0629846864058914,-0.57575344882345,0.0865074427520039,-0.309322344343782,0.0228582996608939
-0.5,0.1,0.595210807210807,-0.499479927461772,0.0263461197337937,-0.498372144748014,0.066624584867328,-0.48842026718369,0.0611119033014379,-0.298263189519187,0.0264652675031254
-0.5,0.1,0.583357675357675,-0.534312999285503,0.0250956453339502,-0.451008658596947,0.0640944101534559,-0.535806215808455,0.07264127640946,-0.313254838328899,0.0233897211427823
-0.5,0.1,0.591324699324699,-0.474242299031689,0.0240992868682983,-0.478678757633009,0.0852501621315683,-0.443746899573523,0.0556342637251401,-0.254887688960093,0.0224835459355506
-0.5,0.1,0.569252129252129,-0.502965043808995,0.0261474907792956,-0.521584081697896,0.067397024359003,-0.481063515605112,0.0687613120828502,-0.281603689515459,0.0253646549209741
-0.5,0.1,0.621308349308349,-0.509223953776578,0.0252842702809261,-0.558788896282455,0.0690523357992366,-0.501852423658381,0.0558178498905191,-0.316214105967159,0.0243376354624381
-0.5,0.1,0.601656937656938,-0.47221046914201,0.023512943700259,-0.40277993002529,0.0736581697052749,-0.49130930881429,0.0686231036813965,-0.279824255913403,0.0227067625676451
-0.5,0.1,0.584356892356892,-0.515279526635668,0.0250834125481893,-0.512501091066982,0.0528597663378219,-0.503168190742379,0.0574633005009854,-0.300834206158983,0.0249196613710614
-0.5,0.1,0.544054396054396,-0.487328434859769,0.0227016297982649,-0.39019128144596,0.0753145095838021,-0.496758477182883,0.110290338536063,-0.228521714448155,0.0236404565573469
-0.5,0.1,0.584513972513973,-0.496809364385788,0.022749354999011,-0.530818522702861,0.07789907309862,-0.484986004228393,0.0711451957421349,-0.278988372780044,0.0230070801628012
-0.5,0.1,0.611139875139875,-0.484971339299683,0.0224403513563677,-0.463030342626268,0.0698733464895107,-0.483732582357927,0.0731762212047227,-0.278071745843135,0.0227207286233757
-0.5,0.1,0.603561111561112,-0.552398611925158,0.0249447674305528,-0.43004844303004,0.0711974786420765,-0.521764259471497,0.0562905632878646,-0.321099665072342,0.0270981567102833
-0.5,0.1,0.609958497958498,-0.500483454684095,0.0242182852288043,-0.591681176839082,0.115756996826568,-0.43764592559955,0.0434409785678933,-0.311218416533107,0.02400439138041
-0.5,0.1,0.560212724212724,-0.531537981022272,0.024303503629061,-0.619823443245731,0.0726925315213525,-0.465790521735152,0.0589786398545266,-0.298384875736752,0.0247213475063449
-0.5,0.1,0.597322569322569,-0.477329765820574,0.0237765206181617,-0.30446778416812,0.0500082014583998,-0.734999648560762,0.164740544143315,-0.2901603980272,0.0223076160914518
-0.5,0.1,0.592220284220284,-0.529320792054844,0.0273971286019827,-0.593202198436656,0.0691668823797175,-0.521404747252952,0.0574329629112467,-0.321043208056057,0.0252650147864355
-0.5,0.1,0.592958044958045,-0.52417138464645,0.0257147918305068,-0.579464983955792,0.103984885202584,-0.572292263911667,0.0793955310643235,-0.312803527303396,0.0256336906782098
-0.5,0.1,0.56370413970414,-0.511391860339162,0.0244824422263008,-0.477625702597375,0.0945010551812868,-0.574611533269118,0.0920905360559011,-0.28976748470116,0.0248120266055704
-0.5,0.1,0.607554463554464,-0.462940646522267,0.02146344852077,-0.595343581760596,0.058078527505597,-0.433972526580379,0.0563691963509497,-0.271788277736496,0.0226927725443556
-0.5,0.1,0.592319356319356,-0.504053347685828,0.0248449125274839,-0.468206499269477,0.0750480232700469,-0.465958398482432,0.0633949279249102,-0.302762071667466,0.02513778107359
-0.5,0.1,0.58759151959152,-0.559639498061565,0.0279517724054332,-0.674792202159257,0.101665855500622,-0.508951632669395,0.059214458593539,-0.317539088268857,0.0283582325498169
-0.5,0.1,0.633633897633898,-0.51962539954277,0.0258652771554253,-0.567416558894207,0.111240865850836,-0.564487567774355,0.0825721972600092,-0.31490614086527,0.0259542901196825
-0.5,0.1,0.580808320808321,-0.483548680975912,0.0230944178231452,-0.399791470512339,0.0636498452761928,-0.464716997536636,0.0569595827521968,-0.286248253303215,0.022239696020317
-0.5,0.1,0.591516315516315,-0.519346769417004,0.0256384181563903,-0.60102525624649,0.0844167041896862,-0.555733355733669,0.066090391553311,-0.31720899631225,0.023399194973201
-0.5,0.1,0.625555105555106,-0.465736117067629,0.0214530300918918,-0.429627113602868,0.0588257868711751,-0.439205723415554,0.0481995961639844,-0.27905909357197,0.021607255518392
-0.5,0.1,0.581778053778054,-0.532663442771756,0.0246681110164835,-0.488036516692147,0.0564165040538722,-0.718927087947763,0.16199543764289,-0.306149254055906,0.0244991256922055
-0.5,0.1,0.608859008859009,-0.493784993679802,0.0215418835056055,-0.313627557388573,0.0628117522369463,-0.534343246758167,0.0723040326321006,-0.307567760399563,0.0233988990159418
-0.5,0.1,0.593809577809578,-0.494252011674648,0.0269619498095867,-0.418784606697705,0.0632858177952159,-0.435453437230429,0.0580501561238147,-0.277954513103716,0.0261797188004973
-0.5,0.1,0.596949944949945,-0.523329306613451,0.0237121416839705,-0.600533185205792,0.0782532794427741,-0.584366801310036,0.0847342339315958,-0.324086279991243,0.0259077843508912
-0.5,0.1,0.578886590886591,-0.449023152836083,0.0192757280688268,-0.483792324319694,0.0746157739539772,-0.509097755914004,0.0615498166168751,-0.287953106773471,0.0170488236112561
-0.5,0.1,0.633440253440253,-0.508123678717157,0.0220104555650891,-0.572910449287805,0.0743910139084762,-0.557906468994775,0.0621775833360571,-0.333646681376767,0.0231880730248811
-0.5,0.1,0.6115904995905,-0.493576651480266,0.0233305989613794,-0.531277367025364,0.0759422889197058,-0.456439685857684,0.0478677957017259,-0.321227190567668,0.0246241488757283
-0.5,0.1,0.594142626142626,-0.477673327346792,0.0212634450470337,-0.617195439220223,0.0809339867057943,-0.420024295238578,0.0528135554926615,-0.257618736158573,0.0235852547356105
-0.5,0.1,0.610460842460843,-0.49035216768458,0.0226991336929005,-0.391553153682666,0.0548659932780329,-0.430505986257105,0.0434805124345535,-0.309530661381867,0.0218970242451114
-0.5,0.1,0.630738774738775,-0.521529771309691,0.0243551294855039,-0.580037027782348,0.105061795000918,-0.577069278149115,0.0763246277367975,-0.332608112790683,0.0221618847885553
-0.5,0.1,0.589007173007173,-0.52837180569905,0.0257921020006979,-0.572568676458028,0.0694557215283906,-0.556778824198342,0.0832597047392547,-0.322551008678489,0.0255552989880464
-0.5,0.1,0.616304128304128,-0.460542940760867,0.0234538549747423,-0.480713268757479,0.066096162758629,-0.453497263668481,0.0573541882142646,-0.301937357998708,0.0232386250836926
-0.5,0.1,0.623011787011787,-0.509548716942163,0.026996229645854,-0.405430504616487,0.0508602901180491,-0.43558495984767,0.0444841178618575,-0.313105500274486,0.0281825679038524
-0.5,0.1,0.594346302346302,-0.536053067034698,0.0248887835514626,-0.542478927639392,0.0778231095890221,-0.543606037182783,0.0739292247188284,-0.308792853457098,0.0263381485127955
-0.5,0.1,0.600771528771529,-0.474870810364606,0.0223766933923488,-0.416557087005048,0.0863578935857173,-0.441115884377747,0.0526671545980445,-0.27460090036745,0.023277159340568
-0.5,0.1,0.558602586602587,-0.512282160251861,0.0262994453972116,-0.416240703384155,0.0571378028971202,-0.479708142528753,0.0694233180114807,-0.275936804298118,0.0266181999763471
-0.5,0.1,0.605113493113493,-0.472922234482108,0.0214831122694272,-0.532023761444566,0.079080660459796,-0.499145636170909,0.061637935909583,-0.289380163107007,0.0228294484435074
-0.5,0.1,0.595755091755092,-0.470312609884465,0.0249251665179964,-0.583194642965123,0.0736956255463432,-0.42687547038515,0.0601781651124307,-0.266502684257027,0.0250646401922882
-0.5,0.1,0.612163908163908,-0.486839110438919,0.0246708135984596,-0.518868978682455,0.0758478944486801,-0.406412019387531,0.0455172020772117,-0.271185139421531,0.0231699264727036
-0.5,0.1,0.629426369426369,-0.469981981544843,0.0236342585134315,-0.511171447595041,0.0561704474439172,-0.454449995899929,0.0444046813961352,-0.318111644171666,0.0207952835528092
-0.5,0.1,0.568280632280632,-0.460347792076199,0.0232629106646867,-0.617888177440632,0.0992862104055709,-0.483904532688142,0.0740217671312115,-0.258661881534861,0.021391943543104
-0.5,0.1,0.603704187704188,-0.481645465875779,0.0252509293810346,-0.585149507689192,0.0744420566754894,-0.45006411648266,0.0476010274118033,-0.306013021623095,0.0229172337676555
-0.5,0.1,0.623839511839512,-0.501712457852786,0.0229331629859356,-0.403721935056328,0.0547432510352812,-0.558080753508936,0.0784728044239128,-0.309159812480176,0.0244387400224516
-0.5,0.1,0.588534480534481,-0.5492984936914,0.0247718701293875,-0.593260156146038,0.0722785229713412,-0.465378418086176,0.0497881217361495,-0.314492112226291,0.0260104324471938
-0.5,0.1,0.629782037782038,-0.566537307242407,0.0264584897223536,-0.510382535738776,0.0586436721008255,-0.591659109424288,0.0702325852676325,-0.346552294835174,0.0263609044086712
-0.5,0.1,0.61768904968905,-0.478716469151538,0.0235201319667541,-0.403156375685283,0.05637201600394,-0.443353969898471,0.0515690628709696,-0.279638566077719,0.0244320828877609
-0.5,0.1,0.553797925797926,-0.510296236088338,0.0226916147247012,-0.444041875499164,0.0543322432497885,-0.613711224758661,0.0965264103880255,-0.302736453704492,0.0217272337641247
-0.5,0.1,0.556620448620449,-0.481318402728163,0.0234831839840272,-0.391953242048429,0.0688429637973311,-0.598624573749336,0.117429630918105,-0.267312586971157,0.0235625336404763
-0.5,0.1,0.619437763437763,-0.541190090893374,0.0208126672425168,-0.619787310675265,0.0732708287643935,-0.543750825557122,0.0627199508269202,-0.33725115176619,0.0249808290882451
-0.5,0.1,0.603883563883564,-0.550288229807219,0.0274843372787009,-0.323375715074537,0.0507432162581437,-0.507010986935951,0.0576027006371577,-0.347965680675265,0.0258450015092516
-0.5,0.1,0.586182562182562,-0.517642746563719,0.0248773318322537,-0.630466988336954,0.0848367661622419,-0.520366432411208,0.0667384314508061,-0.297485139241202,0.0239846511591362
-0.5,0.1,0.581002121002121,-0.489425878741763,0.0247314276326589,-0.551928080474353,0.097343939572301,-0.555723140969272,0.088335064863024,-0.280665989318341,0.0247209966512284
-0.5,0.1,0.641920817920818,-0.497445581364236,0.021334170143955,-0.582319124963315,0.0759822527077119,-0.58580331223827,0.0682496648643099,-0.332648462134452,0.0226961862475034
-0.5,0.1,0.603040935040935,-0.500350638535857,0.0247514033436,-0.517952685412324,0.0980188994996409,-0.536829402430425,0.0756884570065096,-0.310097947178727,0.0246905726643312
-0.5,0.1,0.59957351957352,-0.485369872158398,0.0238883573812602,-0.447805004175126,0.0646160996263607,-0.476991030093906,0.0525050220374896,-0.305424465275434,0.0229061937220217
-0.5,0.1,0.588651144651145,-0.535758280813714,0.026649214987444,-0.609939503688221,0.127132269420094,-0.655020339352668,0.10579345680833,-0.334691442054523,0.0273750025092659
-0.5,0.1,0.563996531996532,-0.470771576701543,0.0229845693981569,-0.48749248870032,0.0797126970799535,-0.448625354052898,0.0596376805363288,-0.261229256166362,0.0236487948883566
-0.5,0.1,0.585145929145929,-0.496471136554042,0.0258318436973386,-0.60464219759028,0.109312925834998,-0.500935121208073,0.0620569627083193,-0.288514490067196,0.0265119422402199
-0.5,0.1,0.556894732894733,-0.482618681135921,0.0226519115356971,-0.438201952089149,0.0639807523779965,-0.419969436531053,0.0489757315039899,-0.266365083624318,0.0231062865168748
-0.5,0.1,0.590553074553075,-0.511991745405204,0.0257694011500525,-0.444310752860446,0.0669929982507941,-0.498815493581636,0.0598972001679742,-0.309244923724542,0.0234540198475101
-0.5,0.1,0.538343626343626,-0.493477642208166,0.0250040025191825,-0.559979706927856,0.0576851707273353,-0.517802725921439,0.0761245016146815,-0.279709164640351,0.0239025779014127
-0.5,0.1,0.566560550560551,-0.483099505087037,0.0220816445486216,-0.589879394082199,0.0855550471586164,-0.446271314354876,0.0496600859588907,-0.279927011114634,0.0233145133895363
-0.5,0.1,0.608834120834121,-0.520076938531866,0.0269407908051876,-0.441429710658861,0.090640253294414,-0.480277939783118,0.0523345614390395,-0.332501597576896,0.0272237834323411
-0.5,0.1,0.602399318399318,-0.478635580552195,0.026499963380094,-0.67223699179318,0.118880541676,-0.46375834654285,0.0540609653787528,-0.297587369475323,0.0257917989084542
-0.5,0.1,0.584182292182292,-0.512633609257769,0.0244510700830747,-0.575674902430582,0.0697801551881985,-0.60499285287786,0.0915413915747467,-0.305268344172389,0.0254869048796581
-0.5,0.1,0.579525243525243,-0.497379648339436,0.0210619516961112,-0.365480187452226,0.0586226550812839,-0.58815401851506,0.0882730511563472,-0.304124011436092,0.0241650252518338
-0.5,0.1,0.611187815187815,-0.48439354924227,0.0228525889085184,-0.388909476238021,0.0496857594717834,-0.482480887819052,0.0606849189276914,-0.309005000105552,0.025374450995209
-0.5,0.1,0.617276909276909,-0.530942282117279,0.0258895230213472,-0.472212601751277,0.0680054362451404,-0.489144608743881,0.064471786555473,-0.309381430442512,0.0268085556612265
-0.5,0.1,0.589032733032733,-0.499252471083923,0.0260543831255196,-0.438455162450249,0.072529765825252,-0.494788466281102,0.0645985023071709,-0.299709191914584,0.0233650935287751
-0.5,0.1,0.610133482133482,-0.494732435008836,0.0255461341033225,-0.50163176456068,0.0942373057174141,-0.501143341898805,0.0533254964249849,-0.318831263844606,0.0257871592939394
-0.5,0.1,0.613467349467349,-0.478196836342071,0.0230383461949886,-0.437094827208091,0.0731974151341318,-0.50485356601074,0.0764767754659132,-0.278657649809096,0.0234070792592458
-0.5,0.1,0.622355374355374,-0.503912891468423,0.0239813152632106,-0.660890131288549,0.127326448799465,-0.447392899544391,0.0412268866840131,-0.328743222135628,0.0228491155972045
-0.5,0.1,0.625365217365217,-0.486651018297408,0.0219398906967198,-0.368912213811604,0.055653516069639,-0.506764650754533,0.0576682097616515,-0.319856721054183,0.0230269487370328
-0.5,0.1,0.5882499002499,-0.540458203172401,0.0271961779781003,-0.459524746963492,0.0655146108031175,-0.506308806369458,0.0608033617303877,-0.31608265590871,0.0279894709088394
-0.5,0.1,0.58167614967615,-0.521008210237553,0.0247372840220877,-0.484750539944786,0.0743079485655866,-0.507267575017589,0.0595891785020646,-0.334481819064702,0.0245241355833354
-0.5,0.1,0.58990126990127,-0.481715681935394,0.0239957397252556,-0.423407659658188,0.0806729021749784,-0.550958585223665,0.0853641892403712,-0.289973118052994,0.0230568120419359
-0.5,0.1,0.629341169341169,-0.486051338491605,0.0224953754470347,-0.456258450848792,0.0516523246548283,-0.509439045552833,0.067338712825481,-0.317593253771737,0.0219086060551036
-0.5,0.1,0.57404497004497,-0.470172647385688,0.0213327312278275,-0.387603325459266,0.0587358154850824,-0.462290991714238,0.0606676198268184,-0.271171032638399,0.0216724386078383
-0.5,0.1,0.596694176694177,-0.48120100706067,0.0209009228527124,-0.556419496307439,0.0744896108863948,-0.455269949928061,0.0607040218284522,-0.258354508996862,0.0221116823782666
-0.5,0.1,0.557890601890602,-0.460521487815979,0.0197134710002477,-0.482996779495253,0.086576061872229,-0.491354087728819,0.0708262472468486,-0.255723203217029,0.0201245683191112
-0.5,0.1,0.584973692973693,-0.478866694266179,0.0208823126794445,-0.504309193097624,0.0902045154391709,-0.450419630131683,0.0622054125350279,-0.256650933860543,0.0216189060473948
-0.5,0.1,0.605912513912514,-0.476272937529861,0.0211694714234823,-0.502266917968399,0.063735883340044,-0.45869569807168,0.0580219692462305,-0.29056026385881,0.020559934391375
-0.5,0.1,0.582489474489474,-0.5036042716257,0.0250452518953219,-0.616687056740672,0.0871737582929561,-0.368486014565049,0.0390586027969553,-0.280973199125241,0.0274470668548669
-0.5,0.1,0.573449961449961,-0.496782549152343,0.0236546426444134,-0.425769493787834,0.0661345165254866,-0.523506633318493,0.0726281331082061,-0.294545688612061,0.0252730615390461
-0.5,0.1,0.594614046614047,-0.472901414701196,0.0214533811178683,-0.577720817823059,0.0989814263455401,-0.448105562350201,0.0533637668898467,-0.295615982805352,0.0233455129054926
-0.5,0.1,0.58823544023544,-0.497064447747655,0.0219361462877972,-0.421528122231561,0.0500477435214172,-0.474670064885113,0.0607251020460287,-0.285878999864672,0.0220664036696251
-0.5,0.1,0.579788307788308,-0.488461374916083,0.0223683610666095,-0.418707927470082,0.0563389681003348,-0.409629840071748,0.0516809456838042,-0.266864773573439,0.0229623750511896
-0.5,0.1,0.606613146613147,-0.4721452131223,0.0230168411062771,-0.553115422758492,0.0820900649677496,-0.544491164350226,0.0789632998474434,-0.30665779010347,0.0251627043010294
-0.5,0.1,0.57423583023583,-0.49207700323941,0.0235499939140535,-0.400410094344005,0.0695631569213477,-0.531757586200636,0.0877514367606311,-0.272988383590384,0.024643289606684
-0.5,0.1,0.59759244959245,-0.513878158307935,0.0274020807689543,-0.614735861570351,0.0750471002613854,-0.522641332436919,0.0586290215269367,-0.307902265745511,0.025189399044516
-0.5,0.1,0.494406614406614,-0.483794827461335,0.0243902803683253,-0.568949664392202,0.11694929869794,-0.634547251807943,0.143331762171298,-0.254540830777391,0.0234594546348181
-0.5,0.1,0.594547206547206,-0.514554214144956,0.023466452088993,-0.482742232147238,0.0602494761374184,-0.520220389115058,0.067645447483097,-0.292212041129311,0.0230242450748482
-0.5,0.1,0.601139773139773,-0.525073954201038,0.0257022500103736,-0.639879331721849,0.0920630237435279,-0.456764698919608,0.0410574854523564,-0.32169492833669,0.024377731106226
-0.5,0.1,0.558281502281502,-0.49063521676828,0.0221372537541281,-0.430886101989832,0.0522896517716276,-0.537828870839315,0.0835094229853192,-0.293619456379271,0.0214780297533099
-0.5,0.1,0.585146145146145,-0.462478822269788,0.020611705757004,-0.470958923855916,0.0777907779010073,-0.445156867472444,0.0466347278489401,-0.275336228038671,0.0210966572393218
-0.5,0.1,0.602576570576571,-0.486658982421647,0.0248574057577795,-0.345599997585944,0.0569453542384665,-0.456012351336355,0.0427927772282047,-0.30871991592323,0.0237722532841142
-0.5,0.1,0.579785103785104,-0.482170642979528,0.0253901591784722,-0.422771801938912,0.0603825349027229,-0.424702892335632,0.0560545812542542,-0.271660811135011,0.0249175652164768
-0.5,0.1,0.583597555597556,-0.488990190797923,0.0243177137109446,-0.460565041807049,0.0742286728470871,-0.515763521043118,0.0642365727867206,-0.298309433576312,0.0230603221257251
-0.5,0.1,0.611845535845536,-0.537768174292737,0.0266830729692333,-0.428806682279958,0.0534403360884036,-0.680701771405629,0.104667220970215,-0.344287660116204,0.028134961062234
-0.5,0.1,0.560898776898777,-0.469866360158442,0.0229529849905293,-0.50544531231179,0.077458976039483,-0.508246714775109,0.0815144415705683,-0.263801741149533,0.0235213586477004
-0.5,0.1,0.581383325383325,-0.520228398530409,0.0238435320696218,-0.537860748190943,0.0921743452187531,-0.611467100908009,0.0854169374911092,-0.325820165596088,0.0213671354488863
-0.5,0.1,0.563309615309615,-0.524259761263126,0.0216555145276936,-0.592914160656324,0.0951546037578447,-0.534601611017239,0.0730732035970278,-0.290090100283304,0.0240393448630435
-0.5,0.1,0.572414084414084,-0.504101918154842,0.0239244384954797,-0.551466295574187,0.111791091538134,-0.581424724075209,0.0948834433627905,-0.301523809677552,0.0247563253459785
-0.5,0.1,0.534010122010122,-0.537206911909081,0.0271124288071778,-0.394976916866729,0.0773887514237133,-0.561412435384177,0.0900367389659594,-0.288062523647543,0.0255382897973995
-0.5,0.1,0.596514284514284,-0.49392433357973,0.0260666359811632,-0.605108916192022,0.103272599899871,-0.483454275016167,0.0539802421042316,-0.309113759743497,0.0263782859023491
-0.5,0.1,0.582193542193542,-0.515075776918804,0.0238857395386425,-0.685640171036022,0.0891989149591618,-0.411921841998709,0.0420452818934491,-0.293901724452613,0.0253478407316876
-0.5,0.1,0.590484422484422,-0.495261586520776,0.0265011619526318,-0.708280357749048,0.0939106430346719,-0.533864043167733,0.0775116869553913,-0.288386469850258,0.026482389047845
-0.5,0.1,0.581680397680398,-0.506697702206606,0.0242568513436109,-0.476604166782903,0.0919808984929266,-0.593615298196182,0.0676305272747933,-0.336257370348625,0.0243300981896624
-0.5,0.1,0.552159324159324,-0.514644400820744,0.0252089174561786,-0.501252967641556,0.0652796124734415,-0.431650121945853,0.0468239752723261,-0.295026616724475,0.0273005810628769
-0.5,0.1,0.583287151287151,-0.485318964155316,0.0255144983560109,-0.622430409216235,0.0826350590115244,-0.438678864604455,0.0445702451493734,-0.280922911225237,0.0235207141653805
-0.5,0.1,0.587298635298635,-0.489873358454343,0.0223075268163859,-0.416681064312816,0.0844515478549936,-0.491912238933915,0.0607535541637332,-0.298426203786601,0.0238622653544097
-0.5,0.1,0.581260517260517,-0.497962224280268,0.0246332789907899,-0.512422314783407,0.0638958331212223,-0.560967732570749,0.0765841393695948,-0.31559334151081,0.0249782998964591
-0.5,0.1,0.593506841506842,-0.526322219726853,0.0268366367280501,-0.539779239272731,0.0918575449968354,-0.52263527362872,0.0577496305314536,-0.317637612081783,0.0247290966929573
-0.5,0.1,0.613837717837718,-0.462375868018281,0.0218497699951506,-0.471978633726211,0.0757283968307972,-0.556952165665445,0.0690838307562163,-0.303650846657406,0.0225273003381637
-0.5,0.1,0.545705933705934,-0.530876492283727,0.0250835652802429,-0.599535300916905,0.130617855619594,-0.451231788251396,0.0546063562672197,-0.290954298918255,0.0258649324675233
-0.5,0.1,0.623995055995056,-0.586596899992717,0.0267792203271224,-0.606461992329817,0.0831918611971169,-0.526353152984421,0.0637948078992659,-0.332945268540773,0.0278987000780087
-0.5,0.1,0.614243966243966,-0.493939626286738,0.0238516348639942,-0.466624655925801,0.0646291815313764,-0.489202480092096,0.053934900786198,-0.298081689098592,0.0229337947738446
-0.5,0.1,0.595377031377031,-0.474489923780626,0.0245920940422656,-0.464579655407872,0.0574099087655683,-0.554111562648488,0.0825865107568591,-0.288251083030291,0.0254529758651054
-0.5,0.1,0.584946992946993,-0.534573038132889,0.0265607332407999,-0.466236388829611,0.0649132269465639,-0.518369821758419,0.0682562904066733,-0.300118921529177,0.0262654592398861
-0.5,0.1,0.564732432732433,-0.505958765944485,0.0245412141567689,-0.50168220181838,0.0708207943990031,-0.572348466170123,0.0977083845736023,-0.282910451525006,0.0256992248703662
-0.5,0.1,0.607293367293367,-0.462822344641997,0.0249665046644935,-0.472872824744423,0.0568663913766655,-0.436041539118773,0.0588906565553572,-0.255488912100464,0.0235806975147251
-0.5,0.1,0.573685521685522,-0.494482726607062,0.0224252919871858,-0.648457496710473,0.0701825189375099,-0.402121141570865,0.0458648064284387,-0.264372784568505,0.0204400384741573
-0.5,0.1,0.622159438159438,-0.517523106394507,0.0248429326962919,-0.502330050881816,0.0727201050143397,-0.430392620649386,0.0397961147801385,-0.316447898176404,0.0261571756985371
-0.5,0.1,0.591515667515668,-0.477714764255231,0.0236751004296004,-0.412199503236007,0.0618701000774475,-0.439199057142793,0.0506325455700838,-0.277696689873989,0.0223973441375357
-0.5,0.1,0.629590181590182,-0.490817232159256,0.0225547269416158,-0.405396921769484,0.0624108661002311,-0.468786855386778,0.0583889405406747,-0.305669436734624,0.024720776305284
-0.5,0.1,0.561685725685726,-0.518088826678878,0.0256367311731,-0.522921186287574,0.0699536931841878,-0.555594962058194,0.0818397334555275,-0.311431719113776,0.0254587567758811
-0.5,0.1,0.610275346275346,-0.484966129852946,0.0265968097620237,-0.43410226735847,0.0619865238462304,-0.557771402542646,0.0944629430479763,-0.298845859686658,0.0245742290812123
-0.5,0.1,0.64624495024495,-0.501484278598463,0.0259273455962701,-0.486406541416442,0.0747556005534986,-0.555731795146517,0.0649840567674192,-0.324939385012461,0.0263316973453631
-0.5,0.1,0.613467985467985,-0.518527440725749,0.0264923116389364,-0.452487336744914,0.0711811073279955,-0.602298777787123,0.105550712021187,-0.321893924119807,0.0261071640531496
-0.5,0.1,0.585059169059169,-0.464783326794646,0.0212061158660612,-0.471684888071001,0.0609764535762488,-0.446948987270835,0.0514633165735444,-0.285847894021,0.0227107906515088
-0.5,0.1,0.599841407841408,-0.501886885334556,0.0256566205722182,-0.533381538171605,0.0929857075563006,-0.452894744535449,0.0633544184131898,-0.275805150681935,0.0249591000939784
-0.5,0.1,0.565719853719854,-0.518927744784512,0.0237364473199327,-0.495130195173359,0.052501690019485,-0.485688916670785,0.070011555234572,-0.287784621055217,0.0244459221941228
-0.5,0.1,0.561871005871006,-0.499094604633467,0.0269414504483346,-0.604724754490381,0.110806253116449,-0.648893762019637,0.116363760637325,-0.319817266983642,0.027468777041985
-0.5,0.1,0.612147216147216,-0.492426501311676,0.0258526426037995,-0.457703759919809,0.0657843054377282,-0.432873075921109,0.0431296292260205,-0.308435112543679,0.0225740240406017
-0.5,0.1,0.61806957006957,-0.483791331818118,0.0220702237492099,-0.351091467652922,0.0338737946471147,-0.514469912637921,0.0622128880572465,-0.314072558558967,0.0223572891391409
-0.5,0.1,0.611256767256767,-0.494345225265847,0.0214851675219703,-0.416442725213633,0.0485028365704872,-0.490694338357378,0.0628629335274887,-0.290619981176376,0.022804869876392
-0.5,0.1,0.577244173244173,-0.512982735755275,0.0245438549073252,-0.547018188369167,0.0744244180762515,-0.51295961222337,0.0684543268054408,-0.3059053108557,0.0246580159040493
-0.5,0.1,0.600768468768469,-0.459388682138049,0.0236821183553753,-0.467526610758154,0.0909884500071288,-0.387320289281924,0.0398553805570341,-0.262245260539344,0.0226130802592629
-0.5,0.1,0.558994482994483,-0.465675513771557,0.0252469937470866,-0.461393763180489,0.0891329253589885,-0.466720537429035,0.0614526747523173,-0.264863807795148,0.0235067434723965
-0.5,0.1,0.623878763878764,-0.534325043701034,0.0258047805962394,-0.674756409444447,0.0879225243648054,-0.513087724303649,0.0530578880999147,-0.342286753856857,0.02544840840987
-0.5,0.1,0.601887445887446,-0.470627690858381,0.0231594783124883,-0.589269304439832,0.0818957741129527,-0.379746449054475,0.0385766233409215,-0.279159699993818,0.0233760527963442
-0.5,0.1,0.573565881565882,-0.521576739119946,0.0253752017316992,-0.435806538555266,0.0463323685257306,-0.506370997002082,0.0610569770772439,-0.314124583524766,0.0240992133803033
-0.5,0.1,0.64834638034638,-0.505106078052753,0.0229009891504356,-0.534423380091738,0.0800446852306292,-0.447409390681664,0.0454753356478597,-0.30390061021975,0.0244156776348402
-0.5,0.1,0.606436734436735,-0.525737945571463,0.0258653610349697,-0.636355051207274,0.0845972474133703,-0.590598273859427,0.0787997611508858,-0.335421853365794,0.027301845498885
-0.5,0.1,0.569676305676306,-0.501472626070351,0.0259832574898344,-0.378183599879111,0.0613819250887543,-0.522559174826149,0.069203692553485,-0.310064204391042,0.0275523836399544
-0.5,0.1,0.57794788994789,-0.543537139624281,0.0261715020085963,-0.52679162382421,0.0664468930011909,-0.927289907249348,0.205498101724628,-0.354235707080966,0.0275285013806992
-0.5,0.1,0.579917055917056,-0.500959351323751,0.0282846201080694,-0.443953633913342,0.0695778739036226,-0.45985298563842,0.0475155979896619,-0.300924804842201,0.0266708205961626
-0.5,0.1,0.620341712341712,-0.524116975121501,0.0266142364312222,-0.579981092800011,0.0835275695666554,-0.505292549462136,0.0589532375509204,-0.315740036843672,0.0236660870403899
-0.5,0.1,0.593094161094161,-0.503935285051203,0.0255033326246106,-0.459124476098532,0.0591765006296585,-0.451478117185341,0.050768662253316,-0.302296054085334,0.024341419159492
-0.5,0.1,0.556738108738109,-0.520290877780288,0.0270839256211794,-0.49225757994395,0.0647181809809498,-0.587549551069565,0.0932730909627121,-0.287933465893778,0.0300778791035625
-0.5,0.1,0.604560688560689,-0.508969997040838,0.0242561531533637,-0.520218984836359,0.089460465087013,-0.511022970914666,0.0586931191127622,-0.317913199221044,0.0274029047477829
-0.5,0.1,0.607089031089031,-0.471863983223953,0.0231157915254368,-0.395327647190777,0.0618890867338892,-0.466578669392287,0.0633812787014996,-0.293495011041758,0.023915711948066
-0.5,0.1,0.627635403635404,-0.463724114868874,0.023181617140051,-0.441546033607232,0.0552313625878002,-0.443832624841231,0.0462646405361504,-0.302994193942606,0.0225845684220371
-0.5,0.1,0.637724113724114,-0.480192279754018,0.0255992756671562,-0.394192026514756,0.0784178212304295,-0.482746321431154,0.0545280395665512,-0.309121505788126,0.0249099626103245
-0.5,0.1,0.594182706182706,-0.46841010461899,0.0220739899320226,-0.516845111730375,0.0711875541716274,-0.488951456536958,0.0599486551680032,-0.291354741768451,0.0206270653574866
-0.5,0.1,0.607449283449284,-0.507023945935615,0.0218253453280717,-0.350682263860165,0.0450458825435954,-0.468384339062908,0.0659618069146383,-0.288706074006382,0.0233588823412788
-0.5,0.1,0.605720285720286,-0.541547337409842,0.0248264838004744,-0.536270421823198,0.0886581691600511,-0.578436860956661,0.0956457025783744,-0.308529515729671,0.0252383817313401
-0.5,0.1,0.624308388308388,-0.519225823929173,0.0236710494975898,-0.614800615633275,0.0985007520186081,-0.456632524753115,0.042206564319969,-0.321787766344264,0.0256265283449736
-0.5,0.1,0.611139803139803,-0.527309842840081,0.0240491552682961,-0.47110197229282,0.0430532320174362,-0.592038265419103,0.0889911269167397,-0.313525285959087,0.0257694774255981
-0.5,0.1,0.605270597270597,-0.491231060121188,0.0246654673782422,-0.653105451038285,0.0857011754025217,-0.388748764620928,0.0419834333616121,-0.269179622817955,0.0237615644066538
-0.5,0.1,0.610474498474498,-0.491705549179031,0.02749134961172,-0.737153724305197,0.113690874990804,-0.469820787494336,0.05641520327129,-0.280759096364632,0.0271892302376741
-0.5,0.1,0.592796236796237,-0.519537573574649,0.0254888293637857,-0.786592868615176,0.151561258817299,-0.66339956679841,0.107029321365105,-0.316028578849147,0.026130762450435
-0.5,0.1,0.574035538035538,-0.505496415357901,0.0234321707756954,-0.613213255884097,0.126345949794395,-0.524638139908503,0.0923439103770368,-0.264905853174935,0.0253722677138204
-0.5,0.1,0.604566652566653,-0.534722926254673,0.0247269553242173,-0.432950824248057,0.0693872562177551,-0.423223635694855,0.0536747240793983,-0.303089847758057,0.0269194886893705
-0.5,0.1,0.57182791982792,-0.490253114405035,0.0254987536916948,-0.543675135290608,0.0844170552544446,-0.488626466732025,0.0615179741860713,-0.292466794119402,0.0221903372485103
-0.5,0.1,0.595968475968476,-0.479147123392839,0.0243781801404785,-0.462603317244912,0.0725110042065313,-0.390680914010977,0.0390706132394856,-0.265621665507812,0.0232541064272579
-0.5,0.1,0.604548820548821,-0.476125498740897,0.0222798309358663,-0.510249148005898,0.0876724827207406,-0.499334183453287,0.0640417825975095,-0.292668363228434,0.0233943091040048
-0.5,0.1,0.589754977754978,-0.46916787323427,0.0212174766518001,-0.48530369828676,0.0505390257380146,-0.406421986411255,0.042741094786288,-0.28535804933378,0.02259142696174
-0.5,0.1,0.597619533619534,-0.576628675999453,0.0279025100916958,-0.559472841656485,0.0582755869110385,-0.550932731449774,0.0686363576643868,-0.330386028223241,0.0252946322058605
-0.5,0.1,0.619152547152547,-0.489590798600015,0.0246113096086367,-0.637851591969554,0.0979624317776172,-0.422537181889013,0.0541226609735613,-0.286969024399773,0.0280860752826693
-0.5,0.1,0.55566567966568,-0.508746297036513,0.0297860587788598,-0.395093283811604,0.0511680868471612,-0.426371347493525,0.0472107588965736,-0.286671073665071,0.0261283685937617
-0.5,0.1,0.559544335544336,-0.481196549442051,0.0233863046977327,-0.639991350152552,0.0916552150468902,-0.385420668674264,0.0394544727177213,-0.278541706313787,0.0232398985821494
-0.5,0.1,0.587023931023931,-0.48483983625364,0.0244284107273387,-0.445384519175919,0.0641217822174001,-0.483636969140119,0.0618488746165452,-0.295829119284598,0.023935242404656
-0.5,0.1,0.596770112770113,-0.487297553388628,0.0207421389960623,-0.490187604527636,0.0762032955843675,-0.444486289850798,0.0499711264432294,-0.296785016253149,0.0225472246073613
-0.5,0.1,0.571204579204579,-0.478096790762311,0.0230341312887395,-0.458925742369685,0.0808000354606728,-0.450308618001493,0.0582938484424908,-0.259978070000474,0.0240863836761475
-0.5,0.1,0.575792843792844,-0.498584613286755,0.022132590602371,-0.476007643411075,0.0463980698663176,-0.46302840538532,0.0563105678832108,-0.275239495957758,0.0239698779934796
-0.5,0.1,0.637460737460737,-0.479530257634154,0.0224261617898739,-0.426479908285994,0.0843925176998014,-0.437180819544485,0.0454318766626184,-0.302011810725093,0.0238592838439978
-0.5,0.1,0.603926163926164,-0.551066934490472,0.0247861820910385,-0.601285880673264,0.0902361464461037,-0.533165157225497,0.0587584508463501,-0.330277050593317,0.0254567326945193
-0.5,0.1,0.627671823671824,-0.51820547906527,0.0242208731620637,-0.551512418091875,0.0941477992812558,-0.59949807783962,0.0842588873964015,-0.322790848438289,0.025631456860529
-0.5,0.1,0.62239681039681,-0.510520540531859,0.0239702023035481,-0.452501754361246,0.0816826498978162,-0.457836113468241,0.0468507706286634,-0.334592388303169,0.0234454066370053
-0.5,0.1,0.567593187593188,-0.482641715486508,0.0240119650333355,-0.348464592832758,0.0479415363116039,-0.527503959225453,0.0820509747611127,-0.295258653484597,0.0243142482825867
-0.5,0.1,0.600532212532213,-0.533583250254804,0.0256987879521915,-0.58383072911647,0.0752932528886122,-0.486151381039698,0.0524680196462411,-0.307996739821333,0.0240480786877695
-0.5,0.1,0.604797544797545,-0.483404983537102,0.0238502822519548,-0.508397752586948,0.0772109935521026,-0.481481484322416,0.0623122257065633,-0.270490598185592,0.0220195147916793
-0.5,0.1,0.589116949116949,-0.50859593361116,0.0213832297549516,-0.388577195783045,0.0577416661104618,-0.470531288733724,0.0585336882669963,-0.284552502870425,0.0229317308571042
-0.5,0.1,0.567616275616276,-0.522401239830294,0.0256103098065495,-0.581123996684775,0.0517219454426985,-0.451064939700822,0.0463792556139169,-0.299631552512519,0.0253548097772642
-0.5,0.1,0.629759717759718,-0.537749288901442,0.0277852723338327,-0.395605458072478,0.0690623399215148,-0.536986798147261,0.0631459427114597,-0.349740282117802,0.0266888930055391
-0.5,0.1,0.583542955542956,-0.453307781553284,0.0221190577455063,-0.307782227592557,0.0461034016939593,-0.426030098722586,0.0531271489303345,-0.272569808888776,0.0219506234681724
-0.5,0.1,0.599902415902416,-0.501947045128125,0.0242294322064055,-0.486801840675738,0.0935323649752225,-0.516944080281416,0.0769791238788821,-0.282911205588017,0.0255150497177105
-0.5,0.1,0.611803343803344,-0.465056086150358,0.0212376644160008,-0.393837574267159,0.0465013061294746,-0.442854323374053,0.0485489756157206,-0.288836249286392,0.0230224738602634
-0.5,0.1,0.630085986085986,-0.487986727622232,0.0234839089148458,-0.353655764432591,0.0740619530963955,-0.475157208653693,0.0521598203571215,-0.306180528622629,0.0239257797767128
-0.5,0.1,0.583568707568708,-0.526494836721349,0.0269512531723446,-0.525593491453235,0.0736274733309243,-0.458659608031836,0.0551944622795838,-0.292716316574122,0.0256423877258987
-0.5,0.1,0.616219852219852,-0.523216517513222,0.0261849199212817,-0.471416009481987,0.107202375320205,-0.488461965738521,0.0618604585332731,-0.312640531499539,0.0257856357725345
-0.5,0.1,0.580406068406068,-0.464734979674553,0.0243302770014949,-0.477431307129633,0.038185473199553,-0.485893450809853,0.0691865341230405,-0.262696260080511,0.0231967164137629
-0.5,0.1,0.589184725184725,-0.494498959135968,0.0255594569704844,-0.490786536491365,0.074954737025198,-0.478978988042179,0.0588047843304303,-0.296644223398097,0.026057559599194
-0.5,0.1,0.597059313059313,-0.496750117321977,0.0252541893992887,-0.382825051203111,0.0648485958654893,-0.534186909713845,0.0825623113993956,-0.299977604291759,0.0226126182822684
-0.5,0.1,0.549120945120945,-0.445930034756531,0.0207648776768475,-0.378528352669353,0.0426840784754582,-0.417632212694676,0.0480037591952967,-0.257497273869354,0.0224284154413433
-0.5,0.1,0.61628368028368,-0.491236680004563,0.0226858712988157,-0.472618325429533,0.0746196310279206,-0.609024057024444,0.100077318826219,-0.287991597007783,0.0224087309585145
-0.5,0.1,0.576284088284088,-0.453917347872858,0.0231128248127385,-0.48272765820947,0.0754308439063793,-0.473200556792956,0.0664536879569834,-0.264676101346458,0.023301951988823
-0.5,0.1,0.583770607770608,-0.516601297694625,0.0240283932658262,-0.398234713140773,0.062134401903932,-0.441728721089682,0.058356487770402,-0.275322365314427,0.0259920218617926
-0.5,0.1,0.595197955197955,-0.49263852139917,0.0240996985264274,-0.490124584421064,0.0906045808338216,-0.596027289139566,0.0892625277466519,-0.31969237654135,0.022277874175766
-0.5,0.1,0.618385626385626,-0.506762728857528,0.0231963022527273,-0.368022814667971,0.0609718344420125,-0.476378858757607,0.0499203147080558,-0.317108073102913,0.0258236765256021
-0.5,0.1,0.606946854946855,-0.52806431167371,0.0250540282116737,-0.434322885655535,0.0409790337801266,-0.451294692570834,0.0491166226766417,-0.322832721066625,0.0253856867076625
-0.5,0.1,0.624603216603217,-0.478330558805451,0.0246175356703615,-0.429578138856645,0.0849130737132753,-0.480908351802082,0.061804839142506,-0.307690637797195,0.0270669527470659
-0.5,0.1,0.571812391812392,-0.472837801842863,0.0196421462942666,-0.558859901518003,0.0729964935404406,-0.440203301961127,0.0561211974917301,-0.268035848530814,0.022577432318083
-0.5,0.1,0.618568698568699,-0.522739394546642,0.0270853481394565,-0.439417605108678,0.0619690959724532,-0.545540610758817,0.0621956622611416,-0.329333062214557,0.0288218440663324
-0.5,0.1,0.593435537435537,-0.49243727840128,0.0217989156676082,-0.39462772067717,0.051696169129696,-0.521946600658407,0.0665209776739859,-0.29944152764053,0.02318804552234
-0.5,0.1,0.575324375324375,-0.526900965250527,0.0241229968760095,-0.498545927291568,0.0630693582381741,-0.563118192031163,0.0835926823617556,-0.296240878651717,0.0249268672882022
-0.5,0.1,0.605507897507898,-0.507863939536556,0.0233100959733517,-0.399906530965463,0.0258144459716348,-0.515112100989374,0.0580473982383676,-0.323396544886429,0.0254373342698316
-0.5,0.1,0.583206007206007,-0.496569766021756,0.0242131344767762,-0.449037052585923,0.0679027770915135,-0.541740688267262,0.0794618944104724,-0.291305206599411,0.0238350888955088
-0.5,0.1,0.603901275901276,-0.513087139070436,0.0254800419942283,-0.35824838786049,0.053006962189372,-0.399599798671429,0.0455007417130307,-0.277748029062028,0.0258502460967138
-0.5,0.1,0.58362847962848,-0.479843601382431,0.0213198647785238,-0.437426427477047,0.0558052374179615,-0.539101830319549,0.0857032541076919,-0.286058970635843,0.0239133541906074
-0.5,0.1,0.61794194994195,-0.505110021066364,0.0250311726164759,-0.436570499569516,0.0660703596093193,-0.546587835874517,0.0814422309106299,-0.310664268523876,0.0258884961885881
-0.5,0.1,0.608636324636325,-0.485037148880908,0.0211004085660686,-0.402483159262289,0.055974943740382,-0.498502697087001,0.0674040841977443,-0.298078924893129,0.0210390012004989
-0.5,0.1,0.574672546672547,-0.512888394201095,0.0233373649358225,-0.578330570128567,0.0918543572037851,-0.453754275380079,0.0479579567213723,-0.306675903926841,0.0258753715096955
-0.5,0.1,0.620946416946417,-0.494172821454883,0.0245255811101818,-0.42034980178638,0.0535209110550824,-0.513209174669478,0.0717664675166243,-0.286336475331995,0.0233468728975245
-0.5,0.1,0.591851247851248,-0.479576179422939,0.0252717453323359,-0.609113232929845,0.0991042192322909,-0.505787710946105,0.0783322131488501,-0.284454884589429,0.0244176588713395
-0.5,0.1,0.582792186792187,-0.473571258547931,0.025099895909395,-0.29976890824692,0.0504252003151173,-0.467860180969993,0.0622985129354434,-0.271001135584373,0.0246799086133839
-0.5,0.1,0.578568458568459,-0.443804864982732,0.0218759734178097,-0.445703043482445,0.061674752454538,-0.39587428888963,0.0430300330069023,-0.264311902490191,0.0212948101779586
-0.5,0.1,0.592800388800389,-0.503873707222755,0.0236887657209423,-0.616207177101013,0.0421104404009693,-0.493709101609943,0.0699395707681198,-0.312510873147218,0.0236220445912509
-0.5,0.1,0.585010317010317,-0.500632053216595,0.0233225256366042,-0.460953035144404,0.0749302367770972,-0.48592136245536,0.0651330653739709,-0.295321144415285,0.0248356507113325
-0.5,0.1,0.569090789090789,-0.495745859048223,0.0267984719877367,-0.472422833282345,0.0660694264931414,-0.448840003668264,0.0602514892288828,-0.269996445532341,0.026127686688006
-0.5,0.1,0.593614421614422,-0.51192993384744,0.0241190162946601,-0.507080505260922,0.0818815554574832,-0.479597962803106,0.0581161464355591,-0.293234591119312,0.0243096041455649
-0.5,0.1,0.597961665961666,-0.524988077591041,0.0269599312397109,-0.51400991795017,0.0734265555113062,-0.496862262904669,0.0547333855002706,-0.318179290892474,0.0238063316188733
-0.5,0.1,0.615265143265143,-0.472654722805904,0.0248697461547112,-0.495717759711996,0.069328909088857,-0.447577366271419,0.0482302721130469,-0.289487472860962,0.0239342303090863
-0.5,0.1,0.591282591282591,-0.526013632844862,0.0251941783505321,-0.546371446503236,0.0901059354152968,-0.501932771617232,0.0579065959113246,-0.319900768330344,0.0257941675146476
-0.5,0.1,0.593771465771466,-0.51663272609025,0.0220788504067092,-0.475899147365102,0.0547344880878392,-0.573358939700464,0.0823741674945864,-0.319430460499273,0.0250348562721345
-0.5,0.1,0.579198771198771,-0.449254714190206,0.0214411878133337,-0.476063225232636,0.0545831491117766,-0.556301371352937,0.103170422264329,-0.285017222938055,0.0222414684881416
-0.5,0.1,0.575479955479955,-0.499345779748909,0.0249624994583534,-0.423052880240199,0.0584402733370767,-0.519398205687393,0.0672376586319146,-0.304840762639277,0.024800227404896
-0.5,0.1,0.583183039183039,-0.516008880743873,0.0237785432008085,-0.500674968264311,0.0372533319563875,-0.498895084225597,0.0615504667420518,-0.295071876194052,0.0251368215084196
-0.5,0.1,0.596998316998317,-0.493256488970842,0.0229553886454139,-0.662375180594838,0.135135831667088,-0.485814177734042,0.0652246362200602,-0.299273427596951,0.0231718569853998
-0.5,0.1,0.570521946521947,-0.515041655862305,0.0258095994975361,-0.594215924637429,0.0849275731534201,-0.535651067701037,0.082452839115404,-0.281907361095126,0.0239790971429876
-0.5,0.1,0.586630690630691,-0.531789176728298,0.0234794806057407,-0.611347440410363,0.0860197461034921,-0.561769309543066,0.0691069808182804,-0.325748911630976,0.0235577329340376
-0.5,0.1,0.564716004716005,-0.507220779571196,0.0233448583004866,-0.477387982471128,0.0620663577616901,-0.463823095879565,0.0529277999361307,-0.298706423665268,0.0234599670259883
-0.5,0.1,0.585001521001521,-0.460319156534916,0.0238779045136725,-0.497421959271337,0.0668951229142311,-0.422129682778495,0.0437417214151389,-0.284516935678769,0.022997273591895
-0.5,0.1,0.588197196197196,-0.52107918340388,0.0223328859890653,-0.522270688072882,0.0645223055743886,-0.512792642434441,0.0713814165947153,-0.300467498308221,0.0229104470409051
-0.5,0.1,0.589057225057225,-0.516258001765851,0.0240620024926291,-0.511270807809069,0.0652721097987257,-0.45978298615114,0.054329660637953,-0.303259303747176,0.0246316952179821
-0.5,0.1,0.603038127038127,-0.541339996035037,0.0278904819137856,-0.579221321275176,0.0876772485716592,-0.556461649412288,0.0778709473215241,-0.323958967592834,0.0275537372306092
-0.5,0.1,0.603104439104439,-0.509054330404494,0.0233054466555149,-0.507035555531499,0.0848186126889612,-0.515363014084237,0.0646162083301896,-0.319584870820996,0.0248177530353896
-0.5,0.1,0.6318340998341,-0.492246385863507,0.0252175211334306,-0.341562088249922,0.0480561811090513,-0.4614066436902,0.0544880074752642,-0.298338204806535,0.0248059831389588
-0.5,0.1,0.593924621924622,-0.481318264299112,0.0240700657611511,-0.556278480013325,0.0978051035841285,-0.478295666929595,0.06476680241797,-0.276613035814226,0.0230275131987469
-0.5,0.1,0.577523869523869,-0.526930681038167,0.0279822427407123,-0.5859729730129,0.100039207318076,-0.516316850021838,0.0706602516900368,-0.31752572149409,0.0266925232574427
-0.5,0.1,0.570506862506862,-0.493033352318305,0.0240798780180523,-0.515519084068825,0.058026905308344,-0.51086915512029,0.0680584552226639,-0.29077873258464,0.0248462143858024
-0.5,0.1,0.61807527007527,-0.469502941186621,0.0222925338394495,-0.624744783813102,0.0497972916041734,-0.453011328098891,0.0472438292951021,-0.306066305334979,0.0227926393376871
-0.5,0.1,0.628229812229812,-0.528909922300123,0.0271952975740807,-0.479887287363967,0.06863694890184,-0.557514693700303,0.0687886126493509,-0.325869626049016,0.0275274414451456
-0.5,0.1,0.537978813978814,-0.512864977678993,0.0256427456587344,-0.480113478030678,0.0716455527989997,-0.526647848351323,0.0783588127868139,-0.265827352387519,0.0257649647538418
-0.5,0.1,0.563877191877192,-0.550603695333765,0.0272679329109006,-0.525598036860653,0.0752408106046523,-0.57983017172606,0.0777546041761794,-0.323064535869638,0.027850743422799
-0.5,0.1,0.565897417897418,-0.468392517142309,0.0228316085393095,-0.45617124011994,0.0657821174906206,-0.457550932325966,0.0629264225702166,-0.260867183752795,0.0207125300769499
-0.5,0.1,0.583917691917692,-0.553470279442341,0.0270298086338719,-0.514469804473563,0.0762942888871938,-0.498629272663198,0.0573674940686258,-0.314447582954514,0.027389378904361
-0.5,0.1,0.600341952341952,-0.52059451637435,0.0258648568286377,-0.4007228924275,0.0593946545369863,-0.559198837864075,0.0773256827059558,-0.317920224560336,0.0251419550721109
-0.5,0.1,0.602700998700999,-0.540450335745348,0.0247028196068532,-0.620199729685356,0.0855564090704789,-0.53900914135321,0.0644316740310718,-0.342821375350762,0.0294555482718302
-0.5,0.1,0.61230492030492,-0.493404174252551,0.0247751417144034,-0.507076486764399,0.0770277266581158,-0.459672476235584,0.0558125386148937,-0.287227575879932,0.0244405017002103
-0.5,0.1,0.583594027594028,-0.487283473143097,0.0241455067739741,-0.312522731459001,0.0546266080819976,-0.566454908713267,0.0897450692412254,-0.288620555804119,0.0229473682437449
-0.5,0.1,0.594184182184182,-0.507643838195894,0.0225450289020971,-0.594367851240321,0.0845329211423311,-0.502790025640929,0.0520125016164544,-0.329535645542536,0.0245721027932893
-0.5,0.1,0.566928686928687,-0.506414954624115,0.0252355911545725,-0.714730618079134,0.122168852010988,-0.519960373954608,0.0719871836051536,-0.284774348182198,0.0237448510715998
-0.5,0.1,0.6159228999229,-0.513672656152367,0.0244635053150158,-0.471487574384892,0.0790566230429567,-0.491750264686965,0.0524585753228492,-0.335983474045048,0.0262498582023298
-0.5,0.1,0.614630870630871,-0.514501850035594,0.021064467867573,-0.526366930102249,0.0556270055393425,-0.676976174071603,0.101156378562584,-0.333321834904702,0.0245364909059444
-0.5,0.1,0.589618201618202,-0.509863907321325,0.0229020758417333,-0.514923495299293,0.0690836432328456,-0.518007107621069,0.0611843747273725,-0.311700708408756,0.0250109061121899
-0.5,0.1,0.581034305034305,-0.485779486204418,0.0226925858985284,-0.384637131270823,0.0413190365438558,-0.480793232810781,0.05470566847079,-0.287858814007288,0.0224046955143264
-0.5,0.1,0.620783708783709,-0.4777781270178,0.0238303126004241,-0.390518363027722,0.0629922185970374,-0.427044088942857,0.0485256373746388,-0.270283173593073,0.0234003483928177
-0.5,0.1,0.620436764436764,-0.498863763071603,0.0226693519137986,-0.604488026205458,0.0839205802075414,-0.516874399198936,0.0616913689470308,-0.316104059810023,0.0240396634247351
-0.5,0.1,0.625818625818626,-0.511802609240084,0.023943955420488,-0.511981620027835,0.0756231521755646,-0.466738361149776,0.0469959960286965,-0.316877690979387,0.0227899840075107
-0.5,0.1,0.617594513594514,-0.472193009619144,0.0221344825458433,-0.535916112866942,0.0919502911187128,-0.423185432840385,0.0402043869582293,-0.305001720058737,0.0202953488224812
-0.5,0.1,0.598189066189066,-0.547952705176878,0.0256435567824916,-0.450692908953054,0.0639393164858498,-0.502919899079829,0.0682792778842042,-0.306565159984022,0.0261050978532228
-0.5,0.1,0.609142113142113,-0.460658751363944,0.0237640998863334,-0.510319152812748,0.0863358785842697,-0.408226533760924,0.0430771524621478,-0.266756222489151,0.0207876202698539
-0.5,0.1,0.578828918828919,-0.539392554880844,0.0241349656305851,-0.588167977787891,0.0977540587311798,-0.550273545917218,0.0835637302939414,-0.299896932811417,0.0245005140277688
-0.5,0.1,0.590514734514734,-0.505925565581572,0.0232397132534778,-0.894288716336788,0.144158083259718,-0.666495281677117,0.134324976083563,-0.307598344234879,0.0240227613941746
-0.5,0.1,0.590135426135426,-0.548627951092368,0.0256381811046042,-0.358586546747463,0.0421685060930328,-0.583020423352149,0.0831983950674063,-0.332210447850096,0.025980850610605
-0.5,0.1,0.559905523905524,-0.460485341960577,0.0240258223114044,-0.434854103096704,0.0542683756613169,-0.536228305436627,0.0866033944735289,-0.263795752828086,0.0225826483114491
-0.5,0.1,0.616755304755305,-0.498975094320987,0.0245665070745791,-0.427295342102852,0.0666631642558251,-0.43986743192549,0.0493411566539006,-0.287125492007655,0.0252834295947166
-0.5,0.1,0.581723861723862,-0.518414616833133,0.0236845477779958,-0.463229478738083,0.0770418566807287,-0.503003035397387,0.065265435372435,-0.303694083474218,0.0219486519849921
-0.5,0.1,0.571988083988084,-0.4912268040208,0.0259934474420895,-0.601661929524325,0.0751134532844645,-0.574735534057228,0.0908739403372193,-0.280899122061891,0.0226383077657705
-0.5,0.1,0.617850653850654,-0.474027641543168,0.0240275362902923,-0.59893969905507,0.113733423243843,-0.477604658351193,0.0585121674871185,-0.298559315649192,0.0231710875744281
-0.5,0.1,0.594847494847495,-0.477279289996588,0.0210718918508855,-0.524371650567371,0.0668368909804918,-0.424407681406342,0.0528932581486827,-0.275658831074068,0.0237967069514056
-0.5,0.1,0.629320721320721,-0.546708953332805,0.0237828254611977,-0.493116339743949,0.0616117925114787,-0.539327322223895,0.0589090195653462,-0.349350255359106,0.0253344622111321
-0.5,0.1,0.610248238248238,-0.517561201721188,0.0256932407460097,-0.52487656172493,0.0776592672490388,-0.580755399238036,0.0763112575368719,-0.336943581921679,0.0258012376991336
-0.5,0.1,0.602385722385722,-0.499303645333976,0.0235613609733666,-0.522086975189234,0.0848586161666627,-0.501478408074285,0.0635505556780401,-0.300842423754279,0.0259983238758475
-0.5,0.1,0.590314034314034,-0.52311205982424,0.0282766658296216,-0.552821571337931,0.101820167695891,-0.586155456617158,0.0768692520165288,-0.340725814966965,0.0274349734943199
-0.5,0.1,0.590100422100422,-0.527387423172249,0.0256841874486787,-0.560680476415894,0.0840537316518463,-0.549130293082011,0.0642383967030742,-0.325742652184878,0.0257522840973657
-0.5,0.1,0.592986004986005,-0.536618611613966,0.0277443044242182,-0.565083320411809,0.0534552746263694,-0.606967974618061,0.0879010571154722,-0.315275666105644,0.0268814921438506
-0.5,0.1,0.649356793356793,-0.49017647646166,0.0242656854972894,-0.596600617814358,0.0872201598004436,-0.521314932407486,0.0530877818907474,-0.331416074878223,0.0241931780901686
-0.5,0.1,0.600041244041244,-0.501679323596505,0.0277663778691203,-0.48158326720589,0.0732312474964236,-0.491567582021686,0.0625625087438397,-0.291015009301783,0.0259115961621928
-0.5,0.1,0.622197262197262,-0.503964961462558,0.0237346327484497,-0.432495283274504,0.0429794536495754,-0.498232520495096,0.0557958960852723,-0.331516736103097,0.0248998054969844
-0.5,0.1,0.56786781986782,-0.498843045436645,0.0251670971406586,-0.500357693744868,0.0811907554602418,-0.653580981805895,0.135288367327091,-0.271460197656293,0.0229383105738597
-0.5,0.1,0.571826995826996,-0.498967713419188,0.0232090891787954,-0.423054167682833,0.0653450468262747,-0.480826437528042,0.0605478793364214,-0.284213386494125,0.0228131819054097
-0.5,0.1,0.599912555912556,-0.49087615263504,0.0244891549734813,-0.544490337451192,0.0634117574975848,-0.496364007678291,0.0564906955288908,-0.314841344029096,0.0233252940872685
-0.5,0.1,0.571504771504772,-0.50792844637374,0.0242813441606357,-0.47629976111219,0.0762329289572152,-0.769341267943371,0.158936633109661,-0.326375158969551,0.0246083036668161
-0.5,0.1,0.607393207393207,-0.492174337070764,0.0228246320072161,-0.592430646585037,0.100112931602196,-0.494103167199499,0.0599540416685227,-0.318893938942025,0.0255364964600968
-0.5,0.1,0.610571218571219,-0.492172567091097,0.0252799562182413,-0.421019051332357,0.0758014163818521,-0.485032254245436,0.0605986678077612,-0.302796356209547,0.0244473663862131
-0.5,0.1,0.58052722052722,-0.493728349093802,0.0246410599518987,-0.469081496756284,0.079282229688847,-0.508225635401384,0.0648379653229618,-0.300879232484678,0.0244491050529275
-0.5,0.1,0.617413961413961,-0.518364084009287,0.0229944528820223,-0.612826767215566,0.0640843725709888,-0.578039909256163,0.0530399584491096,-0.361970288484066,0.0243196710325121
-0.5,0.1,0.593932973932974,-0.505079612796098,0.024746624889229,-0.552125973781269,0.0972974080074897,-0.501602103859656,0.0653612229483755,-0.295392539097108,0.0244260367026665
-0.5,0.1,0.606354642354642,-0.486710810722355,0.0232365593872724,-0.443282206688162,0.0529794903460322,-0.446754628205522,0.0560424383211469,-0.287118259101905,0.0229981814966109
-0.5,0.1,0.59393846993847,-0.525904844236131,0.0253807839131322,-0.408569616525035,0.0674369771589007,-0.654570536303452,0.116452334746124,-0.317867972145846,0.0266921478426495
-0.5,0.1,0.584122412122412,-0.53514911181812,0.0307333472991352,-0.477376454504114,0.0625424595342603,-0.494690589692583,0.0576540369562337,-0.31386338874209,0.0288441763591248
-0.5,0.1,0.570642030642031,-0.525076437158939,0.0215050880282255,-0.551753199103358,0.0668089699550618,-0.544604054045198,0.0725568728599068,-0.297263955082637,0.0244430919473564
-0.5,0.1,0.623081039081039,-0.527086414986054,0.0232372542439189,-0.427531635472065,0.055729099687261,-0.51158496374056,0.0586088382240843,-0.324363726706458,0.0244448042072208
-0.5,0.1,0.607237999237999,-0.523596437357325,0.0257407817577639,-0.530429022910426,0.0806993261889452,-0.506194778021064,0.078650163802877,-0.305538665631082,0.0285225046799463
-0.5,0.1,0.59230648030648,-0.508102713883015,0.0229898810092149,-0.342946497452265,0.0667703310256354,-0.603466403711175,0.109665506062648,-0.293464857491471,0.0209739714986639
-0.5,0.1,0.617358941358941,-0.490257325804497,0.0244146362011827,-0.484551769308367,0.0719391850856279,-0.485673303475213,0.0433518470769669,-0.335412034151444,0.0247629148630136
-0.5,0.1,0.586646842646843,-0.508874471259424,0.023388491729421,-0.715113100635175,0.0955911306011655,-0.579663106336067,0.0915866081013709,-0.287793030063191,0.0263151548849497
-0.5,0.1,0.591541671541671,-0.495451064380253,0.0228884557003358,-0.432708644606511,0.0479758981567961,-0.62487258761822,0.105387240455365,-0.301715936884019,0.0244010436981619
-0.5,0.1,0.591228147228147,-0.510187892177674,0.0258700474436197,-0.464078828191772,0.0742726857941112,-0.480653640584573,0.0553402821817651,-0.318638865237455,0.0257395373749923
-0.5,0.1,0.639345723345723,-0.46711946060204,0.0234937677907388,-0.574946384236502,0.0736889933683605,-0.487014769056025,0.0585522076108109,-0.295933921778596,0.0247135554034571
-0.5,0.1,0.595784515784516,-0.507507859759262,0.0276138100429881,-0.534001026303395,0.0676922404177015,-0.607970758093665,0.0881213684152494,-0.311331774036338,0.0255035866063663
-0.5,0.1,0.588501096501096,-0.498671232869129,0.0252076081673813,-0.510361311870033,0.0716831006886019,-0.469256814983706,0.0500804387661327,-0.300792660903414,0.0245659794638648
-0.5,0.1,0.579158499158499,-0.534103482237427,0.0225097685822232,-0.454284483174188,0.0524671083131025,-0.610089191994646,0.0887159775935613,-0.317196640058864,0.0247065724669005
-0.5,0.1,0.602515274515275,-0.471011582005809,0.0259223980458803,-0.431465838571088,0.0643237458433098,-0.382417998456652,0.0404939841712383,-0.265959462702734,0.0215218661273123
-0.5,0.1,0.580666216666217,-0.49032028309688,0.0233114747606166,-0.485827632960147,0.0612499990343778,-0.384615272503238,0.0397995025159451,-0.272470735396843,0.0240146534058562
-0.5,0.1,0.578744882744883,-0.480211972460536,0.0203675319168512,-0.446442014826343,0.0674325668856826,-0.634223288030025,0.133431068077067,-0.29716859590592,0.0233184262382984
-0.5,0.1,0.61833417033417,-0.490873400242981,0.0233114422705716,-0.580525580750602,0.077665457661345,-0.477469544479142,0.0474824726310442,-0.311869566007595,0.0234824192722336
-0.5,0.1,0.559692415692416,-0.532822702742024,0.0235822016927148,-0.374681711700524,0.0581851069105524,-0.738362836664578,0.155386261853222,-0.318288420691303,0.0247521910009526
-0.5,0.1,0.57040161040161,-0.49874792518653,0.0261964964709625,-0.40040829229707,0.0756047942217701,-0.403123221452733,0.0506277525733622,-0.271862334755316,0.0257981517366232
-0.5,0.1,0.558842142842143,-0.466945105094042,0.0241571087900101,-0.458740352045633,0.0867398863226628,-0.405495882250946,0.0475573686408181,-0.271663062406871,0.0218102869083865
-0.5,0.1,0.56766921966922,-0.492061650299545,0.0232502071285288,-0.57072641150238,0.0953161911636308,-0.43127092749472,0.0545690178685995,-0.2581460769724,0.0234603154458354
-0.5,0.1,0.577798957798958,-0.520144852162369,0.0249177210198903,-0.614721497096045,0.082663295294143,-0.486774450808673,0.0495503787214598,-0.32993730562255,0.025042850267669
-0.5,0.1,0.577807573807574,-0.484218519683607,0.020202276185709,-0.332952783956628,0.0596867505041655,-0.479399594067863,0.0688882227174866,-0.288562021437074,0.0215178994397531
-0.5,0.1,0.60379191979192,-0.492132148335804,0.0231624965505752,-0.475181982441556,0.0688778128106817,-0.461991592057549,0.0566456506526534,-0.284970894597472,0.0248165564203855
-0.5,0.1,0.588314988314988,-0.501996134236066,0.0234943198438256,-0.444330209365849,0.0770963508403641,-0.485750093820265,0.0628917515636703,-0.305297828453733,0.0248319481399498
-0.5,0.1,0.608129012129012,-0.499784030011317,0.0231085191692506,-0.580700941937946,0.0988314827040682,-0.449943921870056,0.0498535522743771,-0.304213672316692,0.024224140160447
-0.5,0.1,0.58977346977347,-0.43575254232424,0.0244557220729762,-0.455072208646525,0.0816353522291677,-0.414523200681612,0.0530539036954994,-0.244025668400729,0.0227815474464475
-0.5,0.1,0.605571833571834,-0.483690195780168,0.0215230378089956,-0.546876308855453,0.0979474465399603,-0.524556772046211,0.0782539408498906,-0.28803724543982,0.0246507216738833
-0.5,0.1,0.638423582423582,-0.458215492972907,0.0202248660012179,-0.451137439035475,0.0493519417766141,-0.404442708019934,0.0376241090825563,-0.276555945569415,0.0222143364864491
-0.5,0.1,0.593634833634834,-0.509369973501755,0.0279802640874029,-0.637713317927001,0.105387340959019,-0.392458814565937,0.0429906303841084,-0.289042547777323,0.0257069029572847
-0.5,0.1,0.611113595113595,-0.509697368378931,0.0266006705669265,-0.521933435308056,0.0669934821933083,-0.493364731985341,0.0670572271873375,-0.310183428144846,0.0262713310793274
-0.5,0.1,0.582652734652735,-0.515665393392154,0.0232330323465567,-0.517401452241521,0.0851740675215086,-0.432912818856447,0.0416233366865349,-0.3010861717242,0.024442793138458
-0.5,0.1,0.588674292674293,-0.476060605730817,0.021098549951113,-0.514771410108719,0.0662635429400202,-0.385520776710206,0.0373392595417732,-0.278228415003325,0.0227188784298439
-0.5,0.1,0.610461682461682,-0.553777343672512,0.0292097700296201,-0.660799481428521,0.104227551576714,-0.567226295825277,0.066424107121828,-0.35287064335097,0.028775985195528
-0.5,0.1,0.600641244641245,-0.47656143014078,0.0223918324803609,-0.563000901251041,0.0933907569009902,-0.449113292093044,0.0467508377614481,-0.312907559284182,0.0210503869144925
-0.5,0.1,0.574898350898351,-0.483654563374957,0.0227840770988206,-0.434301901704034,0.0820638220011904,-0.492480083895937,0.0648173529850394,-0.277608311600417,0.022919427975143
-0.5,0.1,0.578467346467346,-0.508734379949954,0.0230930720237164,-0.524258961396313,0.0612301146764937,-0.479751675139359,0.0560643855451973,-0.298279132644042,0.0261233742118434
-0.5,0.1,0.605279717279717,-0.476771029237422,0.022374583579359,-0.49601823384475,0.0883226578930763,-0.495413589306188,0.0664092438343772,-0.302785541787268,0.0247497241458044
-0.5,0.1,0.598029166029166,-0.480933076187113,0.024151057493451,-0.488327042153658,0.0669300390834135,-0.552346832532953,0.0906438829346395,-0.293151421692778,0.0233466447510286
-0.5,0.1,0.571955863955864,-0.507956886738498,0.024067353205447,-0.464675351083892,0.0913932815780086,-0.502787460287261,0.0645448916952621,-0.286394095404423,0.0235665105267417
-0.5,0.1,0.588784896784897,-0.542542805591651,0.0261834838375059,-0.390847389550712,0.0513065416484862,-0.549645990383955,0.0732323424322709,-0.300383514427046,0.0294979246337336
-0.5,0.1,0.571758475758476,-0.48376810596759,0.0252527934827928,-0.506648246131706,0.0724996263734445,-0.578837517597131,0.103723461465579,-0.265944715737699,0.0236601575995115
-0.5,0.1,0.610123486123486,-0.541213160698906,0.0253298544291229,-0.341744066306513,0.0575585602441334,-0.477964175103514,0.0554454810489778,-0.311326131710037,0.0263894907901606
-0.5,0.1,0.547256611256611,-0.503993611383866,0.0257606082223153,-0.433315369709784,0.0861192064716498,-0.617945587312661,0.121228751657545,-0.290226948845957,0.0254114386870166
-0.5,0.1,0.610646002646003,-0.504128102472396,0.0256676561681301,-0.675294411894202,0.109601487093601,-0.480845278517124,0.0564065332889695,-0.318506750483885,0.0257610741578153
-0.5,0.1,0.5762268002268,-0.482675133371737,0.0244445923107513,-0.454104625772275,0.0745653419757086,-0.445103569070936,0.0544782284185048,-0.300855715789266,0.0254137323446912
-0.5,0.1,0.574793938793939,-0.524946736628798,0.0259416088250799,-0.527957098488174,0.077298902288918,-0.436921975105196,0.043512883380222,-0.282022271383011,0.0235664970297695
-0.5,0.1,0.597175569175569,-0.515884627454519,0.022905031342521,-0.641951038429736,0.0805229709966091,-0.497077809511145,0.0553042176665849,-0.304354763304646,0.0239822468814197
-0.5,0.1,0.56580286980287,-0.516590978439405,0.0246835216776769,-0.578851949599131,0.116084783204486,-0.46089318891985,0.0553329782573625,-0.305359477463429,0.0268884207270524
-0.5,0.1,0.616388824388824,-0.511551928098298,0.0283272948853379,-0.608498254306995,0.105429692693941,-0.515337304674593,0.0583389641852764,-0.325163458637238,0.0276397147036765
-0.5,0.1,0.632615888615889,-0.524223595139886,0.0244333741049582,-0.630270215372994,0.067628181470488,-0.480920948332804,0.0564113720829065,-0.305855340542252,0.0254885497786067
-0.5,0.1,0.589296709296709,-0.501691183125652,0.0247139488522528,-0.501049232695385,0.0433438684514121,-0.514906855345715,0.0696182984385724,-0.287709218459774,0.0252635988365883
-0.5,0.1,0.60039414039414,-0.508105795352394,0.023722287888549,-0.553854284249325,0.0706181051226847,-0.563911110422452,0.0738382875344086,-0.316071857347655,0.0222508629737127
-0.5,0.1,0.582287178287178,-0.510667796529466,0.0254069671535567,-0.544534772313004,0.0956119615986217,-0.522585494802782,0.0767077389953095,-0.291291636791058,0.024302745810121
-0.5,0.1,0.585131733131733,-0.478840423753964,0.0235875761831078,-0.482770164935972,0.0495565396367948,-0.426003136436367,0.0532719563056044,-0.284852127042285,0.022780028258282
-0.5,0.1,0.644495576495577,-0.469756161207056,0.0211652845326098,-0.359353701611701,0.04417195168418,-0.505360424528239,0.0545385497735493,-0.316623803985111,0.0227742519403136
-0.5,0.1,0.574770082770083,-0.472813614587397,0.0227529853379925,-0.48253422781471,0.0695526714034893,-0.553233193072333,0.0895320152171444,-0.274268525238395,0.0240989091066986
-0.5,0.1,0.581473289473289,-0.507106775934929,0.0223541050671903,-0.608785395295629,0.0812134057414402,-0.521616109677307,0.0598983769861988,-0.312267400834104,0.0228913459854022
-0.5,0.1,0.594756894756895,-0.489616913286971,0.0219788137894908,-0.532351661010456,0.100446613206792,-0.466316493672118,0.0547460880942272,-0.3016503394888,0.0258617419873408
-0.5,0.1,0.58625221025221,-0.502089235123502,0.0237990149208232,-0.371569122994492,0.0615815753717771,-0.550598065931563,0.0717358928655843,-0.29332505769115,0.0248162905075117
-0.5,0.1,0.573612105612106,-0.488739039364575,0.0238138116072854,-0.383334486895188,0.0469969402320762,-0.490149005614175,0.0614682577062969,-0.283030096861716,0.0231895113517761
-0.5,0.1,0.597729405729406,-0.511651184488364,0.0258593714506275,-0.475486479977439,0.0632976302976912,-0.552411876569573,0.0702279388478701,-0.322863695283072,0.0251868078311802
-0.5,0.1,0.580053304053304,-0.541918718429183,0.0257220212340688,-0.812331517219286,0.111659945274123,-0.590232206977379,0.0665900548210772,-0.358059241639336,0.0254194017351037
-0.5,0.1,0.589946401946402,-0.472944001328925,0.0209282166309969,-0.419303875576655,0.0750847900446502,-0.538970692897086,0.0847574254571827,-0.296223615742087,0.0205314534340739
-0.5,0.1,0.605960633960634,-0.510418943418123,0.024676414218885,-0.525640077769174,0.0685361431064443,-0.511835358596672,0.062433840914247,-0.313719951793002,0.0233461845409121
-0.5,0.1,0.616509184509184,-0.47587454755506,0.0242144954415144,-0.445411117426393,0.0680553072065808,-0.441289877701215,0.049892202507221,-0.295634454944967,0.0241002148100787
-0.5,0.1,0.638900102900103,-0.489707872482173,0.0250104819899602,-0.58250398678696,0.108844242460504,-0.482002993566346,0.0525175016650393,-0.313315142696582,0.0263825781504225
-0.5,0.1,0.559028659028659,-0.520694749954861,0.0266559903635793,-0.437389812245517,0.0564732343351804,-0.499443129861551,0.0798267080745882,-0.291934928110465,0.02670064716708
-0.5,0.1,0.563506631506631,-0.525926877270054,0.0264914841747699,-0.544890559776788,0.0617157752948955,-0.447910099751563,0.0544731717475105,-0.278495976057305,0.0248280949040045
-0.5,0.1,0.585045105045105,-0.509539267152076,0.0249655227248118,-0.578376589148432,0.0943979154845337,-0.444783239665731,0.0505231682800195,-0.300930306769301,0.0242725896844195
-0.5,0.1,0.629684501684502,-0.524934504170402,0.0271880259398055,-0.58008079970635,0.142084338296692,-0.478996150051045,0.0553369956195939,-0.319666024699221,0.0274188696205518
-0.5,0.1,0.573066081066081,-0.513801045636388,0.0215823754450985,-0.705861092675009,0.0722566209482101,-0.553036794758342,0.0947938606695044,-0.28030898775306,0.0212070524794037
-0.5,0.1,0.546191598191598,-0.514307878393006,0.0215286369438755,-0.472411663658916,0.0736980465933782,-0.470267201245975,0.0550982615942654,-0.281211561573729,0.0243113738882486
-0.5,0.1,0.622569238569239,-0.511238729537668,0.0243392984749617,-0.508011262870742,0.0624986752027834,-0.50409673252239,0.0610348179131619,-0.299290722477892,0.0270569896653168
-0.5,0.1,0.612128076128076,-0.474275547532563,0.0249340545103651,-0.60075462273511,0.0861411719470778,-0.429408289751698,0.0483341626521017,-0.289834199828145,0.0247270551955498
-0.5,0.1,0.590506034506035,-0.514064236269704,0.0294882620846919,-0.731146653052015,0.0892510445257626,-0.432272529273402,0.0518085148697434,-0.287529286147325,0.0258007526618038
-0.5,0.1,0.597126057126057,-0.505143856285085,0.0268195159130771,-0.581417056214204,0.098440402603064,-0.505503166587502,0.0586284998961373,-0.305467737571882,0.0272394632445211
-0.5,0.1,0.56749947949948,-0.467218961605757,0.0240736506125569,-0.453634432586203,0.0715473420381556,-0.523270578613695,0.0766245146196162,-0.276557398102676,0.0234926489198841
-0.5,0.1,0.621934125934126,-0.527413796727389,0.0254826181743774,-0.498561923196988,0.079758896233508,-0.472938951094296,0.0486476055944841,-0.316917918205695,0.024324409136666
-0.5,0.1,0.607384315384315,-0.428732675322425,0.0205003233960104,-0.381150186639891,0.0610373170397298,-0.416072468577304,0.0438872961219271,-0.276214557550172,0.0221781823136855
-0.5,0.1,0.58814754014754,-0.500444096732889,0.0212967298554868,-0.445375394353633,0.0488819722619367,-0.460517173159594,0.0659378258993662,-0.262221081091237,0.0227287135202519
-0.5,0.1,0.623345507345507,-0.517842346656881,0.0221001139914757,-0.527650632453569,0.100168179756589,-0.535222114200885,0.0718981503941668,-0.314609664825522,0.0219389323544641
-0.5,0.1,0.580939180939181,-0.472145852969231,0.019308411414596,-0.528688519257346,0.0853830629690883,-0.49437907838747,0.072658991590805,-0.269175373298851,0.0215502782250177
-0.5,0.1,0.57369546969547,-0.561965032181953,0.0259452696438579,-0.618569308114051,0.105511171378941,-0.641081057776275,0.100707213717073,-0.319525316418064,0.0273668828791618
-0.5,0.1,0.562984450984451,-0.529668341660482,0.0242555430706161,-0.735217824830392,0.173434426278208,-0.568429745210939,0.0925736909225115,-0.288280796460879,0.0236529859715323
-0.5,0.1,0.599413607413607,-0.526886086424804,0.0236069566055328,-0.593904672511969,0.0744129187573654,-0.48847753542213,0.0476756220845454,-0.331230046846336,0.0248399729703264
-0.5,0.1,0.604116328116328,-0.500670403906185,0.0235955516366904,-0.344989880987656,0.0425492798527354,-0.377927076135168,0.0411127703660347,-0.266841183747787,0.0243958866048491
-0.5,0.1,0.585850713850714,-0.520089447791456,0.0228772644166966,-0.49693750067622,0.0762605392617641,-0.575467130849299,0.0805712899368874,-0.31285257056953,0.023706556278604
-0.5,0.1,0.599344487344487,-0.473117271875126,0.0241069343154102,-0.543145373169295,0.0576785080535822,-0.450296029965569,0.0550894852137785,-0.298684031819491,0.022383264367754
-0.5,0.1,0.621584181584182,-0.486261869917802,0.026457122319243,-0.463552087996207,0.0788936453261234,-0.469599572495591,0.0591599760938262,-0.288990135600957,0.0231154742582451
-0.5,0.1,0.630659790659791,-0.513636656373943,0.0244004940220561,-0.513815340999646,0.0728161604672702,-0.593774159060973,0.0859669142862847,-0.33319075768414,0.0244236922361846
-0.5,0.1,0.611282795282795,-0.519064699319391,0.0257926445369275,-0.581057631609222,0.110841329973881,-0.514867264555312,0.0495121298415195,-0.338287934046724,0.0256493022773225
-0.5,0.1,0.554408906408906,-0.472598134489237,0.0238914023350536,-0.46311075828321,0.0704353813668976,-0.471513279022377,0.0678982884105162,-0.268259312593978,0.0261863615395598
-0.5,0.1,0.579998235998236,-0.506746193159148,0.0243740576859204,-0.41722704664737,0.0482788336890191,-0.559258567596488,0.0833817350415808,-0.310623420420261,0.0256884424853149
-0.5,0.1,0.616729660729661,-0.500622740289225,0.0235378930520525,-0.477821510087184,0.070695538462847,-0.478569760034997,0.0545893446959653,-0.314712234839813,0.0233291111735826
-0.5,0.1,0.600867468867469,-0.480893955999649,0.0224295141077608,-0.345489949489089,0.0571899775859409,-0.522956048120334,0.0932000413543633,-0.270764809916205,0.0226982996097049
-0.5,0.1,0.56631821031821,-0.500003718202822,0.0228564075352586,-0.557084104751521,0.122246275204088,-0.449729353982383,0.0485000492125386,-0.289163652990714,0.0240868629302845
-0.5,0.1,0.61024489024489,-0.514847544342785,0.0252748773851559,-0.462922939181116,0.0579244069812507,-0.580939932173223,0.0801205661301008,-0.326122169988277,0.0239500030491827
-0.5,0.1,0.611019623019623,-0.53886865324997,0.0245187231791168,-0.627059538269534,0.097460284854796,-0.639529687190853,0.0734976245241271,-0.341998292863896,0.0263555640437687
-0.5,0.1,0.596918636918637,-0.486111247031563,0.0253963647546141,-0.437625683448352,0.085330988151455,-0.53894530626871,0.0990415664732735,-0.274245973724629,0.0277100801887245
-0.5,0.1,0.58217409017409,-0.499842964722324,0.0229510383464542,-0.594155911072211,0.106555146906961,-0.429923233091053,0.0552882858329497,-0.283872020673479,0.0248471874883866
-0.5,0.1,0.573589893589894,-0.516518326741457,0.0248362111110594,-0.463740092546876,0.0884099963115234,-0.487430688712144,0.0590440927446391,-0.310254150868401,0.0244254573682741
-0.5,0.1,0.57216332016332,-0.520115061010698,0.0245672064741056,-0.656917728426041,0.123244958182455,-0.517102540321339,0.0710001497514308,-0.305133442645449,0.0225077313697396
-0.5,0.1,0.602414414414414,-0.485823663696301,0.0238228437395829,-0.35262734416963,0.0609822331016818,-0.519905306782387,0.067782217556875,-0.305870653794794,0.0232185870029116
-0.5,0.1,0.578922434922435,-0.523933632659359,0.0239676746252899,-0.503981010220953,0.0472953314520614,-0.507710351213963,0.063563222810425,-0.301484044335207,0.0236398794571531
-0.5,0.1,0.621689025689026,-0.536428306545823,0.0256148854494431,-0.449048966184932,0.0560181698156752,-0.529718418619821,0.0580122801403072,-0.334668237551539,0.0247879306533645
-0.5,0.1,0.624433392433392,-0.473064851286904,0.0264116849595679,-0.626803609238704,0.0811107351464676,-0.450189394251945,0.0562329049198389,-0.287809543807442,0.0248472683764263
-0.5,0.1,0.599644583644584,-0.520443311378953,0.023898675645565,-0.627070083450115,0.0676736980379438,-0.457244826862102,0.0562363992556845,-0.30709407356731,0.0256863712783097
-0.5,0.1,0.597683085683086,-0.440476430204308,0.022292870921096,-0.521079510544362,0.109558551596211,-0.562214758471773,0.0804201508659955,-0.293452710597652,0.0227718654821267
-0.5,0.1,0.63968745968746,-0.518993956328393,0.0220799593657714,-0.47515147591316,0.0847974159183119,-0.505307593118513,0.0588993947022555,-0.314572280235179,0.0224202665650576
-0.5,0.1,0.576988416988417,-0.503969717216277,0.0259220321145325,-0.547824100711852,0.0616299057391109,-0.706355764623768,0.146215169993449,-0.316515535719783,0.024568024765388
-0.5,0.1,0.643144387144387,-0.482819054064676,0.0242874703469553,-0.435307275235757,0.065670002999581,-0.497649087906157,0.0564481028387578,-0.329532508745075,0.0249069563804432
-0.5,0.1,0.570839574839575,-0.527095051328418,0.0280002387867751,-0.464208439026588,0.0523213941091853,-0.552019724877903,0.0716185210976788,-0.312302611756551,0.0265196476489666
-0.5,0.1,0.58563510963511,-0.472477840430914,0.0232709115209202,-0.436936296257174,0.059218439612144,-0.5010587184901,0.065226157735904,-0.294328281726009,0.0209897642768551
-0.5,0.1,0.593762897762898,-0.463303375568118,0.0235582913051361,-0.414567855147704,0.0522463589371443,-0.517461963806078,0.0801367580620472,-0.266212823090914,0.0226051049780649
-0.5,0.1,0.602619278619279,-0.489984853610157,0.0249072643468482,-0.53344097852043,0.0617719557686591,-0.468370690090561,0.0604519508457058,-0.27635916687092,0.0233256100321212
-0.5,0.1,0.53978321978322,-0.516392801970924,0.0227545314120604,-0.502504829470118,0.0708839715081788,-0.523487217260404,0.0634843629174175,-0.304999170611934,0.02339079812943
-0.5,0.1,0.603633927633928,-0.47137164818611,0.0208635420834019,-0.582114707480604,0.0852504551775013,-0.427031431272575,0.0459363609183707,-0.285853915658999,0.0212562410409302
-0.5,0.1,0.612763296763297,-0.480015576884017,0.0249659144526374,-0.56583540118765,0.0985116790492112,-0.480486859746702,0.0517223381914807,-0.303960453018766,0.0242576809679642
-0.5,0.1,0.616932916932917,-0.503580257072676,0.0239795061993472,-0.698754478627394,0.110326881562536,-0.485665906806286,0.0592137683923368,-0.307194154955295,0.0246691736240432
-0.5,0.1,0.604132084132084,-0.47121666456875,0.0225087611757374,-0.439469833292296,0.0839858144936109,-0.391570755611861,0.0534945366410927,-0.252805849640404,0.0222039156666315
-0.5,0.1,0.622419394419394,-0.49215063317101,0.0233324857749964,-0.376799128845436,0.0440508154809582,-0.440557780396347,0.0420176358686558,-0.311001092706212,0.0216287171871423
-0.5,0.1,0.573867657867658,-0.484659133695288,0.0224432992735241,-0.562800296798085,0.0645265715232985,-0.472256198681247,0.0617341251961698,-0.28860003227467,0.0217009696810401
-0.5,0.1,0.640683160683161,-0.509938648245409,0.0254389313568438,-0.587220497981408,0.0991507993374271,-0.533161974267647,0.0682403987630831,-0.326996322221528,0.0261408913289797
-0.5,0.1,0.603027063027063,-0.469203151243999,0.0204935853665005,-0.519092568582518,0.072614291635869,-0.477735755859718,0.0629194804168315,-0.281089027654111,0.0228807804553953
-0.5,0.1,0.620835752835753,-0.536057584419463,0.0257162037961215,-0.512902819026102,0.0793220954383633,-0.485220368445224,0.0548187836080549,-0.330092040913719,0.0275438983565739
-0.5,0.1,0.609179301179301,-0.50514831630992,0.0258754016282297,-0.683534436271822,0.0497673290236831,-0.475112197237604,0.0470881490406656,-0.316991580088609,0.0253407638743269
-0.5,0.1,0.60604023004023,-0.505386351227189,0.0208097293464076,-0.425636455185051,0.0634366968069293,-0.489277493908661,0.062932241518604,-0.300027852520501,0.0230714427318523
-0.5,0.1,0.578178614178614,-0.453235738234939,0.0201000158585427,-0.513664467214705,0.0739437205728544,-0.496900595355595,0.0611721633845536,-0.282432265440319,0.0212107980581257
-0.5,0.1,0.600719004719005,-0.513318367893782,0.024321854493019,-0.403643471531097,0.0856120753556109,-0.60919966169716,0.113412117176817,-0.29728207899212,0.0267015403375125
-0.5,0.1,0.587490659490659,-0.481224913047161,0.0215513589468383,-0.497441806503593,0.0646750552188354,-0.497446131138324,0.0673040242126026,-0.279562209623004,0.022806833625085
-0.5,0.1,0.59434497034497,-0.502211805922295,0.0220130466876554,-0.54576587111114,0.0896053642146141,-0.477102440821219,0.0574952786698671,-0.294634037762273,0.0224707218779901
-0.5,0.1,0.560387000387,-0.489205792974432,0.0229700122811165,-0.304695257902228,0.069922800312939,-0.438492858935309,0.0620990364538587,-0.262393686029954,0.0229449158537515
-0.5,0.1,0.613251217251217,-0.56027131181625,0.0267294723914217,-0.530620538240109,0.072983740121183,-0.713566747681087,0.110168014904233,-0.351310416642378,0.0283640760589727
-0.5,0.1,0.581718797718798,-0.514858821335581,0.0255281818033208,-0.610947972166423,0.0952535899794385,-0.527066977187234,0.0646225100187962,-0.306688175606985,0.0232663656164323
-0.5,0.1,0.627217299217299,-0.54181743723894,0.0267259414927124,-0.679742251474658,0.0914661123326041,-0.530166232972866,0.0579865963876713,-0.350125167909448,0.0260565372579296
-0.5,0.1,0.615398115398115,-0.480423794306122,0.0251716852820412,-0.524995874533115,0.0817271115910971,-0.40673475785226,0.0430968061696976,-0.28081908128051,0.0246075173959725
-0.5,0.1,0.592618204618205,-0.509087952217532,0.023329933111965,-0.615857154535235,0.0808250922475333,-0.571052425845631,0.0744548558414384,-0.306330084707868,0.0249715821881759
-0.5,0.1,0.600483744483745,-0.513372458417427,0.0254826481926998,-0.499212866883978,0.0825167474352544,-0.600681671879613,0.0844028688414505,-0.318724965151623,0.0238909623480665
-0.5,0.1,0.625421965421965,-0.490084825621585,0.021440815472844,-0.531573862919214,0.0569150990150718,-0.475842201183127,0.0452377227901463,-0.323388486007195,0.0219046704057306
-0.5,0.1,0.600988536988537,-0.498428286267624,0.0255512840062551,-0.428553427371982,0.0439748763866049,-0.558248762433695,0.0730570022220033,-0.328202812102139,0.0241982773734551
-0.5,0.1,0.563381519381519,-0.488506168970825,0.0231802705195085,-0.475611369929087,0.070626849990443,-0.408430903209337,0.0531753096743187,-0.253854323376304,0.0246025777624128
-0.5,0.1,0.569064149064149,-0.50760899306807,0.0229427609299511,-0.347696696773078,0.0569165069003389,-0.515423959142224,0.0756266293850279,-0.278625107811777,0.0218573149499945
-0.5,0.1,0.619572535572536,-0.472821555664086,0.0225257929088883,-0.607407742611349,0.100722128645773,-0.512025789302409,0.0659979009938596,-0.305915005114914,0.0251424347951046
-0.5,0.1,0.607553443553444,-0.513638218767673,0.0264339108391741,-0.692081120804211,0.0964191806523752,-0.511282283446136,0.0611170901778948,-0.311931744989012,0.0249902230988564
-0.5,0.1,0.610540450540451,-0.473112449921724,0.0250263241222042,-0.373140310586325,0.0699839574627335,-0.43559676202123,0.0542753287100923,-0.273535177877798,0.0251893389140646
-0.5,0.1,0.608737580737581,-0.516763124702061,0.026065938300126,-0.439082824509513,0.0625606871898884,-0.506672019414158,0.0759260465858253,-0.281305191405837,0.027737275537468
-0.5,0.1,0.637927513927514,-0.493174058943296,0.0237423297736263,-0.376975160324972,0.0490230703113388,-0.482246460377999,0.0517903085699527,-0.312055893151613,0.0230119952824197
-0.5,0.1,0.562893022893023,-0.488554422103327,0.0229401077301969,-0.487833633734071,0.0844476725931448,-0.470013134219892,0.0571752956691294,-0.285059082022043,0.0243047051397444
-0.5,0.1,0.56815978015978,-0.505804106960979,0.0275071509891879,-0.427140339551441,0.0575037487472285,-0.494123139740332,0.0537851541476683,-0.311467348537006,0.025116332745837
-0.5,0.1,0.593613401613402,-0.476359145301878,0.0217875407854316,-0.599693132056855,0.0674642896184128,-0.389817088034203,0.0441930017553908,-0.270769362546846,0.0249618065298088
-0.5,0.1,0.579172575172575,-0.508630251077422,0.0265751488474884,-0.482659845362611,0.0562679982792563,-0.550022769021303,0.0764079680985975,-0.299912144345641,0.025352864858301
-0.5,0.1,0.61423571023571,-0.510352807144861,0.0232033719279978,-0.573669638251448,0.115354216415366,-0.511607245492321,0.0693158869343285,-0.302258000488714,0.0244803103747655
-0.5,0.1,0.609743205743206,-0.465552759925324,0.0235249052398722,-0.495809765721737,0.061284158012489,-0.519082933176434,0.0893470648817391,-0.268604242257011,0.0228333419770871
-0.5,0.1,0.583389463389463,-0.48890673451809,0.0248301425452824,-0.436643092139302,0.0758497073885942,-0.490313157474845,0.066423253518125,-0.284654383662985,0.0245636551339342
-0.5,0.1,0.568148224148224,-0.515235710539609,0.0238428022307039,-0.61617112071591,0.087086038428071,-0.550663427004499,0.0874328434020333,-0.283403156874343,0.0247012213747196
-0.5,0.1,0.626633642633643,-0.505903400228156,0.0257669830918125,-0.581188298308055,0.0780133692618492,-0.426764703610187,0.0422224914535248,-0.301206030406834,0.0251227768015324
-0.5,0.1,0.601220665220665,-0.4862169770526,0.0225038881771345,-0.423225585379444,0.0704211413987344,-0.505517190363245,0.0598518205946679,-0.300350984142355,0.0232484002729122
-0.5,0.1,0.55361044961045,-0.523221524871934,0.0247937313877381,-0.541546738751539,0.067191526563342,-0.581059733895756,0.0899321504395844,-0.31095801505856,0.0246288497464107
-0.5,0.1,0.593627705627706,-0.489087559397999,0.0227043013499621,-0.547978332613218,0.0585585222426368,-0.462875188883788,0.0557052020747599,-0.292725031230326,0.0255766517768977
-0.5,0.1,0.611478371478371,-0.503289652956231,0.0254760490202311,-0.412366152568457,0.0754386669352149,-0.565544857557757,0.0735107220717047,-0.329485594800212,0.0249563563109029
-0.5,0.1,0.599870747870748,-0.495889942584925,0.0244690120364854,-0.899508911301018,0.152660468345188,-0.56014787704103,0.0735330410154695,-0.309829885076026,0.0259060014916511
-0.5,0.1,0.565041241041241,-0.529402155221704,0.0288918273384001,-0.53069524455299,0.0996501595523143,-0.557200971835374,0.0763822121312938,-0.316661875419811,0.0281039668180835
-0.5,0.1,0.561843885843886,-0.487532685202679,0.0229629291750025,-0.420246591847818,0.0546982563019372,-0.60140191176216,0.11155858257035,-0.276562203071747,0.0225760132091945
-0.5,0.1,0.580949584949585,-0.504581556767349,0.0248904619643677,-0.39087262831845,0.0450056247400397,-0.448736019040997,0.0553635344498632,-0.291438744566857,0.0236920948492417
-0.5,0.1,0.600107388107388,-0.49527660321789,0.0246076944149358,-0.493833675469223,0.112500494887799,-0.540558113814018,0.0705426947922159,-0.323360193361345,0.0235652791107999
-0.5,0.1,0.59153397953398,-0.51397652411548,0.0254146674400808,-0.47320098570047,0.0865443315675703,-0.479422593496264,0.0737405464132289,-0.298208426262877,0.0266806409115198
-0.5,0.1,0.545306429306429,-0.520720441994547,0.0228742804461317,-0.752508732383834,0.1297799507828,-0.589862040021643,0.112710517179056,-0.265689406897558,0.0266985934293366
-0.5,0.1,0.59636978036978,-0.490000340502076,0.0247285442928354,-0.634593753422491,0.101788780893194,-0.438662179017735,0.0468586608600772,-0.288981558544615,0.0258536179672737
-0.5,0.1,0.637103149103149,-0.514181310032636,0.0238452128367421,-0.48901241196036,0.0689799865937803,-0.476253635008867,0.0526475701724391,-0.322019061850504,0.0258240895076015
-0.5,0.1,0.597674373674374,-0.514827579173248,0.027168537635033,-0.617622345194287,0.074281103632572,-0.451246271067799,0.0529736529875571,-0.281354757337322,0.0275086359186378
-0.5,0.1,0.601190557190557,-0.498006687226302,0.0244209311250273,-0.651043445820554,0.14152804544328,-0.420291547496667,0.0452583723494603,-0.278039264944635,0.0240726419545917
-0.5,0.1,0.595036831036831,-0.505470220971284,0.0248077654584985,-0.377907819573737,0.0622451627188147,-0.586800318887994,0.0885304752747851,-0.321442834052758,0.0249426510766835
-0.5,0.1,0.569913713913714,-0.457011122691171,0.023287554858867,-0.444319587822089,0.0867575607713448,-0.547552908078655,0.0992396075166127,-0.261626483822307,0.0243462137933513
-0.5,0.1,0.62988020988021,-0.501508544137679,0.0250517911406986,-0.400540844264695,0.031776316480334,-0.52279648824093,0.0678175720905278,-0.315061328206394,0.024544852302572
-0.5,0.1,0.57763336963337,-0.502734752549363,0.0235412148142193,-0.393152118955669,0.0567089530048999,-0.605103043015616,0.11373277012349,-0.2920581812987,0.0229779173143015
-0.5,0.1,0.598659262659263,-0.492828828257489,0.0247071645315903,-0.492562031507531,0.0738221437876119,-0.478882709614317,0.0585032024573692,-0.282455667956522,0.025862671803598
-0.5,0.1,0.601419841419841,-0.470585708780412,0.0229243951455242,-0.470930199526588,0.0712357266645716,-0.469801431296435,0.0598586181365752,-0.289847131750001,0.0222586952711923
-0.5,0.1,0.596128856128856,-0.517915597372405,0.0233890708040397,-0.372864768817954,0.0587606505905633,-0.56564069583882,0.0828677450379113,-0.286957589506457,0.0231879544587428
-0.5,0.1,0.581873501873502,-0.464729934458509,0.0221920984648873,-0.635915436966857,0.0743056045691069,-0.498071286983025,0.0666577370697057,-0.281063993085937,0.0231691633073337
-0.5,0.1,0.590302154302154,-0.494889370095472,0.0244728641119474,-0.542479715685925,0.0579707539482937,-0.459917456314717,0.0504814855292472,-0.298342029661449,0.0261157019251994
-0.5,0.1,0.599614175614176,-0.495418631505803,0.0251043037680106,-0.376395015260816,0.0526690141982075,-0.439729187034879,0.0479055149451038,-0.279100018933421,0.0230999617912177
-0.5,0.1,0.614124026124026,-0.498119352477722,0.0291244892298134,-0.519064845606038,0.0785143601287913,-0.47719970054938,0.051508713200904,-0.307724107193678,0.0292981065436833
-0.5,0.1,0.563899703899704,-0.494834523744741,0.0247369337741025,-0.619994839562304,0.0769327833292027,-0.53573665083418,0.0870045513823905,-0.277881260207507,0.0235997012424914
-0.5,0.1,0.606333018333018,-0.5090540505847,0.0226703465759502,-0.478423384682206,0.0581624049591649,-0.447340077713521,0.0476149712351708,-0.299555205822793,0.0230437016405653
-0.5,0.1,0.580223224223224,-0.447125752536746,0.0235382225631979,-0.411350170536934,0.0748492973479498,-0.465277907117351,0.0591720979088649,-0.269605610758508,0.0250623400781945
-0.5,0.1,0.591323307323307,-0.473899266056327,0.0247644285098731,-0.452952139347915,0.0970837816587618,-0.517602759063018,0.074697226513366,-0.289274476570336,0.0224220461499851
-0.5,0.1,0.56175222975223,-0.51294979433108,0.025606526256332,-0.549565116798192,0.0970631909387786,-0.478108651978076,0.0652019883040861,-0.271388084638431,0.0262227974982841
-0.5,0.1,0.612460836460836,-0.545182380249898,0.0243151872284229,-0.684919234877805,0.12225580576955,-0.492579506896918,0.0454588508187149,-0.342520631268763,0.0244618797740268
-0.5,0.1,0.616339288339288,-0.519374098956865,0.0238161854439086,-0.910090851962449,0.144196464200896,-0.495928535776945,0.05914772764035,-0.3088423039897,0.02180458408546
-0.5,0.1,0.566510690510691,-0.539895424777928,0.0268655684794645,-0.479862939152083,0.0619732211220126,-0.577917491911665,0.0781033266817442,-0.305323624379708,0.0251775635946131
-0.5,0.1,0.557660345660346,-0.458897877411073,0.0212944711496249,-0.491744429268433,0.0740163179655565,-0.447136246052914,0.0507316993707532,-0.276822113404388,0.0220690675803386
-0.5,0.1,0.607722127722128,-0.506098607296351,0.0231368488823992,-0.460228764280902,0.0541999134309155,-0.429847630496557,0.0502366152389262,-0.30360925432449,0.02441393644326
-0.5,0.1,0.608514176514176,-0.509559432241222,0.0249880748589064,-0.612932445536885,0.069903103143764,-0.494168612797327,0.0500884945026087,-0.320884622468957,0.0252330970047117
-0.5,0.1,0.590844326844327,-0.471614821615787,0.020578684056396,-0.407453744417119,0.0693409113283639,-0.492863127390684,0.0738547807630225,-0.260062488396666,0.0230369857021374
-0.5,0.1,0.594732126732127,-0.507155938446513,0.0230796130247183,-0.568071488566048,0.0994299866341031,-0.469854385951159,0.0504624369908055,-0.29376654487327,0.0245371537254525
-0.5,0.1,0.575360243360243,-0.501701608944855,0.0249083086472688,-0.431789416488986,0.0647780086145699,-0.526288489043892,0.0721566807540153,-0.312828028779931,0.0262258651378315
-0.5,0.1,0.644893832893833,-0.457343133051301,0.0227045905494119,-0.517734952545606,0.0856071355580508,-0.389334351281162,0.0388149164963334,-0.279588822700093,0.0221171484791413
-0.5,0.1,0.618554466554467,-0.473104773167572,0.0215438876690241,-0.603247095492526,0.0628973896715731,-0.614490781659691,0.0972151699415757,-0.290187532722364,0.0228259004061472
-0.5,0.1,0.617142353142353,-0.521804246860265,0.0250933493511822,-0.616940745097285,0.0702700298410487,-0.507197144936101,0.0619875431757961,-0.297076142450336,0.0255363351241089
-0.5,0.1,0.593831333831334,-0.51989381652368,0.0238849645620263,-0.498139927980345,0.0658071155838846,-0.481181426288419,0.0526112425734385,-0.318403584810828,0.0259050008144675
-0.5,0.1,0.56569672969673,-0.507654917343251,0.0222225603874333,-0.521430805566929,0.0613269883258018,-0.462543508509663,0.0621306617617031,-0.26088341570376,0.0249189739791094
-0.5,0.1,0.613176865176865,-0.524725937839082,0.024202987632762,-0.543810929619324,0.101082618112362,-0.520466744892932,0.0542434415473052,-0.325367218431253,0.0278244175339203
-0.5,0.1,0.581425613425613,-0.509070594566984,0.0257505401951504,-0.373759859796701,0.0491868200328142,-0.567854936662203,0.0884974734557366,-0.315667701870244,0.0251607063551366
-0.5,0.1,0.625248265248265,-0.467941213330273,0.0229454937294608,-0.654645621590148,0.120181740488718,-0.427829111625871,0.0529394155724472,-0.279668230209723,0.0212834781771688
-0.5,0.1,0.59247262047262,-0.474023900592822,0.0236437131858827,-0.524532815246677,0.0590019034299171,-0.486489765103255,0.0578681373631925,-0.292318999712097,0.0227023051547728
-0.5,0.1,0.592683868683869,-0.545073765779407,0.0271737192308032,-0.669350285045979,0.106151632437836,-0.555770981979219,0.0704091702572864,-0.330348983157614,0.0277291438333925
-0.5,0.1,0.525412857412857,-0.490171838445721,0.0254982139769201,-0.518415305529858,0.0671484821813624,-0.569252497479126,0.0851564584814363,-0.287849963317381,0.022961533690202
-0.5,0.1,0.595460167460167,-0.497463866269114,0.0252044670406935,-0.409709706168287,0.0539038672519428,-0.457300166888917,0.054696600936367,-0.291580885217288,0.0251742265446975
-0.5,0.1,0.58180310980311,-0.505433852500713,0.0263074018002326,-0.542750598185424,0.0654987480671482,-0.579511612086146,0.0747214088244476,-0.318863182941208,0.0250548590550238
-0.5,0.1,0.61361632961633,-0.547421465028457,0.025169136955193,-0.653522448315454,0.0910280793450335,-0.496908590764975,0.0520976111238577,-0.341343329095338,0.0260943649731518
-0.5,0.1,0.61960465960466,-0.502044096860727,0.024629244058664,-0.748758138837844,0.0904146653566211,-0.478109096147785,0.0476198158767019,-0.313957196194174,0.0242271376929949
-0.5,0.1,0.613330765330765,-0.51925522367209,0.0252764483117903,-0.570190556678369,0.100757607810951,-0.596935789818646,0.0907381905298984,-0.306890338188698,0.0248450300791036
-0.5,0.1,0.563531903531904,-0.536733268370027,0.0239188016582628,-0.526618788474201,0.063605499474132,-0.636957083114548,0.115969534614471,-0.30716621349563,0.0268250334541711
-0.5,0.1,0.606662598662599,-0.49242817449331,0.0254107265188746,-0.462389300554178,0.0621749168601334,-0.557908757049406,0.0795723244775691,-0.29222252177787,0.0258549404471326
-0.5,0.1,0.58436756036756,-0.527758251667519,0.0250038909205006,-0.380869285932087,0.0656644369956278,-0.539109261586824,0.0750824235080433,-0.29078460566809,0.024600715802083
-0.5,0.1,0.583237411237411,-0.510169888283278,0.0281322183607843,-0.52412725222292,0.0909397009325259,-0.537154500628027,0.0827075260671534,-0.284936451761955,0.0248816326763029
-0.5,0.1,0.563025899025899,-0.498366323935544,0.0243114911900034,-0.38224815627874,0.0560557283421522,-0.460859475507953,0.053579214289839,-0.269987340469821,0.0245407183849483
-0.5,0.1,0.593207549207549,-0.454640961811789,0.0242517594238034,-0.401835316672466,0.0409300843256528,-0.457561331816631,0.0667527508096615,-0.234785790401504,0.0234676543803017
-0.5,0.1,0.622170262170262,-0.500481730771153,0.0217649520813566,-0.595438907737163,0.0788141152094274,-0.448303746069977,0.0545484742302145,-0.289919585496044,0.0249611170325089
-0.5,0.1,0.600736716736717,-0.484013118114572,0.0204637252575251,-0.467292708218732,0.0859640927056695,-0.509871581998342,0.0605424700144893,-0.310466873747548,0.0238004027815825
-0.5,0.1,0.584502116502116,-0.518231556644867,0.0261152989235108,-0.587537356234035,0.0814059213163013,-0.442629309463897,0.0490297166934279,-0.295429958938303,0.0248818431279508
-0.5,0.1,0.583140463140463,-0.507380158180246,0.0220614250528092,-0.440974395442828,0.0598753877202031,-0.453826036295413,0.0620246314133628,-0.279973176822063,0.0249612019485423
-0.5,0.1,0.56151720951721,-0.508275162026876,0.0243939621430555,-0.560888573153348,0.0656710611609919,-0.574599954068451,0.0652587379746312,-0.316274065070302,0.0244943040321629
-0.5,0.1,0.601999777999778,-0.490665295999066,0.0235090739419401,-0.47363110807328,0.0844082839591449,-0.617670260307026,0.101474487209312,-0.322125572563482,0.0253328779021717
-0.5,0.1,0.605977973977974,-0.500644834475051,0.0246174275136014,-0.318008475342084,0.0484229316916467,-0.398068146500294,0.0451462381180471,-0.290340247218442,0.0228703291336528
-0.5,0.1,0.585681237681238,-0.500491797548579,0.0263185036592946,-0.715136636647949,0.120953094536889,-0.505894483183681,0.0676136015656243,-0.29101082750962,0.0281098739395548
-0.5,0.1,0.585624081624082,-0.529740811331664,0.0274711151918216,-0.443223761543523,0.0466800283478944,-0.615088547261267,0.0975967022379066,-0.309684298014924,0.026420910534806
-0.5,0.1,0.630094938094938,-0.459668612327885,0.0246281585405015,-0.476243978684433,0.0689062970172555,-0.399039411288658,0.0430581885987193,-0.283910456620936,0.0214847409338655
-0.5,0.1,0.575158367158367,-0.486515556575619,0.0232810857490399,-0.493018655059631,0.0682743452596842,-0.510793853993158,0.0824686617190143,-0.268666313531628,0.0227993418933499
-0.5,0.1,0.545796473796474,-0.505746356131894,0.0253842000195285,-0.536098174658893,0.0825693090058514,-0.517706992041339,0.0697823716808932,-0.285895256473617,0.0244249176756763
-0.5,0.1,0.567791415791416,-0.493617233865796,0.0230162754145388,-0.494582811574861,0.099438620297865,-0.463720161372638,0.0655150003630533,-0.261175434548181,0.0222392236888772
-0.5,0.1,0.571555135555135,-0.557518409083543,0.0265999258959245,-0.471972779412028,0.0752044742756297,-0.533336779248799,0.0768552940294072,-0.296244096555247,0.0247492920491628
-0.5,0.1,0.604693552693553,-0.470574068510726,0.027111064105811,-0.530795999333658,0.0806235397531641,-0.486457030561592,0.069683815034503,-0.26875600760443,0.0254475478042268
-0.5,0.1,0.601338049338049,-0.516379055708554,0.0251878413400493,-0.538991265049882,0.0716081179601755,-0.480566506960995,0.0684016021880153,-0.283957878273206,0.0251712704760459
-0.5,0.1,0.574350142350142,-0.488683120941169,0.0228528882380162,-0.379160194717629,0.0481748305356144,-0.462137955603233,0.0588643655120929,-0.267674662999825,0.0222755681187689
-0.5,0.1,0.604783288783289,-0.498645822128597,0.0226338648662317,-0.525841330958064,0.0681376788242515,-0.538588777606432,0.066373486106683,-0.314077300122312,0.0242233247727932
-0.5,0.1,0.603469227469227,-0.510160948118497,0.0251742042254531,-0.448975487777455,0.0768311516621681,-0.559419039070565,0.077850941464961,-0.313727359159755,0.0275887189089781
-0.5,0.1,0.583805251805252,-0.5031311207593,0.023104238115102,-0.422151904894412,0.0529044034486212,-0.523609138578137,0.0639586093165859,-0.313020711055724,0.0248764953631272
-0.5,0.1,0.610186678186678,-0.503188391545554,0.0240981989513316,-0.645467764457184,0.0927474251112368,-0.532939968230078,0.068458785050224,-0.305907531595696,0.0244064164583653
-0.5,0.1,0.558143226143226,-0.533331588536292,0.0248312040522224,-0.644252834950429,0.0749057544984167,-0.502127811168957,0.0637360399512409,-0.291119098926221,0.0231048922756245
-0.5,0.1,0.588542748542748,-0.504769485687632,0.0241346780940577,-0.63837499237068,0.0895456122422471,-0.41608614279333,0.0473569390710114,-0.277582917574202,0.023528533162102
-0.5,0.05,0.608560508560509,-0.513140135005841,0.024339700137576,-0.571836959436382,0.0945663690676803,-0.432712824905738,0.0562849149769397,-0.287986797152295,0.0230569878572287
-0.5,0.05,0.607582507582508,-0.514410201699325,0.0229840896854333,-0.403669982130765,0.0900053232672636,-0.640272896171493,0.116673188364921,-0.360195620930721,0.024618370657149
-0.5,0.05,0.621144045144045,-0.515211171552567,0.0247650596667054,-0.369536280023939,0.0741687829396307,-0.650011300669824,0.151519274667524,-0.360353002578142,0.0275703011886153
-0.5,0.05,0.632376332376332,-0.529328052570835,0.0249168471311064,-0.872581687210019,0.200085550773229,-0.50845728243799,0.0562517743796765,-0.326609770500161,0.0246902199078705
-0.5,0.05,0.574379758379758,-0.535953852787785,0.0307882977941916,-0.530909965963233,0.134144494767581,-0.581231402959798,0.124662075100531,-0.305129809624316,0.0274497942112216
-0.5,0.05,0.571265827265827,-0.542075973420478,0.0233433041158877,-0.471921534107053,0.0666153734734806,-0.493001263866204,0.0903870774733284,-0.305544168969989,0.0258861643379375
-0.5,0.05,0.627870975870976,-0.51692903439931,0.0261958905263733,-0.533263941373801,0.0769677123252066,-0.443937378889505,0.0510977896703513,-0.341898875463379,0.0245933451548662
-0.5,0.05,0.582058242058242,-0.503211883716343,0.023299094331328,-0.506548485490805,0.0943339599122504,-0.47306239193207,0.0709175482319197,-0.30146659932432,0.021564908899032
-0.5,0.05,0.659759831759832,-0.4917586174763,0.0260401417940789,-0.508243271971422,0.0715314919545267,-0.437210226261479,0.0468478109289662,-0.340443406155608,0.02504439051692
-0.5,0.05,0.573185649185649,-0.544347144519856,0.0248557457296453,-0.579185377201367,0.129124218783451,-0.496762687009346,0.0859951222906427,-0.314306027186281,0.0249786571251054
-0.5,0.05,0.569224025224025,-0.507206941965734,0.0224925284042014,-0.494905585924605,0.0865336330289654,-0.478595026581155,0.0721663430976901,-0.288127660240995,0.0238908169731225
-0.5,0.05,0.550906846906847,-0.502794644524801,0.0246810017163563,-0.560359790135598,0.0828846939570956,-0.45211231036365,0.0629231717926117,-0.291629386509227,0.0237671703453867
-0.5,0.05,0.610423426423426,-0.483196833402161,0.023737263982632,-0.422571830705182,0.120726099881494,-0.414038735996722,0.0489930243183692,-0.293004978085638,0.0228018125526364
-0.5,0.05,0.606915570915571,-0.488110744862934,0.0244922237754134,-0.493995773733149,0.134712273446028,-0.422841820062992,0.0510946086643075,-0.303470316458371,0.025547981979142
-0.5,0.05,0.581102969102969,-0.456604739099728,0.0226576810946437,-0.490370422819677,0.0791570393394004,-0.335677212749425,0.0388189134443411,-0.239500599622947,0.0220892672913347
-0.5,0.05,0.622796134796135,-0.505273344600518,0.0238417508988813,-0.474880250714467,0.106709645313175,-0.489394131480095,0.0939355853824586,-0.30140000941629,0.0242426610344871
-0.5,0.05,0.593345549345549,-0.557056191882877,0.0275506041836737,-0.736631036552357,0.118115187348975,-0.478846508399472,0.0566160248638521,-0.320785570274339,0.0272262524516504
-0.5,0.05,0.611073167073167,-0.511748001595721,0.0243141762421262,-0.318772050841075,0.0812848813922118,-0.453876058073821,0.0703036669128686,-0.289009665937557,0.0257587835728864
-0.5,0.05,0.592140736140736,-0.516184164653918,0.023476325889395,-0.484275182500945,0.0995410949701996,-0.49375425637513,0.0773225448282007,-0.303243265503482,0.0221816923835715
-0.5,0.05,0.657433881433881,-0.525134819693044,0.0258888220156464,-0.605868607694472,0.116254504631777,-0.424107612460734,0.0425243747521323,-0.328089266058172,0.0237260232515104
-0.5,0.05,0.566430578430578,-0.463589235648955,0.0205329281720172,-0.604179904148125,0.0989161998017817,-0.377618660817534,0.0614929267291357,-0.242330751439222,0.0249913355414319
-0.5,0.05,0.604400632400632,-0.50738985202669,0.0259718483253597,-0.441877308724092,0.135821704284913,-0.910200833377286,0.381151206895656,-0.289889001765937,0.024785368389451
-0.5,0.05,0.578515694515695,-0.496049291892036,0.0242053325687694,-0.657260361396881,0.0632142166785153,-0.439096918748721,0.0681921144373583,-0.27912700382185,0.0257529285676804
-0.5,0.05,0.613818433818434,-0.486867721355725,0.0246757203441369,-0.86196753109225,0.216600106680282,-0.591433911526018,0.0941745288846385,-0.322948388175611,0.0237163584651956
-0.5,0.05,0.589227889227889,-0.495809991798805,0.0249392621156021,-0.434257682979759,0.0605479540337718,-0.424735243928536,0.0566008580642533,-0.28861401068454,0.0259740937528962
-0.5,0.05,0.589343593343593,-0.480121994823263,0.0256198817643595,-0.631240994225374,0.108438415266908,-0.490964125566183,0.0927450258860686,-0.277881467418695,0.0223937522978751
-0.5,0.05,0.598041178041178,-0.488596748769577,0.0232962397637008,-0.478819788142724,0.0773380557212242,-0.440429090893684,0.0507043844695563,-0.299813812353024,0.0247259749594682
-0.5,0.05,0.579442191442191,-0.514359241819881,0.0234491956770946,-0.516908182389302,0.0760678381153186,-0.460433301200542,0.0780299295908917,-0.292065037909744,0.0257029484832725
-0.5,0.05,0.596584508584509,-0.511545900600551,0.025479612974008,-0.461975766706661,0.0931156491751376,-0.569249020245315,0.100982025636903,-0.313964044013109,0.0235505333505017
-0.5,0.05,0.616074208074208,-0.511259254540174,0.0246403674314305,-0.430922497209437,0.100522191859482,-0.553513652020012,0.115393980042401,-0.331131849291159,0.0267455834446927
-0.5,0.05,0.53608004008004,-0.498197441217075,0.0255015004613014,-0.665639820187945,0.155990243731085,-0.410230444180556,0.0559421396093458,-0.26439637567745,0.0255550781312396
-0.5,0.05,0.556111756111756,-0.510461309139689,0.0265855561658102,-0.564572895646181,0.0977466520415436,-0.388707952582786,0.0466935036114317,-0.275285867573933,0.0249646407766964
-0.5,0.05,0.587681423681424,-0.502657531656712,0.0232639853886067,-0.608097956467403,0.133339800087338,-0.602565641509694,0.153651780338618,-0.296557142100266,0.0225331842174989
-0.5,0.05,0.61351822951823,-0.531902528302066,0.0251868468693102,-0.515081351070135,0.0721871504379809,-0.553777137829333,0.0602003188493482,-0.349472149008327,0.0256657302936777
-0.5,0.05,0.596005784005784,-0.509793150869525,0.0268339911929433,-0.744174096997165,0.19077715110371,-0.526310208635775,0.0824970818657347,-0.31832156872863,0.0258513015322668
-0.5,0.05,0.583462075462075,-0.508170519564557,0.0228990388092008,-0.706628488389338,0.119785259897788,-0.520821528683122,0.0766024036274304,-0.329679351094432,0.0258397446929706
-0.5,0.05,0.592849528849529,-0.516043894923745,0.0248004286343834,-0.508781809294361,0.0880447461390135,-0.543570878868422,0.0881339863170152,-0.336793814289316,0.0237449515328021
-0.5,0.05,0.564523008523009,-0.497793899416132,0.0225949823289406,-0.47521155709134,0.124299876705679,-0.499399659491192,0.0992501734600783,-0.307538945250638,0.0234123384033702
-0.5,0.05,0.596727164727165,-0.470265980987673,0.0242043598470457,-0.662867558166054,0.103856959918255,-0.549085945324364,0.110966058109619,-0.271234586521623,0.0226189784395673
-0.5,0.05,0.64020166020166,-0.517943464107619,0.0238974972786501,-0.418735000934843,0.0991132973198556,-0.521108855704144,0.0925932642345222,-0.338844066438884,0.0240502077504254
-0.5,0.05,0.600565464565465,-0.455602122876397,0.021969242126194,-0.436847985224857,0.0979261051989146,-0.468564919670547,0.0991834720206481,-0.247255416860722,0.0223494232213559
-0.5,0.05,0.622831582831583,-0.507442521575901,0.0245901389252042,-0.626466556471987,0.131179783111316,-0.469453786008515,0.0595129677777945,-0.300868944033151,0.0245871351731275
-0.5,0.05,0.58627585027585,-0.454662450626748,0.0212241168517959,-0.353325754388215,0.108794961068998,-0.48955604927208,0.114553442438904,-0.26679351264023,0.0221353967776524
-0.5,0.05,0.562477498477498,-0.466296125535036,0.0233410937985757,-0.691289691980407,0.130839334103569,-0.450442260106691,0.0566748092075086,-0.297396246010036,0.0235168252360875
-0.5,0.05,0.586116502116502,-0.45860378974646,0.0217324194786677,-0.509886805679169,0.0756629141746257,-0.513289581335958,0.0933427915861365,-0.278405947835005,0.0203060520031745
-0.5,0.05,0.607612051612052,-0.499648080694781,0.0227529656747649,-0.606232100088028,0.125089278713202,-0.492267094532207,0.0914014458152145,-0.309862527094797,0.025425382100227
-0.5,0.05,0.616217872217872,-0.459342242681979,0.022748577353905,-0.459123986364189,0.117522783797681,-0.409313067824257,0.0471157811151869,-0.279167296329005,0.0225347952653919
-0.5,0.05,0.620079188079188,-0.470922908163755,0.0201677785685206,-0.721728098645774,0.282893993985249,-0.423515011604346,0.0559286487447215,-0.282112242913347,0.0208389834036977
-0.5,0.05,0.572632532632533,-0.544649147280409,0.0263816433483424,-0.482510093052647,0.0980485185043481,-0.456771493404823,0.0598098893904121,-0.2884953135105,0.0258602630854509
-0.5,0.05,0.594998214998215,-0.518404636287174,0.0250951404456269,-0.339883291008623,0.0898107702768768,-0.492222215860342,0.0918588558186293,-0.291543169410115,0.0249708908166729
-0.5,0.05,0.612384012384012,-0.4753577989394,0.0213902083802483,-0.437098663150621,0.0884008633355724,-0.531490483974885,0.0817402905101606,-0.304408672825115,0.0232479245771948
-0.5,0.05,0.583177183177183,-0.518473616148669,0.0241976383729528,-0.486164773920965,0.127100286033093,-0.396062262721696,0.0464605261050808,-0.286303616616901,0.0248276466511053
-0.5,0.05,0.625772413772414,-0.465350519112835,0.0191840287209419,-0.512987068467849,0.133798112597818,-0.547166983999967,0.091755031967722,-0.299328199184123,0.0190995489525846
-0.5,0.05,0.596399336399336,-0.488437810768874,0.02301912611331,-0.516369231394268,0.139335470904801,-0.52273615296958,0.0768687103601587,-0.303810050549166,0.0246101278210456
-0.5,0.05,0.605778605778606,-0.524230629976719,0.025061412783387,-0.505901705568317,0.063937021310652,-0.471256167864061,0.0691822354563593,-0.314328595822412,0.027751895126811
-0.5,0.05,0.583964947964948,-0.465875467864669,0.0203717402997859,-0.501531969982554,0.150482962023275,-0.386011311944081,0.0581628733727903,-0.249199202017129,0.0209061978278726
-0.5,0.05,0.59391866991867,-0.483273816068325,0.021987613202352,-0.17518183233728,0.029862678355633,-0.601705686624856,0.151421931008462,-0.281712399937458,0.0226558650141768
-0.5,0.05,0.602313746313746,-0.478511934443413,0.019980399219107,-0.295372124018747,0.0989247772162833,-0.671510923346931,0.213399833900083,-0.287406784591078,0.0249104975834968
-0.5,0.05,0.57175021975022,-0.541137744040485,0.0296693804328399,-0.390444249674993,0.0746225459013824,-0.762402806024027,0.244603076019837,-0.289062580841906,0.0273550740445514
-0.5,0.05,0.584359196359196,-0.50015211813901,0.0242272248504315,-0.558760877032123,0.109607454042817,-0.534129244002862,0.0837190217220394,-0.309990321302778,0.0244244977333878
-0.5,0.05,0.596317112317112,-0.456278539270465,0.0200901789513736,-0.465180525449556,0.0901395546294796,-0.430354578960585,0.0711946748874482,-0.268787969535995,0.0223634377473303
-0.5,0.05,0.607966231966232,-0.501987752981329,0.0282881267197152,-0.714642492952635,0.169524096973912,-0.532366416012812,0.0769510869830806,-0.322264482835601,0.0257668985287422
-0.5,0.05,0.568652200652201,-0.52180972321192,0.0242453203286348,-0.679860514548288,0.133382866564257,-0.478384746368858,0.0574438032655366,-0.290020788661234,0.0248269055444391
-0.5,0.05,0.638317142317142,-0.498288409690581,0.0237401561798824,-0.494223881857529,0.126317086524986,-0.577731483946382,0.123607202508498,-0.333686488831426,0.0261250371300136
-0.5,0.05,0.607251691251691,-0.51987637377481,0.0259855363939148,-0.44744013234579,0.102589186141639,-0.542416819030759,0.112449794228816,-0.291552225588298,0.0250342488402955
-0.5,0.05,0.618864294864295,-0.502542571896519,0.0246779531206089,-0.607465956814848,0.0979266839380568,-0.438076533924901,0.0582060887413205,-0.306928561290789,0.0252150705684028
-0.5,0.05,0.570382266382266,-0.508043993471289,0.0251017609512633,-0.830554808169671,0.18285136051194,-0.439096751420948,0.0564409743236025,-0.289469073805865,0.0256810949491975
-0.5,0.05,0.560707436707437,-0.461377109439047,0.0240689038551662,-0.530705095442924,0.108593560424282,-0.469249748646826,0.0877381698701517,-0.24415210136423,0.0238520956648391
-0.5,0.05,0.613221517221517,-0.495955289787492,0.022976657584208,-0.9722588091885,0.186155562458783,-0.391474962811743,0.0373694422326808,-0.320309941189541,0.0227988780477339
-0.5,0.05,0.581451149451149,-0.518852515578689,0.0237651762680927,-0.825720478985437,0.137896744822289,-0.417467500802653,0.0536932540288199,-0.291075199575782,0.0235910260329342
-0.5,0.05,0.583094995094995,-0.452807532251637,0.0243197211016078,-0.443507120530576,0.0676800220902786,-0.402816744311217,0.0728303306549856,-0.240109620723504,0.0244785621423574
-0.5,0.05,0.594149838149838,-0.521128122111451,0.0270323317053227,-0.886401710314952,0.25721685601731,-0.521023494500375,0.0982212594915614,-0.314151175209877,0.0275320880358982
-0.5,0.05,0.576867540867541,-0.521044515029712,0.0238180675013118,-0.509346179767586,0.097709099404736,-0.617303135254117,0.148680436434516,-0.285863608033162,0.0256656430619532
-0.5,0.05,0.596241872241872,-0.488649470525956,0.0244795367733239,-0.250287370703256,0.0886782921353533,-0.557831918099576,0.113395449639091,-0.29954132908306,0.0223823599812004
-0.5,0.05,0.615628203628204,-0.469445994991791,0.023492812675813,-0.519472174287741,0.0967739336685461,-0.48747385574713,0.0737224778610936,-0.283094221975597,0.024120581066454
-0.5,0.05,0.576274908274908,-0.508947175709086,0.0257583994434843,-0.421663532389679,0.092083894876064,-0.683856245206317,0.191167788782619,-0.297024550194425,0.0266058617213634
-0.5,0.05,0.603429387429387,-0.481762649872736,0.0246954287646982,-0.345372517390878,0.0893769430158477,-0.497514101769372,0.103213493776856,-0.282408527026505,0.0263366686674173
-0.5,0.05,0.573238725238725,-0.503822879244592,0.020958973447712,-0.606155282913778,0.126334938188796,-0.489683930562977,0.0782397773644395,-0.28138798472993,0.0231459708915525
-0.5,0.05,0.591189999189999,-0.521805204533263,0.0247662328675805,-0.590570822133437,0.0696818801655676,-0.492536618032762,0.0851125889436175,-0.286795682353131,0.0252294869459024
-0.5,0.05,0.575554103554104,-0.516482077841405,0.0258535845795494,-0.622161276905863,0.0692946194670301,-0.373824410989908,0.0534926482889302,-0.266600765214936,0.0258569414705867
-0.5,0.05,0.606552786552787,-0.538720477103869,0.0261852757480036,-0.519399893991358,0.113325249451385,-0.594866869150755,0.104564059282078,-0.321498927406331,0.0266858800395405
-0.5,0.05,0.593464013464013,-0.526045933188687,0.0251122720102378,-0.360292888705283,0.0937618347223597,-0.44056611438887,0.0693534437953513,-0.299332056602921,0.0254779299261467
-0.5,0.05,0.606377862377862,-0.491061329759747,0.0231145493231959,-0.521709055307388,0.115863817087873,-0.50888328575567,0.100298719661786,-0.280557332027127,0.0231556212354117
-0.5,0.05,0.587614967614968,-0.471776114098993,0.0239926735229005,-0.932823362644908,0.266450046812639,-0.382607255657945,0.0428539113113242,-0.270526104809422,0.0234068923021736
-0.5,0.05,0.585045069045069,-0.500099075915047,0.0231774014285987,-0.532648769270025,0.077087896740245,-0.554885739691745,0.0910835302527972,-0.303167526342534,0.0240175587975116
-0.5,0.05,0.605092553092553,-0.513925263010959,0.0273240069520584,-0.727699556960981,0.124678676775013,-0.492104971802985,0.0819238962120316,-0.311059900946573,0.0272680622772748
-0.5,0.05,0.578738666738667,-0.495601494626456,0.0191667853466556,-0.722984576481916,0.07565951303895,-0.561607504892589,0.0943442424942349,-0.303990925944197,0.0232254658047744
-0.5,0.05,0.583085479085479,-0.489109087355165,0.021249493397777,-0.459269788404282,0.048566081717041,-0.447543190225622,0.0872623186231663,-0.2861071150189,0.0199196444724658
-0.5,0.05,0.637210777210777,-0.488315021686776,0.0243282204466394,-0.432803803756898,0.0987689118851395,-0.659134013785943,0.140201543688503,-0.314660413142653,0.0246546558091439
-0.5,0.05,0.572004188004188,-0.511460300800239,0.0251818139885337,-0.470434105740206,0.0557821716477948,-0.543486231493635,0.120736494631153,-0.284321853971664,0.024755315171698
-0.5,0.05,0.576456552456552,-0.44984231354297,0.0234331084221581,-0.266394925275098,0.0873724520508416,-0.390607296327328,0.0747737045485337,-0.257553843600489,0.0252429028915702
-0.5,0.05,0.605756345756346,-0.498907532130103,0.0250737188039582,-0.339277892991049,0.0855090187138628,-0.444542499365843,0.0681075688023065,-0.281314655097575,0.0253786641702763
-0.5,0.05,0.581380409380409,-0.497308555483926,0.0239272249868016,-0.563880765216512,0.0775379609322532,-0.481712398486867,0.0987961741292391,-0.291760519953822,0.0259218365368153
-0.5,0.05,0.631083007083007,-0.546903770000581,0.0268386873617376,-0.315682384848697,0.094140594254216,-0.611264904387502,0.10885877258134,-0.363339576861656,0.0251334115628116
-0.5,0.05,0.569177141177141,-0.521850712817699,0.026130534726859,-0.493666601435929,0.110716554707437,-0.452993232886886,0.0863602751208892,-0.281468737521443,0.026099544713876
-0.5,0.05,0.550615282615283,-0.493351889789877,0.0253676448728105,-0.39893661241772,0.0908806863637131,-0.504686934713292,0.102299438731788,-0.270917708592293,0.0271358205884767
-0.5,0.05,0.606326862326862,-0.494628689221465,0.0234269414621124,-0.610529117400898,0.0691127666785049,-0.505714523046261,0.0701258093439938,-0.316129812677651,0.0242216894781271
-0.5,0.05,0.605218445218445,-0.511516954919607,0.0259211217195544,-0.626274420008381,0.0841603510950942,-0.411079488073903,0.0545109093605277,-0.305627700177003,0.0257539903750328
-0.5,0.05,0.586854622854623,-0.538628391058872,0.0274633879506742,-0.429825327957777,0.110775003710617,-0.648744070837717,0.155587893109534,-0.327309144351372,0.0260400441496296
-0.5,0.05,0.620797592797593,-0.531614364539878,0.0279550911498546,-0.86291389552164,0.169243316750989,-0.548304154065844,0.089575548592122,-0.326276692478358,0.0261482369815184
-0.5,0.05,0.597101469101469,-0.507070230844379,0.0235419875507614,-0.4824745629844,0.109204462935021,-0.553284950978217,0.113489188694315,-0.287602301891676,0.0235511565344429
-0.5,0.05,0.616895836895837,-0.475631209546511,0.0227162938559733,-0.466346267885509,0.0594312157349423,-0.514157599583188,0.0826728303748307,-0.290696856889057,0.025126603087437
-0.5,0.05,0.589854937854938,-0.497626396300179,0.0258616760380955,-0.436084183087489,0.0595474599345115,-0.525835645312505,0.0628722563383941,-0.322077637017976,0.0293061542586583
-0.5,0.05,0.592826512826513,-0.506610252333474,0.0246179925798223,-0.484060885141753,0.0662246998144924,-0.397870783158322,0.0434823656207631,-0.304968351070067,0.021474273380097
-0.5,0.05,0.589276477276477,-0.496209273443274,0.0244178625493618,-0.682952337723998,0.142925089602432,-0.448388976941778,0.0713074676050924,-0.286481386805493,0.0235745138510888
-0.5,0.05,0.579214683214683,-0.49766955286458,0.0226910008821124,-0.508071855960735,0.0735935180775194,-0.498471275284991,0.0894350792718305,-0.270275446557293,0.0248661465330284
-0.5,0.05,0.584769008769009,-0.541262873411234,0.0261188954163099,-0.573786314769461,0.0725260548518239,-0.691389767629593,0.169023099309263,-0.332726136523647,0.026508488735583
-0.5,0.05,0.58816476016476,-0.502340960041082,0.0248343457395137,-0.409717123432962,0.0666887658806655,-0.507144874545996,0.0885556149425684,-0.316486913041151,0.0241636393246369
-0.5,0.05,0.556655176655177,-0.502814278757572,0.0246414137936701,-0.709976213145373,0.179649125810642,-0.47958200873001,0.0834589061687298,-0.275916946795365,0.0229919264286168
-0.5,0.05,0.5920039000039,-0.477584307876521,0.020947312840967,-0.541587525790739,0.0926947014030057,-0.512854373445518,0.131915473459441,-0.264145311540266,0.0211664217152886
-0.5,0.05,0.544621960621961,-0.487378606627847,0.0248618471854764,-0.613443478848986,0.138126147301919,-0.481944790121172,0.109031716154399,-0.245907490746042,0.022056083423609
-0.5,0.05,0.589876585876586,-0.469662862498059,0.0247948020604101,-0.491743574227632,0.0865950170188847,-0.417191428982891,0.0848444601072084,-0.260661063240823,0.02364613231276
-0.5,0.05,0.605079341079341,-0.50424354379074,0.0223069924770143,-0.431427621857994,0.0746647985770265,-0.391385105191915,0.0451802200850695,-0.312604193725638,0.0224513941919239
-0.5,0.05,0.607020247020247,-0.471138665819288,0.0262766571109197,-0.479048010743047,0.0974484032383686,-0.525277583920533,0.0993333368945356,-0.274762009748776,0.0250871989360004
-0.5,0.05,0.574490758490758,-0.490130671971971,0.0238429282957599,-0.39776287266804,0.086965596584782,-0.398941387641252,0.0748205418147692,-0.240356150472732,0.0251687260978809
-0.5,0.05,0.5880729000729,-0.497882674383125,0.0228100493864212,-0.405901865168991,0.0765491180008969,-0.402375095344598,0.0561432881456386,-0.2946177112836,0.024703720089914
-0.5,0.05,0.621520965520966,-0.511825156265181,0.0276222755352695,-0.346111219724715,0.0712364009728022,-0.61164354343397,0.109291483233112,-0.352031054821513,0.0265242571541131
-0.5,0.05,0.593388329388329,-0.506742767355439,0.0234167573213679,-0.634396435039697,0.0719310830165014,-0.405521394761214,0.0588474016238515,-0.274041419770996,0.021299544869477
-0.5,0.05,0.587855471855472,-0.52249953704261,0.0261139149692039,-0.380004174050849,0.0952704016044362,-0.382917249401285,0.057590968601841,-0.279071918800446,0.0232771267550187
-0.5,0.05,0.624352788352788,-0.516458566904415,0.024595850267006,-0.421074201200412,0.0576770123786388,-0.722916064670801,0.184301884796011,-0.330000165646318,0.0244735628678995
-0.5,0.05,0.550508362508363,-0.497730110926085,0.0248209047935513,-0.504044859458493,0.128657077536887,-0.51407298075053,0.105146003892583,-0.275031809254709,0.0271035968509336
-0.5,0.05,0.587080679080679,-0.479610249656797,0.021271895757052,-0.470271326539332,0.126381039037709,-0.498076551708561,0.0923408106410616,-0.292446414176976,0.0226288440253274
-0.5,0.05,0.531818403818404,-0.474885132084802,0.0256557540785431,-0.666057170542887,0.13505643456554,-0.70344988710095,0.245945029127852,-0.267623832113914,0.0234476513741103
-0.5,0.05,0.571475167475167,-0.495659678316899,0.024105655908678,-0.420290648307713,0.0475424221626447,-0.502451903434199,0.0942790458423706,-0.284481031931371,0.0249933013697803
-0.5,0.05,0.625172809172809,-0.490814007559894,0.021905971300954,-0.788155962800618,0.150111889585081,-0.543007602380523,0.0930724232786505,-0.31676272712937,0.0234621463043382
-0.5,0.05,0.584918804918805,-0.47643626045712,0.0247037631844532,-0.373255429864531,0.0713208369627252,-0.43521515539388,0.0581925234077229,-0.280057063428916,0.0262684830799162
-0.5,0.05,0.575608751608752,-0.479632948827873,0.0279393607136559,-0.549956001476698,0.0522936116912007,-0.453577434492205,0.0749984338697438,-0.24641959004415,0.0222616110293787
-0.5,0.05,0.603902127902128,-0.462369174179959,0.0230675671037649,-0.493716955486352,0.0619010491305719,-0.534846079845604,0.117413984067045,-0.282454903576646,0.0224394128144813
-0.5,0.05,0.530895986895987,-0.49753778634954,0.0250744316561998,-0.556925621795613,0.134670777412647,-0.579649096064771,0.135048389771574,-0.280421062542562,0.0257457434110688
-0.5,0.05,0.583377823377823,-0.502539525232082,0.025215086102677,-0.492280363989824,0.113350671279131,-0.505204330826155,0.0820526618815353,-0.299437026069267,0.024501492221964
-0.5,0.05,0.593485901485901,-0.50142042769133,0.0252877929063405,-0.687787956567755,0.0911350113793908,-0.452790749110536,0.0680062847202234,-0.305751084272168,0.0235805562791589
-0.5,0.05,0.613026937026937,-0.493081582670739,0.0230050357102045,-0.638695219202928,0.197906535616769,-0.769621281445035,0.32655851924068,-0.292280889613449,0.026167323819422
-0.5,0.05,0.623282063282063,-0.527259277348619,0.0260348469400812,-0.455842364516305,0.169862324132248,-0.568742786413979,0.124762667450612,-0.315237405002055,0.0244305352742914
-0.5,0.05,0.60619857019857,-0.486209201009624,0.0240270020875763,-0.606814620885719,0.0944036166013641,-0.523581185650921,0.102719183156081,-0.295100690912939,0.0255300385420373
-0.5,0.05,0.603386691386691,-0.492240404615943,0.0212662677341853,-0.660022449186945,0.176442129775354,-0.504297434783639,0.0916956837760351,-0.302754759954545,0.0250936847507472
-0.5,0.05,0.57956511956512,-0.508921714085465,0.0219383673713144,-0.528937188598101,0.111905471863393,-0.423986887491643,0.0673824372531813,-0.301687577495587,0.0232787046804759
-0.5,0.05,0.571390279390279,-0.484819057388051,0.021707674554403,-0.451376098097145,0.0926746868155866,-0.428900707514023,0.061985836798919,-0.291920576090331,0.0236513074239398
-0.5,0.05,0.554648750648751,-0.507802514979636,0.0253379027815222,-0.52617819093628,0.123312849162459,-0.588408142661966,0.137874661182467,-0.265021278167911,0.0256091659753008
-0.5,0.05,0.591274935274935,-0.486613181819249,0.0224897067451109,-0.586120071925802,0.105685461798715,-0.65369776133117,0.186589567463788,-0.269541113131341,0.0236326683522171
-0.5,0.05,0.604067896067896,-0.548753961917488,0.0290508481757699,-0.602631652720776,0.0846558382090558,-0.514176822649189,0.114712614910672,-0.304321273748912,0.0283685456726676
-0.5,0.05,0.590347226347226,-0.489056563421959,0.0226222070264156,-0.364986409904462,0.0720915071519706,-0.486192922338071,0.087512003223571,-0.285856396945477,0.0204764809809051
-0.5,0.05,0.583176655176655,-0.523480399421469,0.0231290235310226,-0.499695260275936,0.111334659410325,-0.425580190803261,0.0597803919855299,-0.282872178760293,0.0240635191123973
-0.5,0.05,0.580525408525409,-0.470887233846736,0.0225479781375209,-0.444669101072047,0.0612034520964108,-0.577706012625558,0.145822130480165,-0.262117153536111,0.0239062569426098
-0.5,0.05,0.606703854703855,-0.508510293230238,0.0228712808846446,-0.443856899503105,0.087998704393984,-0.438623124971669,0.0618911029952298,-0.31103214877372,0.0253784310965658
-0.5,0.05,0.616726576726577,-0.494365511894288,0.02466089815396,-0.483019461541886,0.0761821690410899,-0.383964662438822,0.0510479186131593,-0.260582294229215,0.0243618705402633
-0.5,0.05,0.583397071397071,-0.478882141619626,0.0223651072610502,-0.660419628821481,0.192273720490028,-0.506839735087589,0.0841228237313843,-0.275742439573724,0.0230458396470625
-0.5,0.05,0.583485775485776,-0.508198922816094,0.0250203088570717,-0.516544755426373,0.126990776627195,-0.532813888211145,0.0904072405224838,-0.31817219806254,0.0257065593320093
-0.5,0.05,0.611274671274671,-0.520566383230277,0.0259857391598643,-0.365009078025768,0.0775575023191673,-0.529305812218795,0.0951048550335019,-0.308296683955777,0.023655160027633
-0.5,0.05,0.601273189273189,-0.518610278889621,0.0242203226313796,-0.694256083631282,0.0877905544267188,-0.481866937112646,0.0633962068250212,-0.296557266526893,0.0226589043966662
-0.5,0.05,0.595091863091863,-0.526113489338219,0.0255961602920876,-0.658218305294068,0.203368941211886,-0.589068072990085,0.112515280410685,-0.301454800013402,0.0258765013528639
-0.5,0.05,0.608286272286272,-0.477399169313479,0.024178199515872,-0.435329534540719,0.116214770308228,-0.520791265310539,0.0886574908216469,-0.292450715298444,0.0230575806995477
-0.5,0.05,0.587472239472239,-0.492640434419979,0.0259373137484142,-0.53199185841692,0.136240736166686,-0.438307017496062,0.0689512676491478,-0.284290686687711,0.0242607251970345
-0.5,0.05,0.630074514074514,-0.497262455621955,0.0222566437534008,-0.451867250362155,0.103018342109976,-0.585052252079186,0.106580121644107,-0.314203056364268,0.0229639979770267
-0.5,0.05,0.632602076602077,-0.492722336763522,0.0235294288619636,-0.380812232168876,0.0845202982666041,-0.563118099995,0.135193697177395,-0.298525312825117,0.0245448611039014
-0.5,0.05,0.586249666249666,-0.51661651266573,0.0176227643692031,-0.81307562194808,0.160942593582581,-0.625278460220172,0.132525226811036,-0.310980407521213,0.0218237750479311
-0.5,0.05,0.577134709134709,-0.500896294604169,0.0256087051090009,-0.556372265330618,0.109486076519414,-0.528875285266675,0.10873718051686,-0.275195185180594,0.0246665966035647
-0.5,0.05,0.594496314496315,-0.50075934073829,0.0255434834823068,-0.650792160689437,0.0778159412686548,-0.520090032540627,0.0842945569221033,-0.306235912017571,0.0263096765988222
-0.5,0.05,0.626450882450883,-0.525344274006517,0.0268872884908576,-0.666441002008618,0.0832990628394055,-0.540630083144571,0.0748869754139111,-0.335504248577543,0.025136126899796
-0.5,0.05,0.540587868587869,-0.511279079404982,0.0226823953767122,-0.320689297045485,0.0758179065716049,-0.769124638573501,0.246329864964464,-0.28973309939611,0.0249680168778693
-0.5,0.05,0.602552462552463,-0.466157489535477,0.0222509671840126,-0.40911034832434,0.0764266339718979,-0.427379951144201,0.0570414409143882,-0.279288344430725,0.0212676827789053
-0.5,0.05,0.600661944661945,-0.537977875436822,0.0292704281746143,-0.546655541431717,0.164180000672047,-0.55370105679313,0.0638689192280032,-0.362467986899767,0.0264667794878428
-0.5,0.05,0.594473682473682,-0.496403494015855,0.0236375408236575,-0.44790416666018,0.0782715341850638,-0.848771681158486,0.32131452278448,-0.285717495887026,0.0234231257663992
-0.5,0.05,0.586240546240546,-0.478716410225029,0.0227240210521505,-0.498440716240728,0.0677969843400272,-0.503538508564503,0.0852504744466245,-0.295566044756967,0.0212445609300927
-0.5,0.05,0.616827412827413,-0.537022746523713,0.0210700339874576,-0.609817206874366,0.0911379072801845,-0.649671720539978,0.120415717375039,-0.349133889019597,0.0242958289380868
-0.5,0.05,0.585472137472137,-0.484561924952582,0.0246134110697231,-0.392890668234934,0.0709803419811879,-0.496148701868782,0.111048564826927,-0.275403919510881,0.0240927223954112
-0.5,0.05,0.558176982176982,-0.519742368760342,0.0253796258573302,-0.513667130704687,0.107072979758649,-0.523466463911687,0.132052534911759,-0.28617872103116,0.0251137285748681
-0.5,0.05,0.575482355482355,-0.478507969699621,0.0193029814637611,-0.455211199760472,0.104302828981365,-0.442116921973143,0.0967319178079783,-0.253213396499207,0.0224269809665516
-0.5,0.05,0.615647343647344,-0.479189127483646,0.0227056910215495,-0.493799868730545,0.100029103466698,-0.419947841508648,0.0489960229096256,-0.294703433388201,0.0242548888085124
-0.5,0.05,0.560859944859945,-0.510041335945652,0.025816284865813,-0.42909981618396,0.0731775039158842,-0.57944624118743,0.135004386738731,-0.286895122483523,0.025626018093716
-0.5,0.05,0.597141777141777,-0.531431081829221,0.0257487129770257,-0.391336103205323,0.13785296839593,-0.747536168384543,0.159071613011389,-0.336338093825864,0.0249112758751982
-0.5,0.05,0.619309627309627,-0.52112460505288,0.0263595872042221,-0.606649941420387,0.0839114293888741,-0.510290591123665,0.0689269790207456,-0.328263132485318,0.0286182200541049
-0.5,0.05,0.607152847152847,-0.583176787040737,0.0276973258371369,-0.536064627748612,0.0713232068134864,-0.656934869756116,0.107567979864653,-0.354462571984205,0.025882095336393
-0.5,0.05,0.58853688053688,-0.531496183538563,0.0259640086224842,-0.824469938713668,0.180375172527238,-0.505843446488781,0.0715054329487068,-0.317661277604196,0.0257282360970018
-0.5,0.05,0.617187545187545,-0.443014822751464,0.0203873288461954,-0.782323496883941,0.207780379440067,-0.503218548422703,0.0972207079732246,-0.268864551175826,0.0226038244245987
-0.5,0.05,0.638246858246858,-0.5217725406015,0.0253655668693685,-0.515855226484178,0.134602788381237,-0.502436531296492,0.0736985871711209,-0.320066625835904,0.0277173956775682
-0.5,0.05,0.592718284718285,-0.482811409408156,0.0238953304469304,-0.308428808357667,0.146503692864708,-0.431572349838707,0.0620234456305705,-0.289256478329137,0.0236377336073964
-0.5,0.05,0.613919497919498,-0.533920522952272,0.0238263356416735,-0.390254712507574,0.109931790451537,-0.464064939053245,0.0639835183563517,-0.304833194057814,0.0240335583637303
-0.5,0.05,0.584680652680653,-0.48102646543833,0.0245062796075892,-0.337542197890464,0.0725401920841548,-0.484853743518458,0.0924808633605379,-0.286413073604863,0.0246289927693891
-0.5,0.05,0.552343884343884,-0.52153915938596,0.0268817846492682,-0.604668774597493,0.128695675981692,-0.51510090098692,0.0984478976928345,-0.277604948432723,0.0261863409170023
-0.5,0.05,0.600262956262956,-0.544310762585893,0.0245244193889058,-0.520779863301977,0.0992486166510576,-0.421621381814327,0.0512434758437465,-0.30348812047375,0.0242932080467524
-0.5,0.05,0.555088131088131,-0.457633758764151,0.0251871308505125,-0.600921846917345,0.166187274633017,-0.550211759813396,0.152541931827379,-0.241800190751138,0.0248626131095971
-0.5,0.05,0.581853197853198,-0.485025100707663,0.0234291888860187,-0.465981073244086,0.0887939934391748,-0.605133955614758,0.144564116600101,-0.284635259244688,0.0248831584890349
-0.5,0.05,0.561122001122001,-0.471171283981469,0.020244697524888,-0.47177975231201,0.128464095095217,-0.43787079129423,0.100860058536301,-0.22504250462455,0.0215995157700755
-0.5,0.05,0.61160915960916,-0.514038113855885,0.0226758960402479,-0.615551171554913,0.0991131304059006,-0.550197656078242,0.0677769357358133,-0.32716737893752,0.0230099308025855
-0.5,0.05,0.599876783876784,-0.456614979442408,0.0211843611985451,-0.528725613651379,0.0992596453068415,-0.517451460275986,0.104068397845753,-0.277062745529926,0.0217629649950424
-0.5,0.05,0.608358992358992,-0.464184674781135,0.0241605020177756,-0.528101260969176,0.108973287508532,-0.467112846685728,0.0759455238160826,-0.317111261302307,0.0235478031225689
-0.5,0.05,0.558179118179118,-0.497358400201503,0.0235390845099809,-0.585361846027334,0.141445496915968,-0.444591670832056,0.0743545353263504,-0.269820358878965,0.022692655313827
-0.5,0.05,0.622819702819703,-0.495335204855572,0.0242241161308562,-0.592463190356349,0.132319972283831,-0.514696502826451,0.0876867439878729,-0.276445074904023,0.0246378548000432
-0.5,0.05,0.589732261732262,-0.540328966300349,0.0271180044624205,-0.540204074148104,0.103936603452617,-0.554047353777667,0.103835821714191,-0.290140868131668,0.0264168900765007
-0.5,0.05,0.60608379008379,-0.507034744687716,0.0266321941230671,-0.599395006067292,0.227808065301767,-0.447232498846701,0.0527026326480718,-0.303022845344037,0.0268028763903969
-0.5,0.05,0.598749394749395,-0.487523693032671,0.0242922554972194,-0.412160986061608,0.105832024569011,-0.612445840721185,0.166383639882219,-0.304197135222022,0.0233828130332759
-0.5,0.05,0.568617484617485,-0.498593848601514,0.0222926774981273,-0.422698311939172,0.0972765130837349,-0.424891337933013,0.0614880756151732,-0.274152888292146,0.0250084957300406
-0.5,0.05,0.621100689100689,-0.47988540868757,0.0217445742922627,-0.350008614837218,0.0878668247319342,-0.624810486492111,0.141679697924569,-0.29293710963293,0.0231065819057424
-0.5,0.05,0.586410502410502,-0.488771917595793,0.0214581136977606,-0.614128319038201,0.138353768093849,-0.458874040772612,0.0836259646183258,-0.282935698998563,0.0239905220574555
-0.5,0.05,0.584130176130176,-0.511859227228741,0.0258200907503028,-0.622321455155426,0.167497869655384,-0.488068294636179,0.0763515164823164,-0.298284312910686,0.0253901077204573
-0.5,0.05,0.539953955953956,-0.480637615703338,0.0233397930901796,-0.681690823763518,0.137988616369438,-0.422899763405116,0.0761053797184712,-0.22778626961782,0.023646411353867
-0.5,0.05,0.620793176793177,-0.466526482827409,0.0221291662952858,-0.668495281595338,0.163314169209721,-0.45915327578188,0.05898989446643,-0.314656036270068,0.022489869099714
-0.5,0.05,0.585586353586354,-0.479869692356644,0.0233178992845385,-0.806241857372523,0.235374885560956,-0.804461666106771,0.305212339397613,-0.277432967936828,0.023007041941091
-0.5,0.05,0.546058038058038,-0.45816876412881,0.0219322607008251,-0.343372659421508,0.079808433037628,-0.515793428198964,0.104515483126087,-0.26091224046668,0.02189975075708
-0.5,0.05,0.609108717108717,-0.489617264089829,0.0214337040419419,-0.52269040919044,0.0758827184499292,-0.454659007756546,0.0601853927382223,-0.296433505063689,0.0226219879938128
-0.5,0.05,0.589946113946114,-0.500225535712917,0.0259664047264263,-0.550671116654607,0.0851873774695696,-1.02928879594219,0.389752256435501,-0.339370864589064,0.0255479416567699
-0.5,0.05,0.561633645633646,-0.510316769418188,0.0246632459734518,-0.519556574880931,0.10394938326309,-0.53455191610058,0.13309229940494,-0.281633526848927,0.0259795580676144
-0.5,0.05,0.573486861486862,-0.466515234897602,0.021556985656927,-0.280105860246891,0.0833086948445883,-0.484298337819307,0.102185345988938,-0.273731577712376,0.0220908835504227
-0.5,0.05,0.596496716496717,-0.504894867131957,0.025161108986195,-0.490178938647028,0.107837967604365,-0.425299474354474,0.0501067452807141,-0.293448022538062,0.0242916457492404
-0.5,0.05,0.59995895995896,-0.528522285372307,0.0270182342064919,-0.424528558218324,0.120759357084288,-0.519762514754597,0.0761042276534962,-0.341935638300123,0.0299936915631692
-0.5,0.05,0.572917352917353,-0.473282207140905,0.0231161478545435,-0.305587934616095,0.0741369079274278,-0.440803320357361,0.0626129804413383,-0.2879806045422,0.0232668295746957
-0.5,0.05,0.582491214491214,-0.502946018855687,0.0241264878772683,-0.57753957863213,0.0964039938233043,-0.797487980651062,0.272122364280948,-0.301730402717348,0.0247922674934889
-0.5,0.05,0.597424989424989,-0.515609478132289,0.0229951992310235,-0.880266053151538,0.20384277856385,-0.526347426228311,0.066097630657652,-0.312268813076637,0.0234167658014025
-0.5,0.05,0.563103443103443,-0.509762754698415,0.0227444909602897,-0.418368490870939,0.049582971942255,-0.449929294575824,0.0510791919581561,-0.298381942419854,0.0230391080315512
-0.5,0.05,0.598194106194106,-0.503020520443566,0.0230533538415988,-1.09184562047587,0.30014072197429,-0.48379041378221,0.0835828279011947,-0.287553447013336,0.023081122205906
-0.5,0.05,0.64170746970747,-0.484142171347495,0.0234271939542895,-0.459442137189105,0.0722887020686025,-0.460680078970311,0.050055841841471,-0.31708400487491,0.0230762029673469
-0.5,0.05,0.576657960657961,-0.522826698031747,0.0262162041569842,-0.437348871115601,0.0819045913856785,-0.517835362742316,0.0792581697118182,-0.309058046546471,0.0257225095889066
-0.5,0.05,0.59396408996409,-0.537879233815322,0.026325240915525,-0.569819288623783,0.101098264871561,-0.643312576088914,0.124120647759504,-0.331513457860303,0.0257402859047998
-0.5,0.05,0.593781593781594,-0.462660000700876,0.0207644277584029,-0.424627927546779,0.0847029961465985,-0.488231216247367,0.0904875924920285,-0.287733463786392,0.0223064636357969
-0.5,0.05,0.608721092721093,-0.503698235371102,0.0270404177019689,-0.429189642625747,0.0716771855376085,-0.524715515078274,0.0720258096986634,-0.340017450273546,0.0251839769971579
-0.5,0.05,0.574518178518179,-0.458441778857131,0.0224734940982356,-0.485583475818136,0.132483102091735,-0.543696000490046,0.10815955942951,-0.278604618605468,0.022289593550721
-0.5,0.05,0.605643065643066,-0.503535042687982,0.0254560247221769,-0.587799363241481,0.110144249418802,-0.473772982467127,0.0590062133194103,-0.313160596325661,0.0264287200179717
-0.5,0.05,0.601581613581614,-0.525734300459351,0.0254069006891555,-0.311999483191041,0.0804412858581659,-0.460848536973324,0.0649712693943906,-0.341429331259859,0.0250412932328327
-0.5,0.05,0.573339825339825,-0.533133210472088,0.0235672568159565,-0.48231469176724,0.0940850946949702,-0.537753572432351,0.0677152121572539,-0.342012201056943,0.0267814335936345
-0.5,0.05,0.585166941166941,-0.503008345981047,0.0242339930363249,-0.379964995446232,0.0675366255827611,-0.488075386097715,0.085919777063908,-0.298374658557164,0.0235371259551122
-0.5,0.05,0.609878445878446,-0.470986366695509,0.0234670085456128,-0.452429500580776,0.0974890010627709,-0.503444575638878,0.079055693722205,-0.305140410021045,0.0243680934074142
-0.5,0.05,0.578345486345486,-0.502479926450444,0.0248528696307251,-0.6190902359678,0.104325029723091,-0.647215021880809,0.148101888516921,-0.300715602975154,0.0252798480998258
-0.5,0.05,0.620039384039384,-0.447681456447757,0.0208268739408969,-0.54120789541621,0.0789558972488766,-0.514211812711756,0.102053107215832,-0.272296855334401,0.0204347761536928
-0.5,0.05,0.624110376110376,-0.502558000705111,0.0225800826769501,-0.505772974516526,0.0824246864291711,-0.509821527050229,0.0803415085102323,-0.319109311273528,0.021303278842007
-0.5,0.05,0.60756583956584,-0.521500138585757,0.0268080700466561,-0.485503147273034,0.102571579151775,-0.4702526626273,0.0672664691484016,-0.302225138065182,0.0260798641578302
-0.5,0.05,0.601761457761458,-0.532687927131902,0.0279651017874847,-0.360984648034355,0.0565118031081776,-0.525499301957479,0.0853719229667076,-0.330618793271208,0.0275933804154384
-0.5,0.05,0.584331044331044,-0.545476903481811,0.0240064665941692,-0.35930030045538,0.0727452797742682,-0.555035002780464,0.121398115311152,-0.315841114402259,0.0246233282469626
-0.5,0.05,0.550055602055602,-0.511553660088812,0.0261689612599096,-0.425249844861642,0.0907321280933478,-0.528066662625258,0.117878110782126,-0.26412037258708,0.0257413472152301
-0.5,0.05,0.601979845979846,-0.525601486242056,0.0248372362386998,-0.585888356846962,0.172930638173759,-0.573982376249983,0.123535183341331,-0.314641377526383,0.0260325447060814
-0.5,0.05,0.608924984924985,-0.459863851204482,0.021802540614928,-0.412850139716343,0.0969105544496719,-0.580332551417765,0.140739961546661,-0.286357273588464,0.0228148263953287
-0.5,0.05,0.568860328860329,-0.508955847842589,0.023281759388911,-0.335156085254068,0.0774197463304062,-0.465017026407171,0.0806130686264451,-0.289861827622617,0.025231731967944
-0.5,0.05,0.588269532269532,-0.529450379128444,0.0251840881638474,-0.847807677345492,0.248699103348253,-0.457074736355336,0.0661174444552203,-0.30169000528956,0.0250680036582525
-0.5,0.05,0.614928794928795,-0.51203945555887,0.0251403369884626,-0.608619249751521,0.128022325669265,-0.442118453734699,0.0574709763819332,-0.308024745124698,0.0238480997418246
-0.5,0.05,0.554167334167334,-0.536836339447462,0.0231322402422807,-0.645772349576261,0.146626930365726,-0.5196328845576,0.0824165420523136,-0.297442278825201,0.0251272786916625
-0.5,0.05,0.616509772509772,-0.507930466919051,0.0226074404371533,-0.472821546616574,0.0815037549115104,-0.550756084716597,0.110291507691407,-0.300049385330014,0.0239792055569353
-0.5,0.05,0.573898137898138,-0.505458367602345,0.0253286537913898,-0.354540399156985,0.0572642729312628,-0.445704104493399,0.084334961049728,-0.28242460389536,0.0256086704164424
-0.5,0.05,0.605769113769114,-0.533315492669323,0.0283731775244217,-0.770972872693049,0.160242438378254,-0.524518467151769,0.115511101680343,-0.296252739557565,0.0269075021632557
-0.5,0.05,0.603810207810208,-0.504643935495651,0.0235562588921019,-0.761633109030084,0.184089130657691,-0.515224827309106,0.0736302872817939,-0.31487851393406,0.023624406285076
-0.5,0.05,0.571459651459651,-0.480979111841014,0.0250360012113515,-0.598730280056583,0.120418235007997,-0.389526921137017,0.0525508895860066,-0.257531527224025,0.0234674860113817
-0.5,0.05,0.594170166170166,-0.536368626424327,0.0258276846089074,-0.648503873858679,0.173268651198654,-0.605350380516958,0.119942609071383,-0.344773541514508,0.0279097574580441
-0.5,0.05,0.594719490719491,-0.487072157433381,0.0260598967045352,-0.608431470754056,0.0739362699872402,-0.623139630157991,0.126318477828537,-0.292813395029917,0.0224945782733418
-0.5,0.05,0.590871794871795,-0.546765178793269,0.0242938197853881,-0.437260238300975,0.0470000766848573,-0.560909684619125,0.0840755840552451,-0.330025710671672,0.02551098783586
-0.5,0.05,0.596967608967609,-0.550271314543737,0.0250618985540648,-0.676884323316468,0.231486855442846,-0.6730161395146,0.130421194798837,-0.334110064211107,0.0241839654631302
-0.5,0.05,0.583393555393555,-0.481894549193202,0.0249250229984822,-0.413210125350474,0.125878725799982,-0.400206131660002,0.0528494885818446,-0.267269023136508,0.0241299373475641
-0.5,0.05,0.567001431001431,-0.516577748022444,0.0246701553076652,-0.607685894940914,0.177567873341469,-0.405849381180343,0.0456746869369155,-0.295387751734591,0.0245295126207954
-0.5,0.05,0.605263373263373,-0.543317780596891,0.0245872711235132,-0.688529528030015,0.16023507487916,-0.593323911597663,0.111718352068065,-0.339391014775639,0.024252428142313
-0.5,0.05,0.598495342495343,-0.518760257095161,0.0239712369363018,-0.508852732226164,0.1331846715751,-0.372251645315964,0.0473971875014183,-0.298203795130213,0.0249800996473958
-0.5,0.05,0.623301767301767,-0.449531877518388,0.0225312711067865,-0.221269093000874,0.089570924524417,-0.387094226931187,0.0465172461733098,-0.273880005993854,0.0227923992048658
-0.5,0.05,0.615531867531868,-0.469220439414695,0.0245048553916539,-0.735453649964329,0.128431363692975,-0.394327310666519,0.0545783103469725,-0.288521842284749,0.0266156688468048
-0.5,0.05,0.594253902253902,-0.497999967750162,0.0221392974399228,-0.632180804642298,0.17302378034736,-0.527052227675261,0.0987531739824313,-0.288838806528718,0.0241715747808554
-0.5,0.05,0.606390486390486,-0.469054496999481,0.0253175063486459,-0.391798180220816,0.105839651346285,-0.422793192069889,0.0689604155062973,-0.272429097145286,0.0253449655413279
-0.5,0.05,0.582683286683287,-0.51687886950102,0.0248355964921876,-0.51677949270449,0.166082019264794,-0.468005519318067,0.0744330620516242,-0.313634197028561,0.0267894104617803
-0.5,0.05,0.534629742629743,-0.480839335921849,0.022177489158026,-0.721077945056075,0.162067256135932,-0.497482963206986,0.104929910808784,-0.247685943117448,0.0211362191966385
-0.5,0.05,0.612979548979549,-0.506414202203696,0.0270263982302352,-0.570182306954904,0.128511253636644,-0.651400830978109,0.191519465937311,-0.305983322729096,0.0249497794855353
-0.5,0.05,0.572899364899365,-0.51068081124017,0.02419779748962,-0.805737310295813,0.301946872448436,-0.567132617667453,0.113215500033271,-0.292036767674999,0.0241413988743056
-0.5,0.05,0.606225942225942,-0.492570959220776,0.0233668077991541,-0.564215062233122,0.0837718859613918,-0.490716794659482,0.0791088712854815,-0.297386870211745,0.0237565674552027
-0.5,0.05,0.58240065040065,-0.499287165711344,0.0247377774002452,-0.569031291931528,0.13027589719262,-0.440158912913587,0.0773469970284065,-0.300789405928408,0.024288853959623
-0.5,0.05,0.599702987702988,-0.500681808651464,0.0272218307526925,-0.467284075179629,0.0933675502940795,-0.388449801722688,0.0427214808583127,-0.307239499418415,0.0276448743549102
-0.5,0.05,0.576935232935233,-0.544899010699286,0.0243877777342587,-0.480858635576796,0.0472963862294846,-0.700912295958193,0.150068254635029,-0.334114206336185,0.0259052938661313
-0.5,0.05,0.564779460779461,-0.477292874236794,0.023896538606542,-0.391298152075588,0.0759464662064079,-0.586314116088704,0.126602988879893,-0.288638724547911,0.0231941817196152
-0.5,0.05,0.595455595455595,-0.460226509928888,0.0247077984729511,-0.3394219842359,0.0868348607257533,-0.404249027383321,0.0611797855466051,-0.258147284286709,0.0223306601792594
-0.5,0.05,0.561358413358413,-0.519295761556075,0.0258026953400927,-0.496149588136135,0.0876691968522457,-0.549664030673789,0.0895464651084513,-0.302183848709645,0.0231170413164133
-0.5,0.05,0.615312831312831,-0.504808720632075,0.0269638027317603,-0.428338128639724,0.0815594483144293,-0.442882353245842,0.0588910695715225,-0.304121835714558,0.0253144024322317
-0.5,0.05,0.613229101229101,-0.512307326508381,0.023536349312262,-0.47797085387098,0.187642255715785,-0.548427602885348,0.121373322976791,-0.29963679393909,0.0244305487315114
-0.5,0.05,0.585149805149805,-0.506754245131507,0.0256563181454469,-0.453358362966627,0.111484760789101,-0.692573980069279,0.188657104490581,-0.300041642669312,0.0252696917913709
-0.5,0.05,0.601475857475858,-0.559498197544782,0.0266512232948107,-0.620951329404788,0.128749317880187,-0.533188665587887,0.0854173218319443,-0.349895119311633,0.0298767207033117
-0.5,0.05,0.611285687285687,-0.520819659782496,0.025239348932076,-0.311147849711361,0.0682939450411697,-0.511749162559321,0.0998030993568942,-0.289721889338944,0.0245666348658954
-0.5,0.05,0.59616512016512,-0.490711400952673,0.0220816595110509,-0.529194847422013,0.0814013785809683,-0.512442853443703,0.0681167592094597,-0.32222038294834,0.0239021167798912
-0.5,0.05,0.600955848955849,-0.48390803808507,0.0214962816703237,-0.452423597979498,0.0575814095744671,-0.453392722966349,0.0568558473022182,-0.290826798497757,0.0229609980867064
-0.5,0.05,0.567550383550384,-0.489456243551923,0.0231309343301711,-0.425073131792509,0.0617856490574573,-0.6004711621396,0.143075622282836,-0.274682993091105,0.0241948845206173
-0.5,0.05,0.538393654393654,-0.487757617577406,0.0231967069629814,-0.581511698803624,0.0916440708768435,-0.725942660257496,0.325785296888365,-0.249747203202538,0.0251200979077753
-0.5,0.05,0.604992796992797,-0.469221810902594,0.0250482166054497,-0.351253064034279,0.0726149195654305,-0.498015639919416,0.0917411774628154,-0.289307688413651,0.0255624903862404
-0.5,0.05,0.595436503436503,-0.507928398348625,0.023721865876853,-0.62084865433086,0.10668857621598,-0.653667176288074,0.198391292071673,-0.303310735754159,0.0241575415822189
-0.5,0.05,0.581125565125565,-0.499892029827649,0.0221192536912028,-0.523417435630588,0.069323913346055,-0.512388829714022,0.117229909266106,-0.299191654947218,0.023912225531266
-0.5,0.05,0.569260061260061,-0.500109923835527,0.0253015345035667,-0.436962620929621,0.0717012781413459,-0.533921537086301,0.105255504569278,-0.291763765480791,0.0258071589049771
-0.5,0.05,0.63051357051357,-0.538766391282107,0.0257306149886992,-0.587212524440583,0.131866885147868,-0.400704829051495,0.0452282334431138,-0.298513083585833,0.0250003169091503
-0.5,0.05,0.587469635469635,-0.53012304290235,0.0246937664446449,-0.421524496476841,0.0892734126162475,-0.455612099572865,0.0525623044372047,-0.31027463629213,0.0259064633330216
-0.5,0.05,0.582959526959527,-0.48568935876077,0.0227298047107225,-0.506637935062323,0.067738526099725,-0.431633453809525,0.0668531986936831,-0.275867598850532,0.023647733947603
-0.5,0.05,0.587019395019395,-0.562163199829232,0.0267659326811599,-0.549696109616977,0.0936642835499105,-0.585830570569956,0.146318997045082,-0.337716774553393,0.0260583657211087
-0.5,0.05,0.59173197973198,-0.481774062426784,0.0255248656072382,-0.577844104438622,0.153977957353211,-0.585269279733794,0.138336219035668,-0.282446047790696,0.0251802223907593
-0.5,0.05,0.605281829281829,-0.480631014752213,0.0232116178240387,-1.20390725739463,0.523275640454703,-0.39727604611475,0.0480753758581171,-0.284495652387142,0.0224160319950747
-0.5,0.05,0.60993102993103,-0.52367468611924,0.0284941091723335,-0.412438215509321,0.0500550373721623,-0.403324006135993,0.0503222234330786,-0.300499244550491,0.0271885883148773
-0.5,0.05,0.581780093780094,-0.497400486541206,0.0241592001773853,-0.526618049305128,0.130175586983025,-0.628157630930911,0.14538446529113,-0.291133636348682,0.0233463791842692
-0.5,0.05,0.589065253065253,-0.47343139392424,0.0239937684183743,-0.464817370551905,0.0756333346916836,-0.645670865238053,0.162401490303641,-0.295753985695974,0.0232149069817449
-0.5,0.05,0.635551031551032,-0.477049508605878,0.0193571317229152,-0.342870463274279,0.096764773797188,-0.557569552752558,0.102814461269107,-0.330100669668485,0.0196866042473976
-0.5,0.05,0.584111192111192,-0.496389637311148,0.0224883989660955,-0.632520142979951,0.0803187606233915,-0.498706584688939,0.0717126451001505,-0.327833761459759,0.023616752116682
-0.5,0.05,0.580596736596737,-0.495940322486917,0.0211002354032201,-0.432479264066169,0.116420227453752,-0.512602773543754,0.0839193015518856,-0.287903953327671,0.0217857227064958
-0.5,0.05,0.621998013998014,-0.465093058972844,0.02229967340732,-0.360489360738351,0.136303087148059,-0.55291859850768,0.131106471057335,-0.280280353970842,0.0243017526828118
-0.5,0.05,0.605261441261441,-0.489294900431832,0.0235846919273766,-0.449419545897968,0.0664785283897992,-0.581716993175348,0.146675692903642,-0.296003413689001,0.0265233798891557
-0.5,0.05,0.608831552831553,-0.505613178130964,0.0232713237170434,-0.54922940747693,0.117051866052894,-0.607475962197931,0.119376527848628,-0.322532324287061,0.0228852375861009
-0.5,0.05,0.591635307635308,-0.527494256964011,0.0269284702308523,-0.611312841695929,0.0827716248479486,-0.466928776326505,0.0748663979242438,-0.295982218514446,0.0251492479360978
-0.5,0.05,0.569527373527373,-0.5030781346758,0.0248639939585859,-0.649084980203345,0.133564131719832,-0.538918765618078,0.112280874113279,-0.279062281996812,0.024506647026326
-0.5,0.05,0.631063447063447,-0.519770767161138,0.0260389873315326,-0.403096146684716,0.0604618537143159,-0.530519165107413,0.0737262307083972,-0.321371008834877,0.0248410311771788
-0.5,0.05,0.565347985347985,-0.503874787452216,0.0244678694907005,-0.456272250751934,0.048903643461564,-0.567254217529534,0.133711196958014,-0.262057969683682,0.0238544146494865
-0.5,0.05,0.607053211053211,-0.475041122031382,0.0237964695247978,-0.510550797302455,0.101691550077691,-0.530507833475967,0.114111825896119,-0.283687035597347,0.0234995285751704
-0.5,0.05,0.594723486723487,-0.547564541025224,0.026913172541784,-0.637160311394036,0.129198867432346,-0.591462893635649,0.0970157785881225,-0.346906810001171,0.0267517273046776
-0.5,0.05,0.595543483543484,-0.481061470520122,0.0254008529714476,-0.489772175788594,0.0899714716961154,-0.474547507608326,0.0892214551445426,-0.290869313821953,0.0237197720386937
-0.5,0.05,0.592068928068928,-0.479796965420317,0.0246473156115973,-0.649763162549263,0.145810912361865,-0.634863293951207,0.163892470830724,-0.262784725033472,0.0240292039717454
-0.5,0.05,0.576252144252144,-0.557946436390955,0.0263207855849893,-0.482146054354936,0.134322243759501,-0.849020874136692,0.275789050422452,-0.317669012519669,0.0279375387226722
-0.5,0.05,0.580667440667441,-0.517508024281651,0.0246742605121894,-0.419421843285446,0.102148509378618,-0.639427505618324,0.148219616468656,-0.32247643152948,0.0256421791486563
-0.5,0.05,0.615244947244947,-0.488593429516407,0.0223004130267705,-0.391547198044285,0.0613521328036907,-0.521733876812368,0.0810117417449218,-0.295166108089521,0.0242217929537172
-0.5,0.05,0.547056931056931,-0.48801381205296,0.0249438768498831,-0.455833668909001,0.0957457397164219,-0.358867615592069,0.0537982952039485,-0.238314369731757,0.0252494289868439
-0.5,0.05,0.541331893331893,-0.50517554212888,0.0247845609635091,-0.434187377992449,0.0668467938191994,-0.337477379812498,0.0408343901348522,-0.26542277414924,0.0216473279074242
-0.5,0.05,0.610598038598039,-0.476203603812467,0.0222347753520038,-0.60451430120181,0.0713284388869285,-0.44102525137773,0.0558532344954489,-0.304977767833131,0.0229660814378486
-0.5,0.05,0.647657435657436,-0.525395844857751,0.0274344890335546,-0.727488625046184,0.103918530925368,-0.468079742007739,0.0582240552865805,-0.321026235448349,0.0249836620435944
-0.5,0.05,0.597252621252621,-0.51587680198513,0.0239510129604939,-0.520907359669629,0.0913024912344513,-0.488643004950656,0.0671298802970226,-0.30421791107731,0.0242326116742505
-0.5,0.05,0.562781578781579,-0.502529218111141,0.0245142636593038,-0.642449284477256,0.112547692976756,-0.454249652363434,0.074047121236995,-0.2797540039303,0.0256359651291308
-0.5,0.05,0.61765028965029,-0.545608709322695,0.0268616845251251,-0.733517217945074,0.155432436025137,-0.577857594821047,0.104494235191559,-0.339803565152066,0.0263596660536914
-0.5,0.05,0.537159645159645,-0.488115593939867,0.0211494151026151,-0.546461004270783,0.050586735219194,-0.574851871332501,0.135911232387804,-0.271697248593379,0.0243865983326188
-0.5,0.05,0.613157977157977,-0.568244433251641,0.026892411519531,-0.469373337846409,0.0942456501483925,-0.759151656066062,0.180116885956138,-0.368839926174441,0.0278219353078269
-0.5,0.05,0.558352122352122,-0.538443982962538,0.0277118929556305,-0.382460413075133,0.0689330592993639,-0.485717546331009,0.0740272691017184,-0.292276022530123,0.0248693236598254
-0.5,0.05,0.5878727998728,-0.50292324695496,0.0258545290661782,-0.234580047230377,0.0592732132154408,-0.423265140139429,0.0667060636067445,-0.275617115221685,0.0254722684472265
-0.5,0.05,0.621804801804802,-0.514711323813109,0.0246203391302252,-0.555985738302212,0.135161831094853,-0.449429490487433,0.0542647992031578,-0.322497566954974,0.0250509256424306
-0.5,0.05,0.620317088317088,-0.516241424971052,0.0232989288337691,-0.450846105889133,0.11126249380273,-0.457966254943036,0.0542714672720983,-0.325936366759486,0.0262213852659357
-0.5,0.05,0.616923892923893,-0.497919299621,0.0226401400750642,-0.608804960463908,0.0976404980811371,-0.564152432321841,0.136766627489584,-0.288259140427979,0.0233420155738276
-0.5,0.05,0.589722205722206,-0.500532394396358,0.0242303359612234,-0.346298973711075,0.0568724432810474,-0.568496967205397,0.121518210682082,-0.283230067319728,0.0223613616858843
-0.5,0.05,0.589193797193797,-0.514018568555144,0.0215897022761347,-0.516836677436551,0.0995486008164062,-0.478422031055702,0.0633603640777503,-0.289632063402185,0.0234929879900141
-0.5,0.05,0.543771951771952,-0.519456611874632,0.0243648054808623,-0.479790479761262,0.0945585753497148,-0.729093644580186,0.213252265903631,-0.302237136064627,0.0244605546868626
-0.5,0.05,0.58773533973534,-0.484692509120936,0.024213337278958,-0.777717963749991,0.177802633450306,-0.50783234145328,0.0876238188389453,-0.277296094976928,0.0259054973061837
-0.5,0.05,0.574590274590275,-0.462142628097177,0.0241637365610792,-0.467517747531707,0.108865525581611,-0.439668342212354,0.0755376427411122,-0.238029392815861,0.0209162133725734
-0.5,0.05,0.579742251742252,-0.495111042416031,0.0222419482406686,-0.86210858181097,0.192617062066785,-0.471580147892607,0.0753647251412474,-0.301509393140742,0.0226404370067506
-0.5,0.05,0.562716106716107,-0.495904374428834,0.0235007238381992,-0.525091746365401,0.111068008064705,-0.466534531514084,0.0728992277548198,-0.282882257710575,0.0245919241346645
-0.5,0.05,0.616916176916177,-0.450185119451123,0.0200010498414026,-0.514749909817203,0.115640494633869,-0.411517810563998,0.063950379233105,-0.270933497683239,0.0216796800160939
-0.5,0.05,0.60969834969835,-0.498694278406333,0.0257896535710248,-0.514863780653724,0.106993758811543,-0.60087010179762,0.147374536224307,-0.306851261347913,0.0258713213529206
-0.5,0.05,0.595195987195987,-0.485782257427331,0.0233372139790485,-0.421664880141117,0.0866025419990461,-0.824380661461418,0.274970154658391,-0.296469898674253,0.0247908460984619
-0.5,0.05,0.551786903786904,-0.518572067307054,0.0224933088400167,-0.851313462448699,0.258339481155267,-0.504234777129469,0.0953497502800591,-0.289612065073346,0.0265299400705929
-0.5,0.05,0.615987063987064,-0.503481515166365,0.0288137577557614,-0.389731339832951,0.0610823685234359,-0.665494472840427,0.152435477937798,-0.29835619719974,0.027966001422005
-0.5,0.05,0.581142665142665,-0.48439006967807,0.0239861143464299,-0.584587828712457,0.0999927525617072,-0.577803795316749,0.126378350590696,-0.276083554981592,0.0228859887311732
-0.5,0.05,0.605379077379077,-0.476487483157765,0.0211723521074054,-0.627367569337912,0.233030860781,-0.520022034082282,0.0895574396440982,-0.302108804120128,0.0220697697759811
-0.5,0.05,0.600958248958249,-0.536692515652853,0.0248515443031522,-0.423766660485453,0.114935112020509,-0.485591188925589,0.0692323248729095,-0.323351592194078,0.0240439392903653
-0.5,0.05,0.582945846945847,-0.5415592597213,0.0279309138471398,-0.60858601411442,0.122063268247456,-0.726519588857875,0.216217926419303,-0.312746785772634,0.026926865099693
-0.5,0.05,0.591122247122247,-0.561102658179208,0.0262964261370091,-0.475352939994853,0.0730981605637684,-0.48665128374077,0.0692642803242501,-0.333575885977979,0.026315806223196
-0.5,0.05,0.596699276699277,-0.498706603069091,0.0223858594629696,-0.39351601203185,0.0968144345740255,-0.395438351743636,0.0464278136871064,-0.290548965683242,0.0237568946879187
-0.5,0.05,0.570258582258582,-0.474391512641888,0.025840406838536,-0.379540276302396,0.116745489406352,-0.46384223498348,0.103097768773383,-0.277424576332153,0.0230099243360295
-0.5,0.05,0.645692781692782,-0.559929352040566,0.0258361389685609,-0.780015307557551,0.141605725379838,-0.533370838781619,0.062204622770444,-0.368795033337091,0.0269261187091136
-0.5,0.05,0.587090015090015,-0.472222342835834,0.0231478996426182,-0.38880894244121,0.0646712078693335,-0.417034307009328,0.0680868842866515,-0.235483460265121,0.0225680043856823
-0.5,0.05,0.623269799269799,-0.507408876704809,0.0226708262903441,-0.482739330225514,0.114716722145858,-0.445910261692025,0.0588649234898798,-0.297510209169112,0.0249788653489994
-0.5,0.05,0.595543543543544,-0.490139184126725,0.0225368936491722,-0.477754383998965,0.071186906353334,-0.950883642451695,0.434711509082751,-0.286077736826868,0.0227287284488457
-0.5,0.05,0.60384675984676,-0.493060058737826,0.0244739507575875,-0.506384615175468,0.121747072125031,-0.546723786333046,0.0917962653276041,-0.297338622899851,0.0229859305089502
-0.5,0.05,0.60395781995782,-0.476653286352411,0.0210442874405636,-0.504789637507793,0.0982756726538368,-0.457809889786729,0.0441476578935646,-0.295491878651582,0.0208300519960801
-0.5,0.05,0.626330966330966,-0.491366775954179,0.0225674380976475,-0.286389534482821,0.0447573135935964,-0.489715269984574,0.0848875975977845,-0.295501713142806,0.0229455047256863
-0.5,0.05,0.582651186651187,-0.502123434051669,0.0242591179872951,-0.530652344331544,0.108672520428632,-0.776770736733211,0.300028057721649,-0.303775326067267,0.0261968856783483
-0.5,0.05,0.59405841005841,-0.534899481979787,0.0270470295732504,-0.414732705989519,0.0785959832823887,-0.849987287449609,0.336508304722168,-0.306961038207466,0.0269891527129447
-0.5,0.05,0.535009567009567,-0.504367101597597,0.0229909918444519,-0.419544603270914,0.0416842414112396,-0.383217150123902,0.0686521699008704,-0.254703823832273,0.0222310441773887
-0.5,0.05,0.578677934677935,-0.523512915276676,0.0211104298147756,-0.298860998743981,0.0768194527956341,-0.90247959333592,0.388024617578084,-0.304711111376343,0.0239936381482529
-0.5,0.05,0.612741780741781,-0.510524897798172,0.0234529696212779,-0.530333030788299,0.0915511559414168,-0.39319224036207,0.0459189137329418,-0.290025207974722,0.0253181951704188
-0.5,0.05,0.581759861759862,-0.524803537177789,0.0244462234470619,-0.465228703751732,0.0777202317248694,-0.519505389527364,0.078311477462125,-0.310898588052467,0.0266917653093764
-0.5,0.05,0.621851241851242,-0.454204835427246,0.0229030235367137,-0.453289094586637,0.145875449442394,-0.512655092606862,0.09519203296781,-0.288956412929717,0.0226760896975004
-0.5,0.05,0.571132459132459,-0.56530741082033,0.0296037102488509,-0.583217639690366,0.0957725508525772,-0.526748365989122,0.0632626374893498,-0.345870790332364,0.0296869209810716
-0.5,0.05,0.639260967260967,-0.489273322617293,0.0244174780360192,-0.483601102772425,0.0766909791588718,-0.467213588628708,0.056122137879789,-0.319410427692652,0.0217933380631627
-0.5,0.05,0.539898647898648,-0.491392375758933,0.0244782710483109,-0.453003302703516,0.0585164439089834,-0.627590645799914,0.189621683698444,-0.25783130672886,0.024219374939548
-0.5,0.05,0.584719424719425,-0.525953400014105,0.0243232420718565,-0.321145391004121,0.0656094131074953,-0.560866066904968,0.0873718815396753,-0.311984254862459,0.0237072721678468
-0.5,0.05,0.605483861483861,-0.472746706417489,0.0243725205997179,-0.388605017284738,0.0874297085555199,-0.426680112362702,0.0688038437324847,-0.284473265686594,0.0242144409788742
-0.5,0.05,0.613487173487174,-0.466683054544169,0.0226896978947825,-0.531311356619534,0.0792776494116417,-0.801050896115406,0.342549487859952,-0.26803705208756,0.0230895209329525
-0.5,0.05,0.56984852984853,-0.475826873244829,0.0211428174895471,-0.407737058760737,0.0697726906826298,-0.357725411574374,0.0424802355149151,-0.279811660190057,0.0213722954800261
-0.5,0.05,0.583836511836512,-0.510885830884604,0.023315276737358,-0.514055075787918,0.10718948375345,-0.528867269228735,0.0951778542363747,-0.287575356134866,0.025013203403451
-0.5,0.05,0.629653505653506,-0.516434553204378,0.0247122319960853,-0.374572366465336,0.0714320515064567,-0.710181991743216,0.208368875961355,-0.315361588157317,0.0250338971218927
-0.5,0.05,0.58614229014229,-0.496045196661611,0.0242444864883728,-0.338313285301766,0.0801532091240236,-0.455917093579307,0.0584705885775035,-0.29317187387433,0.0239282381213228
-0.5,0.05,0.637161061161061,-0.512284670550374,0.0250534436979104,-0.738393895135257,0.128452605748203,-0.416005336270846,0.0534254614707215,-0.305894760567051,0.0264321544021056
-0.5,0.05,0.604476484476484,-0.504586192982154,0.0237768085085066,-0.586175961872299,0.0766065576022079,-0.537273797486007,0.115059890934022,-0.301435283626243,0.0224895261384232
-0.5,0.05,0.597945465945466,-0.522030738532981,0.0247381020597408,-0.681819173896293,0.14974408257547,-0.435591677991483,0.0572135189338216,-0.296055967569035,0.0238708477199978
-0.5,0.05,0.541943785943786,-0.518011818939328,0.0240731609736772,-0.36289264227776,0.0492086270691138,-0.526589403794201,0.0995542602170785,-0.287795792401659,0.0282868015924755
-0.5,0.05,0.568287952287952,-0.504765432046297,0.0237426711505856,-0.329745475129887,0.0664649179940442,-0.392247462681879,0.0441586851547229,-0.297292822859846,0.0248771968696144
-0.5,0.05,0.545807945807946,-0.530243038355172,0.0236745602081926,-0.48362450490014,0.110759621183919,-0.587218313261316,0.149296985140449,-0.275147290152342,0.0258049982202266
-0.5,0.05,0.582482862482863,-0.481548420461331,0.0220674103549436,-0.460790133411928,0.121225537382579,-0.491488999768647,0.0781241473628205,-0.275610468802476,0.0234811266373434
-0.5,0.05,0.583784023784024,-0.51985815518012,0.0256435260667662,-0.401352925155453,0.073069126660257,-0.428835176782557,0.0786548735187043,-0.288199902219837,0.0262673244298722
-0.5,0.05,0.597642153642154,-0.506626880472164,0.0257133595154218,-0.465479709935312,0.119503059249613,-0.510137173665384,0.0895188307479169,-0.299829309654906,0.0246838030434265
-0.5,0.05,0.606852354852355,-0.531694949287632,0.0244404060632267,-0.621675924147999,0.123321797785069,-0.514401237365468,0.080810789665409,-0.346320916530909,0.0269426013952
-0.5,0.05,0.602010554010554,-0.498586543892754,0.023278624822469,-0.580948247590852,0.124510485622549,-0.530849753807194,0.100206520806021,-0.285978037809098,0.0249840098034898
-0.5,0.05,0.574864606864607,-0.538348334898065,0.0248942203089856,-0.562904771527339,0.144266573097501,-0.540085303508862,0.103076920835989,-0.324197524847403,0.02688725613987
-0.5,0.05,0.613709953709954,-0.520198623109079,0.0265997396329608,-0.293110736693522,0.126302781296719,-0.709477157886489,0.156602387951286,-0.349454668969213,0.0257459810547468
-0.5,0.05,0.578985386985387,-0.474015867652464,0.0235090380886538,-0.366612529171146,0.0597273920542148,-0.595715538375722,0.11728768987441,-0.273088269231905,0.0238724400787773
-0.5,0.05,0.601632493632494,-0.46665880526346,0.0225501845615492,-0.431025933989496,0.053782623913282,-0.533535105093612,0.105900383808065,-0.274997988452628,0.0212077090054437
-0.5,0.05,0.578363702363702,-0.522805301261383,0.0246651879014398,-0.584292515308181,0.111513775607764,-0.431517567024644,0.056233007659057,-0.298025458029717,0.0264840654614515
-0.5,0.05,0.587454935454936,-0.554685823150841,0.0266942066993852,-0.551458901732462,0.130814865198955,-0.647224306665835,0.117076788526592,-0.343273225422677,0.0250577919493741
-0.5,0.05,0.60768541968542,-0.453538375965417,0.0204570999882382,-0.312246481487213,0.0841506320477149,-0.488959146567627,0.0785421154540329,-0.308988387231632,0.0215332631709739
-0.5,0.05,0.624684960684961,-0.504354694624422,0.0269018846821282,-0.505023718356245,0.0894502874715266,-0.531533076913137,0.092714706159933,-0.299758382394752,0.0279611937303491
-0.5,0.05,0.605355233355233,-0.506707732369695,0.0237120631151287,-0.525197922854818,0.114907123354731,-0.535867974707351,0.096509489221967,-0.306630493070008,0.0249662083915203
-0.5,0.05,0.611053175053175,-0.530234911277087,0.0257572183926118,-0.594019031843378,0.21256550106085,-0.497012819613351,0.0684527101502646,-0.321093652024938,0.0265561781921662
-0.5,0.05,0.589488373488373,-0.502474365296404,0.0243949980309753,-0.320928730832638,0.0730159354136527,-0.491071487135769,0.0825651304609872,-0.3225251253524,0.0252312353975901
-0.5,0.05,0.583211191211191,-0.498001719444096,0.0262322681386219,-0.515347550093089,0.0798657826783528,-0.562751833371663,0.122659462149433,-0.312353478080782,0.0265382575541866
-0.5,0.05,0.600675156675157,-0.496566094760671,0.0233566838979381,-0.945148577743797,0.175300361739272,-0.527950340964401,0.102253105798654,-0.292245472641017,0.0251861026098565
-0.5,0.05,0.587179331179331,-0.548309035434373,0.0244128206892097,-0.437917505090379,0.090096178921497,-0.622087184068779,0.121219994365719,-0.356707388255255,0.0236343473302754
-0.5,0.05,0.586741510741511,-0.518806788713898,0.0245453805697592,-0.575741830785646,0.136342698892244,-0.487097988801973,0.0746953579488997,-0.288235852744977,0.0267963137693475
-0.5,0.05,0.609665637665638,-0.480852249851154,0.0228777718067926,-0.400399421968615,0.145424973504409,-0.673424177032341,0.21725286062512,-0.292194991776961,0.0241328801391062
-0.5,0.05,0.575458919458919,-0.505718795828108,0.025980466418369,-0.260435576795826,0.0679781091320913,-0.496530850832948,0.106990860791845,-0.283024759582366,0.0243409758004
-0.5,0.05,0.588334416334416,-0.50736765053377,0.024588935722056,-0.569656405930927,0.161091931105004,-0.507300079557662,0.0843422639154018,-0.286993713566758,0.0241066464524621
-0.5,0.05,0.571223647223647,-0.497011519910152,0.0226030418684138,-0.562979721796204,0.110701853209003,-0.440641852005278,0.0990948295805854,-0.259834421276546,0.0232937159319249
-0.5,0.05,0.588892344892345,-0.458038882711559,0.0217476191490943,-0.304167699513963,0.0755460390517703,-0.432441704150558,0.0941234917314841,-0.252443041245197,0.0247842677356875
-0.5,0.05,0.614781158781159,-0.548015397050407,0.0257110900264279,-0.495594622053771,0.0857168935871511,-0.493810877029196,0.0735938126157386,-0.346150136562489,0.0244534641783041
-0.5,0.05,0.59431407031407,-0.459898191691343,0.0234038720844523,-0.315338278509773,0.0843694048900836,-0.429838243910196,0.0657441045314379,-0.297911305843521,0.0263863203593963
-0.5,0.05,0.578689790689791,-0.459046336294541,0.023407876460224,-0.245628866297831,0.0533885441799845,-0.376274812482706,0.0504169324187687,-0.246591565772587,0.0231695954562593
-0.5,0.05,0.576441108441109,-0.506319085789044,0.0239085408698736,-0.372787343344301,0.0743689461766284,-0.555925266469388,0.104870877810434,-0.296658695568469,0.0240616240929744
-0.5,0.05,0.593777513777514,-0.531008794860697,0.0268973369326932,-0.605430729847667,0.124008811679234,-0.450478323139607,0.0623866239085807,-0.294851157116901,0.0256108232935559
-0.5,0.05,0.567369327369327,-0.565182970140841,0.0285298147962148,-0.762691560121536,0.146301482103995,-0.607434128336076,0.113704813996359,-0.328978710989425,0.0276905505619363
-0.5,0.05,0.597700893700894,-0.489766652482754,0.0235866810963186,-0.395754484904448,0.0756657623973002,-0.537943955974865,0.107455647476992,-0.289222396550306,0.02394862512909
-0.5,0.05,0.589906213906214,-0.513538456119808,0.0263284926110018,-0.512425903063593,0.0548607183014427,-0.592401774064955,0.149549809864864,-0.287082159135432,0.0249965805679867
-0.5,0.05,0.588089748089748,-0.556527343706632,0.0257643545618346,-0.698564118719837,0.119109354655163,-0.445958004341154,0.0472637065793132,-0.32499928017658,0.027451882461389
-0.5,0.05,0.548722496722497,-0.487669176305931,0.0254171957075018,-0.462408254945543,0.0518399016157993,-0.698574959814106,0.255308112033471,-0.258711432173483,0.0252881892162041
-0.5,0.05,0.581173769173769,-0.471897566309412,0.0237215387927121,-0.590616309007771,0.153775281580566,-0.762106247315337,0.294616192484646,-0.292187908828183,0.0221047374315125
-0.5,0.05,0.577709257709258,-0.466806743294694,0.0239229581078767,-0.511735048618284,0.170554154987005,-0.472548641546713,0.088292386780358,-0.261345147502139,0.0244026034437487
-0.5,0.05,0.615484611484612,-0.498966894344626,0.0212253971653872,-0.575573776318816,0.109092764299665,-0.53972303387694,0.0955058879680224,-0.314833731112096,0.02511482609922
-0.5,0.05,0.587159591159591,-0.483702868423423,0.0220038831143869,-0.548515430959038,0.0776170987073031,-0.519950914432457,0.102535828498533,-0.283587289537136,0.0246957061448935
-0.5,0.05,0.607079863079863,-0.457466804277919,0.0224432553422449,-0.259246999650699,0.0773022597818568,-0.426651961324607,0.0567300723774413,-0.285152989861179,0.0243559057248977
-0.5,0.05,0.594559362559362,-0.489921235520386,0.02260149519746,-0.311631191002233,0.0754608066605547,-0.457951934905659,0.0827093863122671,-0.301307552411662,0.0222661917742527
-0.5,0.05,0.593061797061797,-0.473069165599664,0.0216408773330805,-0.537689007036396,0.0956751886229657,-0.658584397514397,0.178208866818443,-0.284100867291696,0.0214746207383195
-0.5,0.05,0.556517932517933,-0.483102282159072,0.0236410061906254,-0.70758722808943,0.109006014085175,-0.4022074854952,0.0646838851638193,-0.246742235275938,0.0244679668355842
-0.5,0.05,0.583258375258375,-0.547010388260772,0.0270092505890365,-0.433790946849088,0.0918616857296965,-0.436112170022081,0.0575745027823445,-0.309348204000823,0.0263588620583715
-0.5,0.05,0.566096114096114,-0.500444544109275,0.0267101755453488,-0.500801268813733,0.0690655715371073,-0.64700340564576,0.18946788969818,-0.273011879135225,0.0252136993124734
-0.5,0.05,0.581315285315285,-0.503272683237545,0.0249760264004411,-0.555877423308995,0.10561049892445,-0.39276275239594,0.0547893055557293,-0.270670523343885,0.0234015357903432
-0.5,0.05,0.622870654870655,-0.479043238949978,0.0205349627790848,-0.398558965169436,0.0947284650563096,-0.398714101543475,0.0514584688288335,-0.295576242073681,0.0212010450576286
-0.5,0.05,0.589760761760762,-0.504851471744492,0.0258524437098807,-0.5159205859108,0.0908544686071364,-0.478202314272052,0.100234618308811,-0.279022852531116,0.0237047836265433
-0.5,0.05,0.581090201090201,-0.502275512871503,0.0243419390439392,-0.496137866956239,0.0981920563926526,-0.594082989497956,0.137431540714405,-0.292366117603516,0.0240269769289157
-0.5,0.05,0.61423079023079,-0.497846388234361,0.0238758316486351,-0.305363964925627,0.0603130352941526,-0.489813236920824,0.0782684672409154,-0.320037300781886,0.0231828207446304
-0.5,0.05,0.605264477264477,-0.477379239218873,0.021833498838296,-0.36637762355394,0.101805374926133,-0.495363333209586,0.0711473570706416,-0.308372507993801,0.0232937347376393
-0.5,0.05,0.591674835674836,-0.495587642874193,0.0234484237989698,-0.491105787016236,0.153354579484738,-0.620654771238851,0.13103954532132,-0.297677807872547,0.0246869190504923
-0.5,0.05,0.580021036021036,-0.510246174450582,0.0233704506893338,-0.407596361817355,0.0946351183668002,-0.420873756384334,0.0516634842168169,-0.303159435879246,0.0236099145899949
-0.5,0.05,0.59424075024075,-0.499994166419878,0.024193754486325,-0.413647329343274,0.0439213459367634,-0.484706001321619,0.105575142417627,-0.286537318569568,0.0248227422577352
-0.5,0.05,0.572421632421632,-0.520864512790273,0.0251493513577067,-0.403829629135184,0.0730604418761891,-0.507468234463556,0.10073470656202,-0.295778673681904,0.0270127737180585
-0.5,0.05,0.59773626973627,-0.534681426789735,0.0243727570191958,-0.383876931756321,0.105398363056148,-0.432940588882704,0.0489471985867332,-0.325109500352202,0.0257368290527979
-0.5,0.05,0.595135111135111,-0.504936753789552,0.023605183409323,-0.594082352031293,0.103799015225138,-0.528099509955363,0.0902857262635805,-0.278310072108925,0.0228838302768968
-0.5,0.05,0.590621390621391,-0.543350303372356,0.026294282053274,-0.468007866330332,0.123231941446958,-0.593911159283189,0.141097592914768,-0.314514024055034,0.0257019998111054
-0.5,0.05,0.582988362988363,-0.513283106165403,0.0237476262348861,-0.728779332943935,0.159045597371911,-0.534393201387126,0.100634061857226,-0.310550862928962,0.0235503900501241
-0.5,0.05,0.617754941754942,-0.539045103460521,0.0266462276592558,-0.508883652773985,0.166293323059915,-0.52365426046113,0.0965249875334953,-0.345455545259671,0.026628559705991
-0.5,0.05,0.575412647412647,-0.519476528791086,0.0267190184499053,-0.492357285107824,0.144052364814703,-0.648132620628055,0.181931305325367,-0.298018640594889,0.0266154594463601
-0.5,0.05,0.592421752421752,-0.498588873420965,0.026674319513159,-0.56228521396342,0.0960884570084172,-0.493893049058286,0.0761747370462578,-0.288127509446894,0.0258583061158385
-0.5,0.05,0.577695565695566,-0.474795945254121,0.0256435123652909,-0.420870141724609,0.0711610371220314,-0.707244229012963,0.243766275913033,-0.267131367383883,0.0261802470711272
-0.5,0.05,0.604418296418296,-0.488150974379846,0.0232251335061164,-0.633973903180004,0.106692492808976,-0.40305873109516,0.0472526581786338,-0.302524723135448,0.0225963885263018
-0.5,0.05,0.582843054843055,-0.501926970137029,0.0231234522383042,-0.475030211278511,0.0977639797972691,-0.444718528155656,0.0625953212444422,-0.27885712289116,0.0244971116858663
-0.5,0.05,0.59197533997534,-0.515791930825147,0.0236629423217797,-0.678525601664246,0.153227164995374,-0.489133237052365,0.0864789388477449,-0.286200234236578,0.0221157697019559
-0.5,0.05,0.610861210861211,-0.482209923127102,0.0242159264931481,-0.504233416176729,0.109693757310456,-0.433501322108974,0.0760441550507132,-0.275142007659245,0.0222905022278308
-0.5,0.05,0.578587514587515,-0.503560797543377,0.0245719094044614,-0.496620743265004,0.118014196632995,-0.513831041690543,0.100663949005196,-0.298426169965493,0.0255521408668491
-0.5,0.05,0.58954012954013,-0.478787662758482,0.0237690716716754,-0.427735425711241,0.0793235628987204,-0.583787421490573,0.138273525700219,-0.262610266760472,0.0237135438390092
-0.5,0.05,0.650710958710959,-0.445495895119738,0.0219606554969075,-0.429200506376153,0.0987574437538441,-0.440320520853319,0.0460317037125683,-0.30167249219064,0.022894247771205
-0.5,0.05,0.581039321039321,-0.502822804874345,0.0246045992392862,-0.53752208138657,0.0915830462681627,-0.406015121610082,0.0499358557040346,-0.289886299094128,0.0250432513357795
-0.5,0.05,0.564651720651721,-0.498079583143184,0.0209413595258666,-0.763374753268445,0.126346465698129,-0.520121699689251,0.105356562665297,-0.273587037828946,0.0216696690318455
-0.5,0.05,0.606910458910459,-0.448755091665118,0.0228640178928725,-0.290687577232452,0.100044940671186,-0.493968930320933,0.0907090239924863,-0.292006132888206,0.0235732282629996
-0.5,0.05,0.597939813939814,-0.497946619249913,0.0225125405513059,-0.449915765628644,0.0593887322057663,-0.515410283793768,0.100389904584132,-0.298407546464559,0.023541855524643
-0.5,0.05,0.589416457416457,-0.478563130064425,0.0219799707538686,-0.409857047324651,0.0825354944498085,-0.485650885574419,0.081510361578377,-0.266975543283013,0.021864319475778
-0.5,0.05,0.609967665967666,-0.534320178317222,0.0271629832030047,-0.452331588740332,0.0844965125915051,-0.653496748058822,0.110202571135885,-0.345519195042191,0.0237384423674872
-0.5,0.05,0.552270504270504,-0.504096729965222,0.0216688504680678,-0.368985476496593,0.0613024079062317,-0.666194200836048,0.166473258696688,-0.27815638162598,0.0249018325846232
-0.5,0.05,0.60208343008343,-0.448023887702188,0.0227353178253062,-0.517912978562807,0.13433194664495,-0.40642131572052,0.0566393516619514,-0.27348465249752,0.0223755495870337
-0.5,0.05,0.571249399249399,-0.465926585904891,0.0245919683845628,-0.458392195460181,0.109605319631944,-0.4092454426619,0.0661609895096957,-0.245584056138545,0.0221790777146287
-0.5,0.05,0.592095568095568,-0.513633547779342,0.0261979506633688,-0.7244932217199,0.125182024942815,-0.479605345576335,0.0566146136288222,-0.319825920322427,0.0243776395283687
-0.5,0.05,0.600910764910765,-0.479854965470932,0.0213312555094102,-0.330074385389385,0.0778816544978411,-0.387347068681851,0.0417344447551004,-0.278162491676643,0.0244574489082496
-0.5,0.05,0.619976287976288,-0.484686123848718,0.0233908483716293,-0.628479686339175,0.130206636093998,-0.422234045347527,0.058210883160724,-0.298751608395718,0.0234875919427966
-0.5,0.05,0.593993705993706,-0.525553756348665,0.0246242081305577,-0.561193723694752,0.102686024818117,-0.497786711822643,0.0800032161428809,-0.315189545232187,0.023064845053918
-0.5,0.05,0.586287514287514,-0.515724645280049,0.024495599545192,-0.521448083349825,0.0717071811381972,-0.575866634157274,0.0947941487742177,-0.300574699840922,0.0244369507377306
-0.5,0.05,0.599059715059715,-0.474921121848913,0.0233692307089055,-0.569290973567044,0.112302315270608,-0.57313244167548,0.137364544676054,-0.267256556816931,0.0247629245655398
-0.5,0.05,0.563298251298251,-0.524544486573842,0.0236389077934877,-0.389284001064696,0.0766628335187369,-0.807177237090404,0.36159066728845,-0.284682677254299,0.0255942776805305
-0.5,0.05,0.595350079350079,-0.488906434722417,0.0223402214526237,-0.555333910665064,0.11809065862005,-0.564958160405984,0.106837498350084,-0.288723359727316,0.0230009492065983
-0.5,0.05,0.56001368001368,-0.492734509815944,0.0234004971455064,-0.458881127740465,0.0650989855294785,-0.463792763330855,0.0738033457299483,-0.273982003180759,0.0225781333765975
-0.5,0.05,0.630695118695119,-0.492816161811042,0.0227699441366,-0.494815174011183,0.106865197329365,-0.519695169439408,0.100349704653769,-0.303139674859684,0.0228616026251951
-0.5,0.05,0.586264594264594,-0.499125332349712,0.0255199184006231,-0.540070990907044,0.138156406354964,-0.450978981684705,0.0588826106156436,-0.293678676828675,0.0229617557122056
-0.5,0.05,0.608550704550704,-0.442349225202986,0.0219593539820286,-0.506904835802657,0.0803678749752546,-0.398983868582792,0.0733665941165152,-0.253284099921422,0.023978426902183
-0.5,0.05,0.621451077451078,-0.505730914688193,0.0233679082557596,-0.36384013527997,0.0612240133390533,-0.471084298241305,0.0657567854410492,-0.317545393298011,0.0240119678550567
-0.5,0.05,0.591719103719104,-0.493534109622904,0.025263937396081,-0.440242583366972,0.0463556152613528,-0.40279931585642,0.0475907319175155,-0.286792149831993,0.0265030724744715
-0.5,0.05,0.581071505071505,-0.533888134843189,0.0238436443923814,-0.582320222641151,0.10794830643012,-0.491403255925961,0.0679524155556312,-0.307556754022812,0.0236394165632892
-0.5,0.05,0.615734463734464,-0.484516582587945,0.0229489705864052,-0.498638030963542,0.051559477727362,-0.51377025717074,0.0751420949203074,-0.285768886974892,0.0234473624564508
-0.5,0.05,0.595545859545859,-0.531076418905764,0.0316330203687675,-0.609115330458902,0.119516603557459,-0.675526362052498,0.171457372737824,-0.320645280924881,0.0268574320024411
-0.5,0.05,0.582624654624655,-0.528684185553418,0.0248270466260893,-0.300523474010111,0.106101839652147,-0.445255603145977,0.0621817102317557,-0.300044710614181,0.0250111822818616
-0.5,0.05,0.599071535071535,-0.500600126281133,0.0255352298913456,-0.55999968615204,0.109595815845056,-0.59119823849695,0.147835137345242,-0.292448771476613,0.0235076749731984
-0.5,0.05,0.591094851094851,-0.517118496360845,0.0263130041936647,-0.561082552223104,0.141245770241556,-0.468544130777694,0.0765056127109967,-0.313841456808533,0.0246190491750227
-0.5,0.05,0.599504435504435,-0.51225083833504,0.0266338447832657,-0.434998950848449,0.0992216731676929,-0.763403013269968,0.2429543081332,-0.306562110353282,0.0262554651109783
-0.5,0.05,0.607908787908788,-0.496041121609643,0.024625568172624,-0.38515325323332,0.0808242180922127,-0.410148279279262,0.0660146627952085,-0.292788141741743,0.0228775445974108
-0.5,0.05,0.598792186792187,-0.464456970312683,0.0220603815291362,-0.393913120299838,0.0976024949827696,-0.400879671446078,0.0592537167942398,-0.270483012899223,0.0223497568926378
-0.5,0.05,0.629435117435117,-0.540915991690856,0.0250515469480281,-0.54139017095385,0.0938289983754275,-0.542778454177327,0.0986630320458953,-0.342833528791669,0.0261710331947341
-0.5,0.05,0.603376719376719,-0.491128946638082,0.0227825301908606,-0.61763182492494,0.18562126613531,-0.392161895495355,0.0594600946110237,-0.290890685453343,0.0238374909175648
-0.5,0.05,0.566969786969787,-0.515648167023549,0.0215275945284391,-0.508111636860832,0.144233408882718,-0.56767304098421,0.125216320113054,-0.292160677549297,0.0238527137736945
-0.5,0.05,0.586325482325482,-0.495328230714969,0.0231395226495148,-0.495258813452406,0.0750931145437453,-0.565244630004715,0.120252924458305,-0.290328462311398,0.0218662760814965
-0.5,0.05,0.61829703029703,-0.492300612164838,0.0249104228979005,-0.523535127017471,0.0997338517022022,-0.375213969452621,0.040746101563699,-0.304656942813871,0.024090492016121
-0.5,0.05,0.595422079422079,-0.489082543658686,0.0228357909116461,-0.50644139972761,0.10182120760863,-0.445884843741216,0.073295862139554,-0.27820891926334,0.0224034526635772
-0.5,0.05,0.577502245502245,-0.525372006266116,0.0254485867957202,-0.475471420096615,0.0578901101567497,-0.471638708585599,0.0728243794342736,-0.298644284066295,0.0242622808252994
-0.5,0.05,0.595417339417339,-0.511957242347999,0.0254887657133685,-0.440900240692624,0.103910023701536,-0.507763105692139,0.126619066585869,-0.27426596251678,0.0242951717074767
-0.5,0.05,0.594621222621223,-0.501591699268239,0.0218876786642421,-0.466075864870019,0.0794519075322543,-0.665185227673846,0.171233350527233,-0.310468288532568,0.0247763356066054
-0.5,0.05,0.577288357288357,-0.550089115597963,0.0276650723242138,-0.511020861625803,0.0929915693937993,-0.652917355184414,0.149280785274375,-0.310188224763203,0.0274338883408763
-0.5,0.05,0.583276399276399,-0.489773901884356,0.0238934885876748,-0.450989675149693,0.121720944735265,-0.403983697984653,0.0496489996059866,-0.289252057367263,0.0248719801102
-0.5,0.05,0.625505125505125,-0.48304339391442,0.0218516993526947,-0.484100511211699,0.0967758819981918,-0.44806459455725,0.0509793849988459,-0.309527916753972,0.022134510257221
-0.5,0.05,0.59189325989326,-0.508846948750037,0.0244298726602604,-0.408042051308673,0.0878691429058048,-0.517344944631734,0.116480739450402,-0.302033209174731,0.0257962868699094
-0.5,0.05,0.587318387318387,-0.456493909610691,0.0217088544166873,-0.422283666103704,0.110515641635193,-0.363386081463959,0.0450603737212588,-0.263365487751133,0.0224691001034589
-0.5,0.05,0.582562602562603,-0.52346585297276,0.0233492047344842,-0.635584183666249,0.138400573774657,-0.474472077844712,0.0788578313118212,-0.31508497543938,0.0225648987043927
-0.5,0.05,0.591277035277035,-0.465096416034305,0.0229785520262571,-0.364364818231165,0.0457333038876617,-0.491813906722277,0.0934255381573243,-0.285302948468348,0.0239577721384387
-0.5,0.05,0.593648825648826,-0.507984361954894,0.023638847984256,-0.372790016004834,0.079970571631608,-0.634289926775128,0.173986454886761,-0.294213528010962,0.0257957973028114
-0.5,0.05,0.574764718764719,-0.550480676661569,0.0255753436655776,-0.415443418497249,0.0842349698561075,-0.494410502680776,0.0610033210502446,-0.329573648124494,0.0245748895982207
-0.5,0.05,0.613023061023061,-0.505487776815759,0.0219718622375921,-0.662232120438864,0.13688905282893,-0.514147851781926,0.0841037976345694,-0.318441002866695,0.0237067091447852
-0.5,0.05,0.610616998616999,-0.509677191359092,0.0258198046922236,-0.769265974330758,0.110815454333602,-0.408704680202773,0.0537475002534278,-0.288697010785281,0.0260388853740462
-0.5,0.05,0.572107652107652,-0.533108348968812,0.0268458234023102,-0.429611089825658,0.0701671639370255,-0.471351607250961,0.0734697014841932,-0.297611916554144,0.0276109823236845
-0.5,0.05,0.618720522720523,-0.485763688250468,0.023490668561351,-0.328440928033983,0.0876998319284586,-0.439266062771614,0.0717161494085497,-0.292918794843774,0.0238744790471627
-0.5,0.05,0.552272532272532,-0.504600240331494,0.0251621948922173,-0.329761042759965,0.0807635746885297,-0.408490515199642,0.064870910308641,-0.26154488085257,0.0232021028294872
-0.5,0.05,0.586842418842419,-0.535944563013012,0.0267478324103816,-0.859611966581485,0.175018299669703,-0.492587666186203,0.0991248489886402,-0.296490303755841,0.0247810736873993
-0.5,0.05,0.552562740562741,-0.515474001074611,0.0242034546763994,-0.375812345461961,0.0986515825628855,-0.456405657616251,0.0577145355061303,-0.293845681566188,0.0240981949494592
-0.5,0.05,0.553366261366261,-0.529784612551467,0.0245306002529896,-0.743276620689039,0.1624771844815,-0.513441316603249,0.097365125753123,-0.2641381237893,0.0261749290852402
-0.5,0.05,0.592296028296028,-0.504486445118967,0.0242110186732864,-0.954914837041637,0.227001693216479,-0.487939960582073,0.0726911350541337,-0.300882664705991,0.0249967259963033
-0.5,0.05,0.597209097209097,-0.511300588078503,0.023747172328246,-0.52281535572966,0.0804223365168179,-0.414734412973513,0.0423205055652402,-0.304811672707398,0.0276698705618903
-0.5,0.05,0.623319383319383,-0.495842280666518,0.0230037409099902,-0.609502305992094,0.173095333078709,-0.567070441889795,0.110712587146889,-0.302223086988402,0.0237469238829674
-0.5,0.05,0.593277281277281,-0.53277073833664,0.0236231947330575,-0.615452616453454,0.152083653700405,-0.502875443683468,0.0927004651951087,-0.312728245233143,0.0248424209523763
-0.5,0.05,0.606028458028458,-0.514322370225926,0.021468166270282,-0.701443980601156,0.141215572504291,-0.413541433040338,0.0462261957851395,-0.310879998878273,0.0249210097461974
-0.5,0.05,0.588224256224256,-0.483336144218738,0.0221005257961652,-0.716056765039806,0.149960719773409,-0.511594002930113,0.0909962773881948,-0.290806543956578,0.0231021022574486
-0.5,0.05,0.61438457038457,-0.497605894191641,0.0248291486885656,-0.296853972076311,0.0688126719462906,-0.350367644241335,0.0400621395576943,-0.301942981567429,0.0286271338825321
-0.5,0.05,0.578824514824515,-0.471814991662728,0.0214276942117512,-0.554211662810177,0.0846318423950827,-0.403216696255511,0.0589741530806021,-0.263567863786044,0.0230441085387301
-0.5,0.05,0.581013797013797,-0.473924480973706,0.0228246579591802,-0.335480104217568,0.0628318165035033,-0.566951602276763,0.135750763457582,-0.253170299707148,0.019606171565062
-0.5,0.05,0.590963882963883,-0.516864790853108,0.026385933558832,-0.372722560185491,0.0647007027327612,-0.454984194379741,0.0653726959910574,-0.292389435278541,0.0259431396317398
-0.5,0.05,0.592961320961321,-0.486110859290187,0.0242462043712712,-0.661620972388241,0.225464597892838,-0.45659772882354,0.0720086966375332,-0.279967743810959,0.0240157832980286
-0.5,0.05,0.617783921783922,-0.507823093284499,0.0218407284515209,-0.524530802362081,0.0759456882099929,-0.490699733425978,0.0683132860772451,-0.307231344154178,0.0260996923157578
-0.5,0.05,0.601657381657382,-0.45498653028959,0.0247622956030186,-0.426656536847447,0.120160024959119,-0.466380540280348,0.0946171491968465,-0.249217456768477,0.0241464408766748
-0.5,0.05,0.596609528609529,-0.479589446235998,0.0226562712249194,-0.364495109251599,0.0529326620788099,-0.463906466134293,0.0627551398942599,-0.295897158332475,0.0250356379360408
-0.5,0.05,0.613843573843574,-0.471019278627677,0.0222864448818788,-0.530465959764423,0.110330744544598,-0.540835117029704,0.108519795031612,-0.300311543220714,0.0249657291369687
-0.5,0.05,0.58821666021666,-0.488449910951174,0.0224524540660685,-0.667253201267643,0.116721402356358,-0.504152267912755,0.0863437629231949,-0.28429932554987,0.0212571470089945
-0.5,0.05,0.561124977124977,-0.517923961777198,0.0234835370690499,-0.491422979828755,0.0922420304924366,-0.487957428722878,0.101470187259717,-0.27065017466426,0.0254957404112177
-0.5,0.05,0.571145131145131,-0.502068024169867,0.0244735333792723,-0.663084605759353,0.140072153944569,-0.513092632853513,0.0667417745066582,-0.303093715356206,0.0256267318809538
-0.5,0.05,0.577129621129621,-0.505238042568379,0.024697664863276,-0.419166580802879,0.07800605934974,-0.41801935635581,0.0456153193433284,-0.307174387731813,0.0244743117172643
-0.5,0.05,0.593673485673486,-0.494313713504571,0.0270484822735347,-0.416888429377077,0.0761691016941774,-0.448998368443472,0.07489719498978,-0.275103588423131,0.0252444095329252
-0.5,0.05,0.607426675426675,-0.501929724141481,0.0247719919664607,-0.846703584944449,0.257622681504839,-0.443716298201376,0.059748069351737,-0.311089313560908,0.0251526848435315
-0.5,0.05,0.576754116754117,-0.495006468097858,0.0237916954408532,-0.331321058739614,0.055032881920327,-0.460560042114049,0.0734168084288001,-0.297229727315965,0.0232650973708695
-0.5,0.05,0.595563943563944,-0.508526604209256,0.0228577842305502,-0.524773707673013,0.124770304111709,-0.411539863909898,0.0452171177916762,-0.306356721996998,0.0253571780484276
-0.5,0.05,0.58595976995977,-0.576746006816808,0.0251719103022458,-0.491750137137943,0.0814216117004712,-0.55419745709351,0.074680448377527,-0.346110726435665,0.0247506839778737
-0.5,0.05,0.579674223674224,-0.551754100097016,0.0261836734916035,-0.684620121551532,0.248595014015676,-0.582208064693889,0.114861845196876,-0.319428918882908,0.0253468048699037
-0.5,0.05,0.628897360897361,-0.468578766772789,0.0243480281371383,-0.429990674393412,0.0687238850626209,-0.459277609515349,0.05091706246856,-0.306244500000204,0.0242185538486683
-0.5,0.05,0.622132282132282,-0.485555854939794,0.0263643833891896,-0.342322739506262,0.09353306782532,-0.656360207663776,0.186599013755255,-0.296142140449843,0.0268443148002532
-0.5,0.05,0.604161124161124,-0.501680999596194,0.0252315664810178,-0.972822026269703,0.185229808681612,-0.587634856707718,0.129601322842536,-0.318366527277421,0.0258563506843377
-0.5,0.05,0.576886332886333,-0.475025559904065,0.0234670461302051,-0.477943210771109,0.110312781364287,-0.463897264693709,0.0880208922276393,-0.279718093202868,0.0259866129169127
-0.5,0.05,0.610154098154098,-0.520830344465313,0.0265215821839335,-0.649133991563275,0.17285598172593,-0.535044222492009,0.0973611963149272,-0.311619434316388,0.0266230445800911
-0.5,0.05,0.647345123345123,-0.55293881088066,0.0288293898746212,-0.75223500651363,0.26967858084352,-0.59276660585293,0.0698457471301969,-0.366436932238399,0.027622707201186
-0.5,0.05,0.583526155526155,-0.519095425059821,0.0276155957730548,-0.419909342734199,0.104955992162686,-0.574835085124977,0.0992988115445166,-0.31431205907244,0.0286804777957235
-0.5,0.05,0.546849570849571,-0.470548533100173,0.0202785533409769,-0.485134317045761,0.108015348314201,-0.424286492990213,0.0714824796822286,-0.259297089287957,0.022230575209602
-0.5,0.05,0.596644352644353,-0.47098188486916,0.0211924657335056,-0.690439860800418,0.121240917388396,-0.435866168429999,0.0625607665290556,-0.307332849885252,0.0249930666531865
-0.5,0.05,0.539329391329391,-0.512263506298735,0.0236411555758556,-0.4859922430104,0.0770558883709194,-0.392415560179956,0.0522857814360972,-0.285892238428741,0.0241901855617272
-0.5,0.05,0.596532596532597,-0.501606268187956,0.0219093093196317,-0.32635977799717,0.0899891720102189,-0.612100358710361,0.117719167174717,-0.307820821896111,0.0240095480968844
-0.5,0.05,0.614158562158562,-0.529660727533855,0.023544986790217,-0.728849174981648,0.154870412950848,-0.490063321793718,0.0806167262176373,-0.319352502519148,0.0246878329114133
-0.5,0.05,0.626193074193074,-0.470463113887843,0.0217619405824761,-0.539937352318909,0.127201019004364,-0.47511067247106,0.0674262493705326,-0.289017681444787,0.0245170370894498
-0.5,0.05,0.600431712431712,-0.465056026005296,0.0210536398915097,-0.599542547356091,0.185494167457116,-0.393174984306946,0.0493252925555911,-0.272715584628758,0.0237737051204059
-0.5,0.05,0.607948675948676,-0.492843988807666,0.0239810924662978,-0.566127415093259,0.107170726371873,-0.394657275881066,0.0476604014060537,-0.280684703486456,0.0237260596133726
-0.5,0.05,0.595391083391083,-0.491042094414444,0.025463926260085,-0.634085023312844,0.0993063865617708,-0.672593116507983,0.269315728703081,-0.276163853545752,0.0249846235911173
-0.5,0.05,0.596242676242676,-0.478146456880005,0.0239748725033828,-0.692850313662263,0.148444836537926,-0.512425255222286,0.0886783362811604,-0.296408853727965,0.0263186320527511
-0.5,0.05,0.607300567300567,-0.522483498281037,0.0236205933561941,-0.607514308233647,0.111556022050408,-0.542808720066528,0.0680155172938966,-0.339762581253481,0.0261624530962799
-0.5,0.05,0.581319341319341,-0.485026903150007,0.026858036019811,-0.224803075036645,0.0566356143504426,-0.496524470928461,0.0807690635583129,-0.309269901869336,0.0285777512412504
-0.5,0.05,0.603497067497067,-0.512157991790366,0.0203311963237992,-0.782875865714868,0.151363094569231,-0.465743158828228,0.0680069457076379,-0.28274867699136,0.0242990064679874
-0.5,0.05,0.607753027753028,-0.510251278268504,0.0234067519773768,-0.411319546079816,0.0787634539859473,-0.490830475844741,0.0885413317686534,-0.312131920984768,0.0230450471751198
-0.5,0.05,0.56570956970957,-0.493147913141381,0.0233403385841607,-0.546709589713444,0.107294954078256,-0.50843838233954,0.0779561033406351,-0.287390879062375,0.0207663357044855
-0.5,0.05,0.600653892653893,-0.514006805072297,0.023039720813736,-0.35501347880601,0.0847320701744913,-0.73145770841442,0.252817895382888,-0.290447421374754,0.0249036124223007
-0.5,0.05,0.576388248388248,-0.502789866293378,0.0204740552921932,-0.611330291219385,0.141362250397509,-0.420895593945775,0.0589227943795449,-0.300763120490115,0.0218116557881509
-0.5,0.05,0.596721848721849,-0.494030049922484,0.0249409626068005,-0.461798450753591,0.0587418412062582,-0.429110746446321,0.0614475480982327,-0.294591225715464,0.0262961864388211
-0.5,0.05,0.593995085995086,-0.485886590951483,0.0207413655693677,-0.511216615367873,0.136765111615981,-0.468092453938571,0.0716801858553061,-0.300039296752296,0.0230162424504438
-0.5,0.05,0.595620067620068,-0.493272731587252,0.0237837970471779,-0.557114675413074,0.119267108023302,-0.450400425859184,0.0784196847417329,-0.270117579796673,0.0258765813277518
-0.5,0.05,0.615841731841732,-0.50478273474438,0.0245548485744999,-0.720548288500663,0.0835178523868546,-0.55365243767343,0.104283862872859,-0.321598215707112,0.0265915294017853
-0.5,0.05,0.602663606663607,-0.460464177929675,0.0220251688441774,-0.437454212440438,0.150899172786513,-0.511096988487899,0.105410738519453,-0.281944376139713,0.0226792846787102
-0.5,0.05,0.573620877620878,-0.49666280506755,0.0250763416346098,-0.323404396142056,0.0964778647111107,-0.54284860856859,0.120482390636509,-0.294363260484474,0.0259548861000582
-0.5,0.05,0.557204717204717,-0.498254782942866,0.0247150854297474,-0.840002706328,0.253497423625032,-0.551948489970647,0.114316267774204,-0.279017190451881,0.0255669431423095
-0.5,0.05,0.567246363246363,-0.513014664248826,0.0241960068390965,-0.57797615081945,0.168127271054729,-0.448582224004173,0.0604856428249202,-0.310175108164487,0.0244065675911925
-0.5,0.05,0.561217401217401,-0.483152126787208,0.021745377922672,-0.571455291340221,0.080604937748921,-0.386541554448651,0.0569149686535504,-0.254469838212121,0.0238652971490217
-0.5,0.05,0.610127962127962,-0.493075508058422,0.0259070281222153,-0.34137914077176,0.114727387351585,-0.594436509897642,0.152660999125199,-0.299926565374623,0.0238758807764836
-0.5,0.05,0.502545562545562,-0.488606224518355,0.0233969857531562,-0.428585471815799,0.0915741995168964,-0.609215677184965,0.163619451812497,-0.257300666500891,0.0231787877271088
-0.5,0.05,0.562492762492762,-0.501542210379126,0.0268180528931723,-0.492882713700592,0.101402395632178,-0.534114299815859,0.140918047409927,-0.264129262530981,0.0250224453703345
-0.5,0.05,0.579407031407031,-0.524695411077747,0.0212655487030221,-0.544714349152478,0.098547186503782,-0.744734684536667,0.186117122237794,-0.335752817041704,0.0241511588125977
-0.5,0.05,0.611825723825724,-0.523333996317627,0.0229230952148469,-0.785160410463994,0.19721259476559,-0.647721354496792,0.147907857876313,-0.300283985414232,0.0240498397681606
-0.5,0.05,0.561855381855382,-0.464284271842051,0.0200062716511496,-0.76598613616451,0.160436569758519,-0.377268455276427,0.0558247953599475,-0.261954591976689,0.0211700244046952
-0.5,0.05,0.613399957399957,-0.488157987011378,0.0247748624313376,-0.38507728574389,0.113598507802898,-0.551240776141018,0.0902546961458221,-0.310142779825884,0.0233152789887539
-0.5,0.05,0.573999237999238,-0.479059722109911,0.0259115732801951,-0.409513525662127,0.0917705788170417,-0.493646969952238,0.0970984921531901,-0.272980123315708,0.0250606033379415
-0.5,0.05,0.575313119313119,-0.487278024566184,0.0236961050536791,-0.416273196377031,0.10038327433748,-0.543371086068633,0.123121724806356,-0.269473905376351,0.0239167728021401
-0.5,0.05,0.583358131358131,-0.508592542288461,0.0240453747757957,-0.40402037044433,0.0775127780502396,-0.463375979075285,0.0783743226140401,-0.285468957375091,0.0238544729978819
-0.5,0.05,0.596056448056448,-0.49635506235457,0.0226333118269485,-0.63032825316135,0.123936833962029,-0.564712989709939,0.113547989029849,-0.306446194014093,0.0239182394505948
-0.5,0.05,0.594364482364482,-0.518937250111154,0.0256028355145981,-0.697888248863829,0.123809820505725,-0.675025430835184,0.124815644666811,-0.347901822066883,0.024835540887429
-0.5,0.05,0.569753957753958,-0.52091069019069,0.0213926889310959,-0.551569130236762,0.0927611413792704,-0.440794146818889,0.0739136693540712,-0.287635084070302,0.0235336348875204
-0.5,0.05,0.599414555414555,-0.510472019109553,0.0256650476361946,-0.452749090453336,0.0860222350904882,-0.405883313882516,0.0489825637603424,-0.301634564726736,0.0252194060473566
-0.5,0.05,0.598695262695263,-0.512486086504987,0.0257096223726815,-0.627513216150185,0.0901922598247669,-0.467360383458545,0.0719323168147338,-0.288148035315176,0.0271799568895793
-0.5,0.05,0.614686442686443,-0.480950498427298,0.0232674887081035,-0.867662389057613,0.208453239430461,-0.454022478927435,0.0621399540495738,-0.294293492614846,0.0237388376684858
-0.5,0.05,0.561421401421401,-0.449608280691325,0.022856156855279,-0.476062143126941,0.0973772645101109,-0.424603263216705,0.0592715065084444,-0.258720934715552,0.023592565994145
-0.5,0.05,0.579914067914068,-0.494031920302644,0.0272373761636662,-0.489453857060491,0.0837135969556267,-0.471553098350583,0.0798188503350281,-0.275132175451838,0.0250725115819181
-0.5,0.05,0.525646497646498,-0.519347008146748,0.0224337683776717,-0.74443611834196,0.118221165885126,-0.67617750549087,0.195289649847488,-0.290898503901576,0.0250080411579991
-0.5,0.05,0.619323307323307,-0.457400927511135,0.0244334096629755,-0.403464347068317,0.142851612711698,-0.409637129281657,0.053787798425679,-0.290432712791139,0.0227022159359488
-0.5,0.05,0.6165214005214,-0.442852892470783,0.0220234233762984,-0.460341004114047,0.0928542277462328,-0.453207703506039,0.086581073195962,-0.279025800070026,0.0221420054278694
-0.5,0.05,0.552599676599677,-0.492444767218428,0.0245139710498851,-0.291597598283062,0.0562431204056031,-0.552253821377885,0.135943452548131,-0.280522484593781,0.0224487026494745
-0.5,0.05,0.545208881208881,-0.483270412942502,0.0242672180884528,-0.474610965293213,0.134647849122049,-0.488444542569036,0.0865922960156445,-0.283317175171555,0.0226038461957023
-0.5,0.05,0.587852315852316,-0.520319183960637,0.0258614106830079,-0.562765496149521,0.0846906212250468,-0.440621093791284,0.056217937774805,-0.300251814729639,0.0241732097266507
-0.5,0.05,0.623511803511803,-0.465344839075945,0.0224528348002903,-0.591944919479489,0.13289510600125,-0.490485008380143,0.0732431028622273,-0.312645458392538,0.0244969957726386
-0.5,0.05,0.628731940731941,-0.491784344127959,0.0263077789787306,-0.55454850265702,0.0851473572274304,-0.469246743824694,0.0662608009709891,-0.324299321531321,0.0249893457329391
-0.5,0.05,0.646650466650467,-0.548211946523662,0.0262840491780536,-0.627797514482494,0.166139067784345,-0.554717979489161,0.0654584851039935,-0.363417841215669,0.0259519177859131
-0.5,0.05,0.619936003936004,-0.457210258702951,0.0219508465271255,-0.425856874391751,0.0880879320805434,-0.388654211154556,0.0452700495613441,-0.274455262659426,0.0239774207029412
-0.5,0.05,0.608793800793801,-0.509196489736699,0.0241079045501295,-0.591761323979553,0.112422289414164,-0.552286682697438,0.110258462336272,-0.305984340071558,0.0234250630072145
-0.5,0.05,0.633002601002601,-0.503104757142279,0.0233856561154135,-0.516839054255207,0.0719233597426691,-0.499700821790723,0.058324029710059,-0.326748377671425,0.0232365430329413
-0.5,0.05,0.567224103224103,-0.476821015003347,0.0220461745525868,-0.506527667374199,0.0928963272807546,-0.571826794072086,0.148824676060103,-0.270757425105205,0.0221606353612559
-0.5,0.05,0.606017802017802,-0.486738412001082,0.0227216343591352,-0.504548650765331,0.0785450009059056,-0.788763135430471,0.214938793743818,-0.32338414195193,0.0247076255680669
-0.5,0.05,0.596200148200148,-0.515756762671865,0.0239510351805031,-0.506149267660925,0.0856254948217799,-0.585120184657238,0.137392660004304,-0.307736218427004,0.0249592526336617
-0.5,0.05,0.565789501789502,-0.515577465379207,0.0214459203130677,-0.577547903567691,0.10367520214158,-0.490934938850641,0.0824780292468411,-0.291742530267067,0.0241806008402852
-0.5,0.05,0.595708267708268,-0.514975150225537,0.0250433600301064,-0.436008660411659,0.0580399937853522,-0.56144793846288,0.109433000527477,-0.327005074251454,0.0248092690211283
-0.5,0.05,0.586159594159594,-0.52128085836058,0.0270884806736556,-0.62674866022069,0.127475383449001,-0.518399551042269,0.0900062148034627,-0.306762880681798,0.0261686840812859
-0.5,0.05,0.598071958071958,-0.481448640454811,0.0234039203465855,-0.374336395001942,0.0819216969323023,-0.850821412153591,0.360503046580742,-0.299576896997517,0.0256925912597741
-0.5,0.05,0.611957723957724,-0.547752028943478,0.026761143223744,-0.600945548613041,0.0775976089847835,-0.519920894222469,0.0751089946999879,-0.32709607852134,0.0249775657135288
-0.5,0.05,0.638765162765163,-0.510600816840751,0.0240156940553332,-0.373615007024822,0.0638572918626486,-0.453973243419853,0.0513823237834576,-0.329012958616548,0.0250359396557663
-0.5,0.05,0.585104493104493,-0.462811136581455,0.022771800386119,-0.454125188276688,0.130838466951185,-0.551055397920233,0.125792797317771,-0.279600928756735,0.0251211362172096
-0.5,0.05,0.614908502908503,-0.464826963831311,0.0223435620011832,-0.494585365024483,0.131886488159724,-0.439213615237856,0.0658542290265227,-0.275147348703062,0.0221766433943505
-0.5,0.05,0.595884283884284,-0.502183233121878,0.0275603526889524,-0.410464679987354,0.0482851082350875,-0.385051689224951,0.03965956910472,-0.295642633619285,0.0261305183640348
-0.5,0.05,0.617136521136521,-0.509387751250568,0.0258971525526945,-0.462681380740254,0.0961079121067923,-0.460801336705435,0.0628327005701523,-0.292906272564696,0.0249963983492652
-0.5,0.05,0.519534135534136,-0.540295996360651,0.0263039661146209,-0.528116850265017,0.0895525677832551,-0.462264688162654,0.0790286135161365,-0.25884162186554,0.0228378404782172
-0.5,0.05,0.587869931869932,-0.525604790322254,0.0248122140702757,-0.57401220446908,0.139183007319756,-0.467525823312765,0.0569301029429642,-0.31215023704283,0.0246290848230542
-0.5,0.05,0.558801762801763,-0.484720864519539,0.0275052106711248,-0.442577445692116,0.0674206575883824,-0.495355441709165,0.0896474729426761,-0.264253229162123,0.0237898645921111
-0.5,0.05,0.609965997965998,-0.491762972550309,0.026729441743916,-0.409363410473774,0.0776804933362772,-0.813365454579118,0.263529940226675,-0.320175987327,0.0246827778050829
-0.5,0.05,0.586347358347358,-0.455696339957532,0.0196993129666258,-0.472798145244775,0.064954516051837,-0.554304541948778,0.105403435619713,-0.274250109239934,0.0212527164069123
-0.5,0.05,0.613018549018549,-0.490287541118328,0.023643248086351,-0.398707791418099,0.0603767474001112,-0.427972735300728,0.0501092354404316,-0.294240711931349,0.0240197372609434
-0.5,0.05,0.587192531192531,-0.504173048918404,0.0231643062421423,-0.762643682238221,0.131978380488441,-0.610307988292396,0.129427765431427,-0.310156903520551,0.0226262649563675
-0.5,0.05,0.589990393990394,-0.484445014801047,0.0233076569396267,-0.351630530213449,0.044275228577477,-0.573766218887544,0.151843935863162,-0.281869455645017,0.0240203293686119
-0.5,0.05,0.596317076317076,-0.554053985229693,0.024919114569616,-0.630396249757556,0.12898984264427,-0.441446605613589,0.0490434801004407,-0.340756692885988,0.0267707324383031
-0.5,0.05,0.569070245070245,-0.509848567469162,0.0250048712283881,-0.789394108693947,0.238034455758235,-0.554338384669186,0.11331568480979,-0.277465228639628,0.0260329341465932
-0.5,0.05,0.598540822540823,-0.478446052602079,0.020177774830185,-0.60620645499671,0.140875774124737,-0.458564069813834,0.0698036285724907,-0.276706254899475,0.0221691887652048
-0.5,0.05,0.569594345594346,-0.514016620718961,0.0231638818406854,-0.646989564292156,0.109300601971953,-0.504240415379648,0.0888856497432629,-0.280665606497323,0.0235475908925523
-0.5,0.05,0.613097125097125,-0.495420815261751,0.0271185095908629,-0.559511794842667,0.128580472826575,-0.487468479208129,0.0663056495242594,-0.317513700669163,0.0263708004491012
-0.5,0.05,0.5638385998386,-0.509312848619814,0.0240705707478405,-1.07959692668303,0.178574454620996,-0.667009402279247,0.194107830175833,-0.271218017698205,0.0250776907281567
-0.5,0.05,0.608498132498132,-0.461805209118032,0.0222373777796485,-0.522230514347707,0.0901453236664828,-0.383647895719598,0.0433945590078258,-0.282144153929936,0.0230626859341901
-0.5,0.05,0.623402771402771,-0.470754862012393,0.0201743273746467,-0.323373994115549,0.0562521810414435,-0.361890759955246,0.0444543006353529,-0.298423026575164,0.0229926192131267
-0.5,0.05,0.617194901194901,-0.50419868672629,0.0247908278124913,-0.527295819965355,0.0816353992547618,-0.445034595319249,0.0662537242141807,-0.3141725407116,0.0239179555355932
-0.5,0.05,0.642289122289122,-0.539407781665358,0.0251925077869806,-0.515392168775756,0.0779523426287232,-0.624413548690639,0.130357614890855,-0.33254760692644,0.0254348456735351
-0.5,0.05,0.625923073923074,-0.462726527882768,0.0194964040190425,-0.63312636825859,0.12440694815075,-0.527044213085174,0.0903941781837659,-0.283830841967963,0.0212424871374145
-0.5,0.05,0.591887343887344,-0.502666313979284,0.0248177964121962,-0.464718350402145,0.0759825477200004,-0.509911719575735,0.0810801669310582,-0.305884746749422,0.0248599295353968
-0.5,0.05,0.575170139170139,-0.521728605746479,0.0217470679757088,-0.361699017937479,0.0962280951893033,-0.524870713060994,0.0905214882259818,-0.310560360175282,0.0233618939746194
-0.5,0.05,0.590151746151746,-0.47528621192398,0.0257177938799024,-0.779899332219495,0.203295921035639,-0.389811453949131,0.0552776515619411,-0.265714740083012,0.0247383781073916
-0.5,0.05,0.593534405534406,-0.519931665829464,0.0256100973113838,-1.18582870634212,0.218385220742272,-0.468260600348747,0.0668704410086923,-0.281458612951767,0.024547151319938
-0.5,0.05,0.592037308037308,-0.481747363442109,0.0260798790277492,-0.495833648769802,0.0826065428166191,-0.486302222805064,0.0861288956192851,-0.28749355074399,0.0244989526665612
-0.5,0.05,0.600306276306276,-0.500230795191929,0.024395343988617,-0.537985959673024,0.0914005036436414,-0.467651430246631,0.0746472143360136,-0.278197882042639,0.0232108282881446
-0.5,0.05,0.597641193641194,-0.503532483266153,0.0247870816921504,-0.411153750449488,0.073272985153301,-0.44233577699028,0.0665848607880854,-0.304790043972678,0.0251781459914098
-0.5,0.05,0.595757083757084,-0.514681826616076,0.0244507508853016,-0.446854277914513,0.0681999908928613,-0.479179022894402,0.0812875784522077,-0.302355567662642,0.0269505369433893
-0.5,0.05,0.567680751680752,-0.467932707250379,0.0233701173137493,-0.367185640650077,0.0571246012396415,-0.475533042349974,0.0933431688244426,-0.265004975935178,0.0226440671673191
-0.5,0.05,0.630956910956911,-0.493530186067626,0.0241917905901711,-0.463515277725597,0.0663091087650011,-0.592077766668116,0.100124840006507,-0.323373661815345,0.0246353051059066
-0.5,0.05,0.568900228900229,-0.517504844073244,0.0240716183678689,-0.526119163944182,0.117674928480808,-0.447320367136216,0.0724900123748492,-0.278831608380507,0.024600782757068
-0.5,0.05,0.610563574563575,-0.511644072332343,0.023663592317902,-0.390679756745652,0.0806096639522642,-0.447456132492317,0.0613692300181427,-0.306071828908261,0.0230621620321467
-0.5,0.05,0.555983175983176,-0.526096929573936,0.0260506243913128,-0.529537741321345,0.0783421139283044,-0.587636137762758,0.12752778818861,-0.283840855923664,0.0248260686447635
-0.5,0.05,0.5962193002193,-0.554130904997773,0.0255523995792512,-0.38876779211038,0.101245651954788,-0.801420434173352,0.198762756599922,-0.352878651586432,0.0261732331355839
-0.5,0.05,0.589336393336393,-0.486627311071082,0.0244240953188378,-0.432255647554543,0.0599838034450032,-0.534205193600795,0.112751178060745,-0.283384986936473,0.0239258647190235
-0.5,0.05,0.589567741567741,-0.535671457261442,0.0255997367271116,-0.630528409622327,0.0688373054004359,-0.582904289184371,0.104215146010697,-0.323721248092168,0.0241931366849798
-0.5,0.05,0.596668712668713,-0.491647198942396,0.0233447508078981,-0.375180195495162,0.092928938054459,-0.399889267192161,0.0555923842315012,-0.284629622256627,0.0245890975019382
-0.5,0.05,0.62604737004737,-0.501939314962989,0.0215211472066599,-0.343121041612037,0.0485091855263164,-0.419663861425909,0.068201177681569,-0.293470533234924,0.0235943040106536
-0.5,0.05,0.603371235371235,-0.515099086265139,0.0256729324879075,-0.429184768869985,0.124415325622707,-0.531922505523142,0.0741416292502285,-0.309443993652221,0.0246748290993971
-0.5,0.05,0.622659202659203,-0.509463335391847,0.0264418245500069,-0.446946711602127,0.100025268667805,-0.658170500083789,0.151825212121973,-0.344332177797991,0.0257213411756162
-0.5,0.05,0.589803553803554,-0.529283449424512,0.0264999248150556,-0.413808127546884,0.105813897503533,-0.458524460910417,0.0593837954185697,-0.305499275715762,0.0266161798111934
-0.5,0.05,0.597448377448377,-0.503177867155395,0.0249155252950264,-0.321047049723895,0.0635472547702675,-0.577822867882202,0.1169395717389,-0.306255223130881,0.0247651473022778
-0.5,0.05,0.588744276744277,-0.518179006974962,0.024590417006081,-0.595358714799186,0.131483059136054,-0.411646280403704,0.0681772773551544,-0.291406897951244,0.023450125753424
-0.5,0.05,0.619354735354735,-0.539037880861736,0.0247560085044073,-0.753352432635233,0.096096739030373,-0.727751539555423,0.175281003454983,-0.347283417558066,0.0242266189506241
-0.5,0.05,0.578667626667627,-0.477355794622509,0.021709344380439,-0.56558939721588,0.0699993452634123,-0.42158329212851,0.0664392677342076,-0.250876316911482,0.0204338590871209
-0.5,0.05,0.594975018975019,-0.479475498611893,0.0246577699809602,-0.519865596642094,0.10807264575788,-0.462145927746824,0.0558275304995501,-0.305509736816271,0.0213197583207051
-0.5,0.05,0.587147027147027,-0.483285547531578,0.0218958872189905,-0.323281856923014,0.0522918791730708,-0.495555361947894,0.0735025290276165,-0.285258884147477,0.0215998631640723
-0.5,0.05,0.59751756951757,-0.465325755781651,0.0240214147270935,-0.532570241223667,0.103517596869175,-0.495283766253334,0.132430794421476,-0.253844432470546,0.0220780265144128
-0.5,0.05,0.537353121353121,-0.529815497672782,0.024631059422374,-0.537806283272424,0.09590420814575,-0.43618227792931,0.0587222460074164,-0.31022447991186,0.0258705762447752
-0.5,0.05,0.606372546372546,-0.538173539701087,0.0236468671470562,-0.675627124441586,0.17522045966656,-0.51418569454273,0.0698908812647622,-0.326581853016819,0.0262540777303792
-0.5,0.05,0.588174456174456,-0.469156882606766,0.0259233475110941,-0.688819127575013,0.110742541546928,-0.462304784613781,0.0755948424193843,-0.267419490628717,0.0233512974095348
-0.5,0.05,0.591705123705124,-0.503074571312022,0.0255558329903782,-0.45249832168006,0.105790560374799,-0.623157035094939,0.160377944153154,-0.286499134967976,0.0253268371778133
-0.5,0.05,0.585807381807382,-0.510346234011542,0.0224902428835103,-0.414345070074947,0.0914568389791281,-0.606426111837415,0.136592339566348,-0.323499295288334,0.0245337868699736
-0.5,0.05,0.568080172080172,-0.49047730090696,0.0237299204182055,-0.697244660758677,0.201411786378278,-0.482740964410571,0.104075452041977,-0.268676800538308,0.0255085838359442
-0.5,0.05,0.58775981975982,-0.504468856407497,0.0262394999124939,-0.447500722906807,0.0961967241115286,-0.525814961972633,0.0783439759763469,-0.316086961413935,0.0260137734011434
-0.5,0.05,0.597016809016809,-0.489473220798843,0.0236329908855382,-0.744286684781331,0.14551872205861,-0.471356872271564,0.0764831872050132,-0.279585514774137,0.0232022330638452
-0.5,0.05,0.57633942033942,-0.509764193537306,0.0248146751215993,-0.421359970425104,0.0682762906013788,-0.564551283231968,0.0980037813330811,-0.319597009074938,0.0250879124409189
-0.5,0.05,0.564265992265992,-0.516735335307983,0.0260874584397623,-0.515692399405334,0.0869995736414697,-0.627831771694833,0.18551852130336,-0.288070608499868,0.0255481970642875
-0.5,0.05,0.607649923649924,-0.520281137879245,0.0240864129462307,-0.46307668977226,0.079648138365147,-0.450944102018157,0.0543032145769513,-0.316462768561786,0.023657518006236
-0.5,0.05,0.616575496575497,-0.489267069545168,0.0233026616124323,-0.37630050643565,0.0523758199091757,-0.494808050750821,0.0688280697632445,-0.312425161769496,0.0222007958824151
-0.5,0.05,0.601053001053001,-0.531340489992742,0.0250607242211966,-0.62801234723965,0.167414424913346,-0.397443306667351,0.04713891413505,-0.30601336900734,0.0266628636624222
-0.5,0.05,0.601367341367341,-0.527968257124458,0.0260265230013113,-0.606995371685515,0.0758913014933447,-0.503450844170205,0.0770453856688445,-0.321124252388275,0.0257419765591949
-0.5,0.05,0.626032514032514,-0.465419478042281,0.0208233515281381,-0.622046718938289,0.0989961001445176,-0.454151102750948,0.0579473930319953,-0.298859533840824,0.0222220161967243
-0.5,0.05,0.58160582960583,-0.516982776405155,0.0260205436967345,-0.387455280095862,0.0829079383651964,-0.486228752482617,0.0842172946124478,-0.306865075021659,0.0253639980188088
-0.5,0.05,0.588530772530773,-0.482298282598981,0.0252547426265268,-0.315563685139732,0.108861773786817,-0.513585317659214,0.100547385068421,-0.293108279199694,0.023655123230674
-0.5,0.05,0.582050682050682,-0.456504993363179,0.0225318341262604,-0.331606725810489,0.0851440409666481,-0.561819655421533,0.122869772963289,-0.309368535569812,0.0227514268844633
-0.5,0.05,0.599822627822628,-0.476406065255133,0.0224383353563275,-0.534360983353399,0.0817512170922703,-0.462349325296381,0.0814565180807507,-0.263077205065458,0.0217490411663676
-0.5,0.05,0.585862065862066,-0.498847877557235,0.0233758778165395,-0.673574319171302,0.129369032710925,-0.370971379514639,0.0387640714263187,-0.305399091960269,0.0250777032897157
-0.5,0.05,0.581831777831778,-0.494105520368454,0.0214567916814234,-0.429843441465872,0.0619780085991598,-0.380697578470181,0.0514175440940394,-0.254085141542175,0.0242551608541304
-0.5,0.05,0.607726027726028,-0.499516527369508,0.0239238530029861,-0.659744143415208,0.144730629990816,-0.547473497802409,0.0773166989007327,-0.314772911478802,0.0248392450819227
-0.5,0.05,0.596674868674869,-0.482011104786638,0.0266243985467197,-0.586368915306297,0.167059553002591,-0.500371187680249,0.104045840213169,-0.290362298911389,0.0271995942176945
-0.5,0.05,0.612193308193308,-0.536238762071702,0.0250103246850424,-1.20993911868381,0.34762344309672,-0.592279300299309,0.108313850969745,-0.334634779238932,0.0242228111759761
-0.5,0.05,0.597083769083769,-0.48146483270732,0.0247134447564006,-0.577853838771998,0.0861714753256045,-0.424893993679626,0.0715364223101301,-0.294210352169469,0.026603232400053
-0.5,0.05,0.619720591720592,-0.527479912348325,0.0259547371865616,-0.522028432375688,0.0881793803753831,-0.562242963547052,0.0874756688710868,-0.350377522130554,0.025472071392993
-0.5,0.05,0.603658731658732,-0.500911203569914,0.0260908142967061,-0.601733881689841,0.0722361854143654,-0.468753165355999,0.0571549439452116,-0.315971848270871,0.0267229037429499
-0.5,0.05,0.613071529071529,-0.486049853357694,0.0235381880123756,-0.374124406751104,0.110141591212333,-0.460703134189435,0.0688374814857155,-0.302799093725514,0.0252891159043404
-0.5,0.05,0.56576986976987,-0.516695368903378,0.0223574092463971,-0.688148762709103,0.127641881985978,-0.457717480431456,0.0571635036228665,-0.312959281884779,0.0222682377149364
-0.5,0.05,0.59840005040005,-0.506589624144057,0.0236100849483014,-0.333553890826269,0.0526004809776097,-0.63076473593724,0.110701604385471,-0.318208327399388,0.02549453859545
-0.5,0.05,0.591987063987064,-0.498364098623893,0.0244726104839385,-0.838750732693488,0.235799765387851,-0.424227504406549,0.0530577804668058,-0.29416375247181,0.0240555836307649
-0.5,0.05,0.604512508512508,-0.515691063722751,0.0257222826421058,-0.759792835300856,0.174390532624307,-0.505515844908937,0.0836735119011549,-0.280249663837732,0.0260393931520451
-0.5,0.05,0.550510582510582,-0.460016042373303,0.0222124079227189,-0.458045795572609,0.119974916528328,-0.538533186729402,0.115675057324564,-0.278937008127276,0.0219142389688931
-0.5,0.05,0.615395343395343,-0.511386697766839,0.0245961359755072,-0.322972249456035,0.0605107266120343,-0.473779905754613,0.0746384297214877,-0.300986112418938,0.0253197675170727
-0.5,0.05,0.621568101568102,-0.490787521319789,0.0254030077365314,-0.54342857609818,0.0812992587598093,-0.539018389949999,0.0719834730696597,-0.318753152058891,0.0225154349497798
-0.5,0.05,0.60582578982579,-0.538621847520413,0.0273556510735639,-0.833663648254659,0.132079442746964,-0.539824495434755,0.0904371777266563,-0.319476537808159,0.0250683225106491
-0.5,0.05,0.60588404988405,-0.501726418600241,0.0247390493291666,-0.413754550326314,0.113260212783395,-0.525217273175674,0.104299114464784,-0.282740672432598,0.0235049071492085
-0.5,0.05,0.565458709458709,-0.534351824302987,0.0266099787781647,-0.693291640568166,0.115925873132879,-0.551457085376981,0.112173327370539,-0.319315535013225,0.0250500796735289
-0.5,0.05,0.603460119460119,-0.452247653843277,0.02271495400762,-0.497192776930869,0.0709860271645946,-0.496123287866606,0.101660012535352,-0.254189879142063,0.0226394129763146
-0.5,0.05,0.580358356358356,-0.453964133480209,0.0239277047579027,-0.444429114244465,0.0550144577054639,-0.442472322352085,0.0783378986185436,-0.252312553074731,0.0231723857494634
-0.5,0.05,0.592163152163152,-0.505313259270109,0.0235151758052972,-0.582659387194831,0.105939186288429,-0.529955761151692,0.0947828268743138,-0.30838837800128,0.0251039568695932
-0.5,0.05,0.616104604104604,-0.49881091512503,0.0234209559625443,-0.429549872614457,0.0558661383927402,-0.412880281532902,0.0458731564966416,-0.322870967509175,0.0239247006738487
-0.5,0.05,0.604829656829657,-0.498306912413762,0.0259842149572135,-0.459127173845152,0.0984235213893127,-0.567581164701456,0.11842340778879,-0.298401307830371,0.0268395628480578
-0.5,0.05,0.621599913599914,-0.478677468211065,0.0214731259806808,-0.655109161260493,0.168253492952976,-0.447553417110057,0.0516302278472972,-0.305787974355385,0.0221502095032304
-0.5,0.05,0.593553653553654,-0.504844606102287,0.0230759447103507,-0.463068628263541,0.0790206022030856,-0.568114892229428,0.109204179737809,-0.314664964072009,0.0225654824183284
-0.5,0.05,0.576318276318276,-0.52578741883764,0.0266106040619335,-0.43940456105793,0.0751919596906345,-0.560208694829518,0.10383739084909,-0.3183731929442,0.0261679851449399
-0.5,0.05,0.587352875352875,-0.503190172969333,0.0249420245220203,-0.48317981816924,0.0863105200977003,-0.620780155548881,0.121219434541823,-0.314172189297308,0.0267049772886615
-0.5,0.05,0.58441166041166,-0.507861002220522,0.0257508925920652,-0.578553079715621,0.146505891396788,-0.51016765658939,0.0853583919600063,-0.283746532944537,0.0266971218773741
-0.5,0.05,0.618212874212874,-0.516283616534954,0.0253354871429693,-0.518164275191414,0.149602511057271,-0.4412937530937,0.0543526981172665,-0.314431718298349,0.0248420191343567
-0.5,0.05,0.57583481983482,-0.517061947752822,0.0215293286624721,-0.688516899635187,0.0922114799036335,-0.500465795218334,0.0982360750742014,-0.302002662568847,0.0244290868433565
-0.5,0.05,0.587154299154299,-0.482153302137576,0.0215356757407868,-0.505393936927626,0.14026773589273,-0.426351074932368,0.0474157872842673,-0.284205739334107,0.0225181186162579
-0.5,0.05,0.58842624042624,-0.453984168449029,0.0219463425458437,-0.618766777810269,0.117981904437068,-0.44316169247244,0.103744527916986,-0.266619343594798,0.0227262959807757
-0.5,0.05,0.620675816675817,-0.531882208487703,0.0276244927650109,-0.492228332304321,0.105097694644102,-0.506765050695303,0.0707471372148247,-0.332854964554927,0.0273799696025518
-0.5,0.05,0.582052518052518,-0.483235613978967,0.0217459348569453,-0.381546208510361,0.0775525385375547,-0.423264879715246,0.0790708419881614,-0.266332364513438,0.0209785045876075
-0.5,0.05,0.590771630771631,-0.536085412192297,0.0254553457422313,-0.550462446565079,0.0866873809601201,-0.394410694127824,0.0428639154049292,-0.287811002234737,0.0230584597383118
-0.5,0.05,0.598604794604795,-0.487548690850269,0.0224188545779776,-0.505833750786163,0.0708393423186918,-0.499253742635946,0.0843812899132835,-0.292080302043399,0.0236494066053757
-0.5,0.05,0.579264399264399,-0.460703829014631,0.0213512885859395,-0.432408962317127,0.0733481873034756,-0.509865854924523,0.0821744392555187,-0.291111416197805,0.0232615466560305
-0.5,0.05,0.620371076371076,-0.518783165509194,0.0257497521524729,-0.544620135163389,0.120352976169072,-0.648832023240002,0.163157228486997,-0.300409663333329,0.028042889719778
-0.5,0.05,0.589830577830578,-0.475334601865579,0.0226025965768163,-0.382238817136831,0.0640073467721809,-0.527319589781942,0.105908397176291,-0.30076881499994,0.0237260846027705
-0.5,0.05,0.596317088317088,-0.498515025108092,0.0241520873878209,-0.845699313693431,0.139711658321485,-0.439657412450483,0.0498331537081283,-0.297121871075926,0.0238204803727917
-0.5,0.05,0.614531690531691,-0.504189366771852,0.0246491698351071,-0.551722431610864,0.0825489445182446,-0.571304052285701,0.0923994632814684,-0.31742770358794,0.024742687228642
-0.5,0.05,0.605665805665806,-0.51388477037003,0.0263693248857809,-0.596707616319472,0.134257155802413,-0.423932820684115,0.0490014764545926,-0.304527671618743,0.0257995937653761
-0.5,0.05,0.56800936000936,-0.512821544715723,0.023839875902459,-0.678752556650991,0.0967799264733157,-0.805011938722462,0.232820989463912,-0.315285621764714,0.0256161829153444
-0.5,0.05,0.617653193653194,-0.486527526535825,0.024631738627464,-0.445432717332357,0.0956795510867309,-0.426644007953896,0.0789260222319247,-0.291168918573983,0.0277286558845392
-0.5,0.05,0.584037728037728,-0.433572131862942,0.0203489381803644,-0.507944627413673,0.0824599530269182,-0.318432290913666,0.040606749907826,-0.229869165916149,0.0217751913222235
-0.5,0.05,0.597201909201909,-0.453928920389947,0.0232205401181437,-0.359666512628428,0.105551306742013,-0.453642039481114,0.0698709694361653,-0.285405591693569,0.0228454320500963
-0.5,0.05,0.624198288198288,-0.530452680217215,0.0254159606721244,-0.520515478532121,0.112271384802615,-0.748868753514551,0.192202458184819,-0.336903228640882,0.0278607342608273
-0.5,0.05,0.582632250632251,-0.505777379073118,0.0239528999790254,-0.509108834608336,0.128077677629635,-0.527045885857867,0.0815862887412125,-0.297329701907603,0.0239070034412123
-0.5,0.05,0.552278388278388,-0.509808274310633,0.0220132629766698,-0.549612948375131,0.104755296331953,-0.464243369869652,0.0776613530244511,-0.280290097516108,0.0235888509201552
-0.5,0.05,0.570260766260766,-0.464575528785611,0.0202963990886076,-0.509331751349449,0.0821428654941845,-0.449835014195607,0.0871769891671089,-0.266948334233716,0.0197576327034178
-0.5,0.05,0.586712842712843,-0.469226820088904,0.0196577150635793,-0.366461438247225,0.0211848474988768,-0.406304642927816,0.0473274508692234,-0.263526378079477,0.023992531739825
-0.5,0.05,0.595292875292875,-0.532333464907147,0.0249211260142419,-0.55852053044512,0.0978090020012329,-0.86794134313164,0.30230060052524,-0.317608368412084,0.0230965723735701
-0.5,0.05,0.615562623562623,-0.531331827147518,0.0255310471840778,-0.44232405369798,0.0776391759652665,-0.576882341723165,0.118780440460546,-0.319842774907736,0.0256953114283912
-0.5,0.05,0.583448131448131,-0.509487979050956,0.02589019333108,-0.802019408483914,0.113703762383106,-0.430018029197126,0.0690750277677314,-0.26159056296229,0.0234488905986291
-0.5,0.05,0.562843666843667,-0.489723442974225,0.0243750483876245,-0.328853354587177,0.0618843319402982,-0.578262536265861,0.123927694676967,-0.278534879555768,0.0255377009981642
-0.5,0.05,0.622590178590179,-0.494945713402962,0.0228174212293545,-0.554330651469501,0.114254313367832,-0.587981475135617,0.126910425722807,-0.3147296005454,0.0234873010145957
-0.5,0.05,0.585068817068817,-0.494725685661146,0.0234160634544005,-0.358604504768349,0.100931645692589,-0.562258526868343,0.113117646276325,-0.281364952742327,0.0235123529178524
-0.5,0.05,0.575938907938908,-0.515915454819745,0.0279389779442638,-0.592954890040758,0.153627138562117,-0.432725289254319,0.0671567432783532,-0.279424414307663,0.0251167786594348
-0.5,0.05,0.58236489036489,-0.494704591106944,0.0198155208737657,-0.378460250117897,0.0771344246262902,-0.541171199376838,0.103025229937498,-0.289527956118419,0.0194430124905437
-0.5,0.05,0.606997290997291,-0.486562199938274,0.023563303748167,-0.458550296302659,0.0894828262370896,-0.684173757289091,0.125409045086701,-0.33529472070094,0.0249767434647418
-0.5,0.05,0.615768867768868,-0.517802895898026,0.0235016349919553,-0.434404010105589,0.0638619423892252,-0.508800364871415,0.0574382754807212,-0.33066423575447,0.0242733508955509
-0.5,0.05,0.551326535326535,-0.524423889759353,0.0237246662743117,-0.39686047233758,0.112526154369837,-0.559242074647588,0.126073872267516,-0.293686066682086,0.022795637695216
-0.5,0.05,0.565883845883846,-0.529825387643297,0.0260417765353087,-0.44147912639989,0.0908435702822078,-0.619730672294399,0.146475428636191,-0.280170232526962,0.024393999826254
-0.5,0.05,0.58818924018924,-0.507482014618934,0.0228363510897667,-0.541758993469068,0.097878201051558,-0.42039535281341,0.0508608740216888,-0.305735811866407,0.0251557905781226
-0.5,0.05,0.609178581178581,-0.497851974534644,0.0217054648525554,-0.526436674006493,0.091689556479792,-0.529696261280247,0.0883836218172449,-0.306078759562849,0.022717682523439
-0.5,0.05,0.609393177393177,-0.500810405357302,0.0256273497802025,-0.796711809139103,0.124124968173048,-0.528831395586035,0.102617122846389,-0.296503843778876,0.0262359460175631
-0.5,0.05,0.60418264018264,-0.489940015871545,0.0248202448868131,-0.343089195468644,0.072347432696402,-0.453469569433918,0.0714217682316998,-0.282916647651721,0.0237188079650929
-0.5,0.05,0.641798633798634,-0.446342232665571,0.0219724921674743,-0.431019319990964,0.093315777424554,-0.44298917723105,0.0614948594927465,-0.304966719074346,0.0239382567804828
-0.5,0.05,0.602674286674287,-0.509654447264489,0.0241218007885962,-0.543015084826228,0.0803987757487978,-0.518537099420757,0.0891153921805569,-0.29719753897723,0.0247837699208154
-0.5,0.05,0.583500811500811,-0.521898493358574,0.0262488310815989,-0.535448160074756,0.0894886772274658,-0.416658949276661,0.0525247625003235,-0.303986553263318,0.0250715403606815
-0.5,0.05,0.574168786168786,-0.551148043329315,0.027718247622849,-0.461670537267982,0.0626225616227968,-0.517692435048911,0.0830635962388928,-0.278921012078881,0.0256543926388876
-0.5,0.05,0.609258933258933,-0.490948404989227,0.0237480329261616,-0.660149868362013,0.130117320722005,-0.41496722293954,0.0547277895523218,-0.306486451555611,0.0244292912942182
-0.5,0.05,0.60391335991336,-0.491475433004056,0.0248806609464265,-0.350951818074893,0.0790996479303771,-0.493513168107216,0.0912623817456258,-0.294646701335839,0.022660146043552
-0.5,0.05,0.595067251067251,-0.451865645781274,0.0219984883715209,-0.538291353341648,0.121086496584856,-0.491787972269014,0.0802610243868732,-0.270532306418578,0.0209155891228785
-0.5,0.05,0.630236286236286,-0.487311568966297,0.0223556307627123,-0.484867038799806,0.123462385337108,-0.464578510689369,0.0664834648205868,-0.311347644537351,0.0225134019055962
-0.5,0.05,0.586994266994267,-0.475143471371158,0.0219425704233308,-0.410375630181781,0.0624836710150714,-0.516319380676025,0.115750286070087,-0.282985905569815,0.0215519112952567
-0.5,0.05,0.605801513801514,-0.547309516645599,0.0283361343971866,-0.455609445161259,0.184586334147113,-0.582415625922422,0.155188473813622,-0.318208528275269,0.0265630368972659
-0.5,0.05,0.597632625632626,-0.509510542076233,0.0252037026833187,-0.490607149185159,0.0660268866465148,-0.470563462683108,0.0614592703885883,-0.301256723479174,0.0253893968511473
-0.5,0.05,0.586096618096618,-0.466738049834158,0.0226320876970474,-0.360485164268269,0.0602225983634214,-0.412380189702972,0.073604635985577,-0.245777074771231,0.0235899376133435
-0.5,0.05,0.629975933975934,-0.514894909016321,0.0219796194855988,-0.53281102876356,0.0955185001933755,-0.622816581660603,0.142876391119834,-0.331827149057763,0.0236827525887814
-0.5,0.05,0.635896211896212,-0.500118743646577,0.0248772742498449,-0.458761468280473,0.055833565053732,-0.573483959670879,0.111433326397075,-0.323552021249121,0.0227547046232369
-0.5,0.05,0.594367902367902,-0.477749196427806,0.0224686278130819,-0.455776331500713,0.110635979939035,-0.474358339713123,0.0776492732957166,-0.281127469002097,0.0250455893091382
-0.5,0.05,0.59587831987832,-0.501722156586672,0.0224308541429717,-0.484007306411206,0.111645504106794,-0.55891201210965,0.129671388235869,-0.287652446922195,0.0230837458396102
-0.5,0.05,0.588699828699829,-0.486616724412595,0.0241086777251556,-0.747845726661924,0.136457880571097,-0.433434180415463,0.0658258183300207,-0.284051100948945,0.0245815679931272
-0.5,0.05,0.592037464037464,-0.503264606452697,0.0206147937964445,-0.543949610296522,0.115712111595346,-0.524858593061802,0.107685904121508,-0.280076262308712,0.022800333469634
-0.5,0.05,0.561342105342105,-0.500880016889396,0.0244376423842239,-0.447292826251221,0.107605506644047,-0.383278364041508,0.0692015545942952,-0.257103822698232,0.0247454113921335
-0.5,0.05,0.585250293250293,-0.482839291629797,0.027419150765788,-0.634052936169058,0.1586139750586,-0.504195401974399,0.0762833843750706,-0.295769115222557,0.0246983612088872
-0.5,0.05,0.617704061704062,-0.529832586992727,0.0256122980763887,-0.729034223041368,0.209797875989922,-0.724621655408014,0.192663570594827,-0.329024163501406,0.026432803208572
-0.5,0.05,0.559499347499347,-0.492853580026936,0.0234719262677031,-0.748963226651425,0.148731743370717,-0.433310109783246,0.0768057228236048,-0.248932673162015,0.0199514638394007
-0.5,0.05,0.574380994380994,-0.510362845733902,0.0260355320758897,-0.50425484304722,0.101742505065079,-0.533824964721699,0.100303912373637,-0.293634274836388,0.0255478644619133
-0.5,0.05,0.607487767487767,-0.46864729911058,0.0236414739204387,-0.594337353926574,0.126392644331991,-0.460026962033519,0.0644313120545999,-0.28460060740175,0.0223614403651112
-0.5,0.05,0.603172251172251,-0.487781246921324,0.0231024067592286,-0.495019310075496,0.143442778230358,-0.677228737369995,0.223950732247967,-0.310696696499644,0.0245564243070728
-0.5,0.05,0.613925473925474,-0.511786538527573,0.0223172151290903,-0.438244715048385,0.116387862579339,-0.614009305675511,0.125483692174591,-0.325037651187417,0.0234382203128437
-0.5,0.05,0.562213654213654,-0.541232060137729,0.0238591205943603,-0.706324325021148,0.111493380255576,-0.462475499383492,0.0530180058361192,-0.307064409656933,0.0273231393282341
-0.5,0.05,0.637437085437085,-0.481660953262397,0.0222452268786067,-0.771796643734457,0.121465362158663,-0.423986051657091,0.0471574394247685,-0.305568065508127,0.0239074367502672
-0.5,0.05,0.598776598776599,-0.496118942191817,0.0274027588625011,-0.313906081165075,0.0774320659883212,-0.524676225585231,0.092291674149859,-0.290187349388733,0.0252072765590433
-0.5,0.05,0.530401622401622,-0.564452488428897,0.0283311018632493,-0.405373700412033,0.0598207480266844,-1.21966691592001,0.684089556324393,-0.2798296317079,0.0265849172124409
-0.5,0.05,0.563540051540051,-0.513661433074068,0.0229890882235385,-0.825813282206843,0.171374897857472,-0.368453234002886,0.0441371562285829,-0.278741886793315,0.021493869879264
-0.5,0.05,0.58561326961327,-0.491013256137164,0.0252377841570806,-0.495675079902484,0.122811793580438,-0.544954818121297,0.118780587588103,-0.275348275512597,0.0252108755075949
-0.5,0.05,0.601490077490078,-0.486308580548601,0.0229381279106467,-0.506899364676804,0.101819010462956,-0.496308858520417,0.123570704247674,-0.276449989956857,0.0238638871770579
-0.5,0.05,0.580893904893905,-0.441003320753938,0.0227471536939441,-0.529565402572776,0.12908751524889,-0.398560757989534,0.0623835052387361,-0.255311475206725,0.0221264357902566
-0.5,0.05,0.591436899436899,-0.493040892363761,0.0233668149422602,-0.403336457879669,0.0645873652205604,-0.545896250845661,0.0942634354250378,-0.317119220036954,0.0249686209324557
-0.5,0.05,0.613414549414549,-0.528985632996178,0.0254975795666827,-0.676649537897539,0.112511779169373,-0.49519425180453,0.0551301253575395,-0.320111866782923,0.0255461708974128
-0.5,0.05,0.578420678420678,-0.482722557687724,0.0226965043601631,-0.852488524393939,0.216379695246232,-0.415014306644719,0.0633250604755913,-0.269928982881825,0.0225054279201918
-0.5,0.05,0.565106869106869,-0.512211645714492,0.0277015162927886,-0.470554286673035,0.119030301205704,-0.942671259276017,0.57351928434444,-0.270431730859363,0.0281782791410102
-0.5,0.05,0.606775554775555,-0.487325764959025,0.0251649691003946,-0.535493637713965,0.0911766697409516,-0.572043039194323,0.119362043775025,-0.286382599223202,0.0258201676028784
-0.5,0.05,0.629234657234657,-0.482013048765763,0.0253847960159262,-0.428574203577916,0.0794490221213809,-0.556306345585023,0.127712680377947,-0.293246587834203,0.0237499578325669
-0.5,0.05,0.566098178098178,-0.508549558442339,0.023995983743001,-0.779722226848431,0.129638784664644,-0.642937341128613,0.151338552714167,-0.315671243644117,0.0221841932802052
-0.5,0.05,0.603115047115047,-0.517139356561247,0.0251342336876915,-0.615422038050578,0.128888805321751,-0.572288243399016,0.120641959419841,-0.297338411413559,0.0245039561471947
-0.5,0.05,0.583339747339747,-0.521432186001551,0.0257085241771263,-0.639233661168556,0.138153894853012,-0.51065604083346,0.0682368944264276,-0.33990576338334,0.0278277265223998
-0.5,0.05,0.583987987987988,-0.501072666549263,0.024745325265313,-0.496462422413018,0.0702275755545519,-0.615404142529873,0.142419148048065,-0.2860513286882,0.0253637264874797
-0.5,0.05,0.5683201003201,-0.480051489474885,0.0218982577374419,-0.634433960695044,0.155654420973896,-0.452204816494048,0.0647880682196722,-0.273405974263375,0.0231610335644675
-0.5,0.05,0.624274236274236,-0.455412013382196,0.0272532469934126,-0.454404833986131,0.0880506607056799,-0.475235502688163,0.0718737529201755,-0.301594173716191,0.0230696302107219
-0.5,0.05,0.57992925992926,-0.523740816650076,0.0237741870719277,-0.527031276216773,0.127126961990552,-0.550340756951977,0.0674631157377218,-0.325674700240529,0.0253223812164694
-0.5,0.05,0.57039735039735,-0.516255726628417,0.0273482433921929,-0.658291976182309,0.194854775789804,-0.531754473850164,0.121008721425473,-0.289299249821769,0.0269309044626435
-0.5,0.05,0.548197532197532,-0.477223045094128,0.0237506069948556,-0.426490697824267,0.080460708575153,-0.411331779908336,0.0749374257947135,-0.252381241446457,0.0222495073008508
-0.5,0.05,0.55773512973513,-0.491139947287727,0.0228597606522428,-0.281624826252596,0.0547635572652393,-0.381895250162961,0.0628676778722018,-0.249358628136175,0.0223154637975872
-0.5,0.05,0.596402648402648,-0.479343463345405,0.0241591732494127,-0.318413593133215,0.0551991400533723,-0.516432957606031,0.0964900633757784,-0.306147761535094,0.0249189591572499
-0.5,0.05,0.581319281319281,-0.475292888135514,0.0202213629608478,-0.303823331427517,0.0525237366700793,-0.508634049208477,0.0998627282441209,-0.288455676883985,0.0212324178577507
-0.5,0.05,0.59946851946852,-0.495751134445356,0.0235384268438233,-0.535046886896357,0.108485790370759,-0.526971793395893,0.120405366892124,-0.284087939490849,0.0253864469895689
-0.5,0.05,0.587000147000147,-0.499227659260956,0.023292764798133,-0.599342346958661,0.121404398570693,-0.481074969874965,0.0677209153557166,-0.302950025873206,0.0247297561992746
-0.5,0.05,0.612779292779293,-0.500148923255847,0.022830070343414,-0.51099339120411,0.0586183431087633,-0.743000048772047,0.224087586415366,-0.304127433072384,0.0240164971488802
-0.5,0.05,0.6044692004692,-0.539506402014561,0.0281900596973825,-0.426410498763742,0.101871052069217,-0.659309970018956,0.153800494011925,-0.337727323599932,0.0267866423361471
-0.5,0.05,0.599356103356103,-0.489260385687315,0.0231803139780456,-0.773673196575512,0.223270485948868,-0.459663552548368,0.0826391423044913,-0.28724428947668,0.023690683692391
-0.5,0.05,0.612670812670813,-0.506015901504736,0.0253458480255233,-0.453882597302913,0.101615228846536,-0.533467649056943,0.0949863744224619,-0.314173153334996,0.0266309861463442
-0.5,0.05,0.602427722427722,-0.470473862975042,0.0200118790958993,-0.430950460441857,0.118552403901746,-0.462251920833546,0.0973792861388307,-0.284813975423456,0.0214718536294402
-0.5,0.05,0.601334125334125,-0.505653872233502,0.0248226244868291,-0.268189035810475,0.0829928020283241,-0.563801089567877,0.133748055276565,-0.292338678397378,0.0250293067148651
-0.5,0.05,0.619870999871,-0.521622316161424,0.0255730480758316,-0.481167689319075,0.0757241738141816,-0.476618328185662,0.0601010799133563,-0.318396144914053,0.0246494812561776
-0.5,0.05,0.618362826362826,-0.492079001372917,0.0221611641743223,-0.413545490812201,0.100725792780241,-0.584824755409913,0.140091911202991,-0.291195689232453,0.0232502412163742
-0.5,0.05,0.621382089382089,-0.509931068622038,0.0221446634934754,-0.528539059152793,0.112989934808751,-0.582356728758174,0.113935698376729,-0.317153369272407,0.0236701462110247
-0.5,0.05,0.569020241020241,-0.500218484001502,0.0225031445760276,-0.422822496893551,0.0870707117016734,-0.551377058857249,0.11373582282333,-0.292403863709011,0.0214727641433026
-0.5,0.05,0.582547662547663,-0.439771335303469,0.0213340537401858,-0.526883121907956,0.112306867108997,-0.400803441716682,0.0574687071526458,-0.261527858294953,0.0226234895137694
-0.5,0.05,0.566705978705979,-0.520674497355799,0.0256366213068268,-0.361036509331342,0.0860796603479128,-0.369462515954226,0.0444235827295546,-0.272601067120448,0.0267156383070892
-0.5,0.05,0.585092493092493,-0.457136392000046,0.0232665567273942,-0.27498700935716,0.0701768884663929,-0.468971679076421,0.0716872917391086,-0.264023253116769,0.0221889234175872
-0.5,0.05,0.599829035829036,-0.506425959559029,0.0243594973583358,-0.580337616681644,0.0759666849531765,-0.46123609355667,0.0643670779909292,-0.299902592596911,0.0249000563830875
-0.5,0.05,0.588764784764785,-0.49631180108144,0.0250791458498334,-0.606343217302788,0.13109828526394,-0.444494517994675,0.0630971633608628,-0.296478699716162,0.0216019457621757
-0.5,0.05,0.592070368070368,-0.515979478127361,0.0243440675334822,-0.497755717306592,0.0752183783380788,-0.403652588773427,0.04861012802636,-0.28880523213991,0.0273589328759631
-0.5,0.05,0.595451335451335,-0.497853501848442,0.0231375806492272,-0.734223284243559,0.193683705273288,-0.513049398898835,0.0795710868086587,-0.308594351512992,0.0216778715479932
-0.5,0.05,0.599486879486879,-0.509455198751394,0.0243627625673265,-0.50323235657253,0.0742034921644149,-0.421508173709966,0.064842474714709,-0.289600782233247,0.0237922846569181
-0.5,0.05,0.572450816450816,-0.520065029474611,0.0248409085127717,-0.76668977406372,0.206656664690785,-0.613829571869328,0.136248884612063,-0.328732933304331,0.0239521534456272
-0.5,0.05,0.596021744021744,-0.464739438112166,0.0228191452010042,-0.415901824116268,0.119757758093413,-0.391607634633658,0.0571158812626796,-0.264015796379179,0.0223633005196703
-0.5,0.05,0.573794121794122,-0.477351928827258,0.0225839736415442,-0.535421150773378,0.0904018377207442,-0.749714988693528,0.220459477743629,-0.307170484750056,0.0229244889753148
-0.5,0.05,0.600584940584941,-0.52190348373217,0.0268522266611061,-0.454181445010697,0.0566812806520261,-0.566256259793977,0.123175979931303,-0.308623867608712,0.0267748640623313
-0.5,0.05,0.590404454404454,-0.527526112231549,0.0244730476671883,-0.419822249252247,0.0727112555904738,-0.47111327831569,0.0880861784918907,-0.296710503135446,0.0247305488414006
-0.5,0.05,0.561371673371673,-0.46060785213704,0.021410232326979,-0.546383147847422,0.128202674177736,-0.504097311242927,0.107425829195222,-0.257174211999295,0.0237391320183771
-0.5,0.05,0.587086523086523,-0.465887048902939,0.024426087564747,-0.395458762306879,0.0858943986884763,-0.429888871684099,0.060244540056845,-0.27734009436574,0.0228634681247772
-0.5,0.05,0.61632928032928,-0.49941067325255,0.0224862445703495,-0.51725118727684,0.145156991294434,-0.474198949189235,0.0629920690905604,-0.309739786401946,0.0255238768846679
-0.5,0.05,0.592175836175836,-0.457962350795347,0.0227389542311465,-0.515268073959563,0.105669935463928,-0.513515005825913,0.0996536314682418,-0.279542714319563,0.0241753306196666
-0.5,0.05,0.602607938607939,-0.519438491745688,0.0247755271331144,-0.824091880499769,0.195020037346378,-0.545405276705065,0.086722024102738,-0.329144180518029,0.0223814407337279
-0.5,0.05,0.569819285819286,-0.520811292572753,0.0239307275718352,-0.494414039933537,0.0997160107824348,-0.614283258646471,0.147866733061207,-0.321411920219038,0.0249381307411973
-0.5,0.05,0.60776311976312,-0.487800008006778,0.0246008611343216,-0.427086223993143,0.0847289242221435,-0.525303611051875,0.0843442952067709,-0.301861893310555,0.0244751146486582
-0.5,0.05,0.607057387057387,-0.527847142025288,0.0284651765614715,-0.365252133007032,0.0548807526031536,-0.56377536971406,0.101411073223673,-0.314461117006727,0.027048408884914
-0.5,0.05,0.617496353496354,-0.477278760533021,0.0232586627132868,-0.619832414962926,0.188450660719598,-0.529568740387119,0.0938758439657287,-0.295496324919156,0.023467716873065
-0.5,0.05,0.596339096339096,-0.472809790030156,0.0227948524791266,-0.424834461529938,0.077152078206233,-0.464383901051899,0.063626397180643,-0.306333549377347,0.0257900061632217
-0.5,0.05,0.580370704370704,-0.497073971770176,0.02436978964609,-0.563105116215726,0.123455187179222,-0.509916177863899,0.097651452133457,-0.28572774711472,0.0241442633114479
-0.5,0.05,0.578161514161514,-0.470410461956056,0.0207343738051799,-0.549581639949555,0.0912173846964259,-0.501875588331198,0.0862104134044466,-0.291765611852845,0.023840161726832
-0.5,0.05,0.560670920670921,-0.452823979372032,0.0238293436357814,-0.708077527841804,0.111802040432355,-0.41806268726857,0.0635511531335968,-0.242210474558956,0.0247214549151059
-0.5,0.05,0.586517998517998,-0.473723756631839,0.0210679945848005,-0.444972714705493,0.157875613128985,-0.387980164120955,0.0551367772174864,-0.279608917867926,0.0221958853344499
-0.5,0.05,0.619748023748024,-0.492133513325666,0.0224661509355394,-0.590885064451493,0.0962266805956754,-0.445579398817969,0.0635247669871636,-0.307205878860102,0.0200080625937392
-0.5,0.05,0.593105921105921,-0.564427511299369,0.0263687998073435,-0.605645334033404,0.0896864091768391,-0.651375885183836,0.125311553220603,-0.360268409867606,0.0268303892613445
-0.5,0.05,0.579289407289407,-0.483193152646595,0.0270005088195739,-0.353963073992473,0.103101709205263,-0.582574079649196,0.111726755380166,-0.298746577876838,0.0249652328904293
-0.5,0.05,0.579244467244467,-0.511439425844432,0.0232742680405378,-0.495088091505753,0.119288607661409,-0.527504026254237,0.102092509576839,-0.307101418577486,0.0255097555280962
-0.5,0.05,0.580212856212856,-0.515524562930819,0.0226844917630396,-0.499746205931305,0.125955152081444,-0.436696165939688,0.0605402183215117,-0.288560586933768,0.0262670200162408
-0.5,0.05,0.597199965199965,-0.5334067926185,0.0264316114097782,-0.587304756907675,0.135948150126245,-0.483150705818233,0.0786487042335631,-0.311933420749524,0.0291736914684228
-0.5,0.05,0.564596304596305,-0.503908856028794,0.0270542464698849,-0.38302296616197,0.0616783925906583,-0.430521050897089,0.0659181662048953,-0.289372488768006,0.0267962467666497
-0.5,0.05,0.626199206199206,-0.484935572056395,0.0223966082848713,-0.481210963079718,0.0821670066344301,-0.523414004786805,0.0957250357709818,-0.2958554568404,0.0231516873850549
-0.5,0.05,0.562107358107358,-0.497307581163245,0.0226405585675172,-0.299383803545019,0.0766025622189655,-0.378448407780819,0.0579295419363674,-0.256303434083504,0.0240979981394732
-0.5,0.05,0.592501180501181,-0.459821442154604,0.0227408009404673,-0.389592366563316,0.0836646168026986,-0.570605206835499,0.108371956944073,-0.273196929597253,0.0234565147042988
-0.5,0.05,0.552089472089472,-0.498884584358629,0.0234582153223496,-0.590506391980429,0.0959087653653679,-0.362904917477648,0.0570769650238093,-0.270146501792829,0.0257043830913438
-0.5,0.05,0.644234084234084,-0.511145095885646,0.0246362286139677,-0.443976422837059,0.0638445893467122,-0.436018175740455,0.0539417896103156,-0.29364720446656,0.0239334605995678
-0.5,0.05,0.618561294561295,-0.50303254624091,0.0231929331735234,-0.626347345131438,0.111664304218502,-0.492797798597137,0.063693471528006,-0.315476556108453,0.0238881338422848
-0.5,0.05,0.566534498534499,-0.502790173985482,0.024829518320301,-0.698871594402705,0.0995732717368287,-0.424563694006211,0.044693466843273,-0.307951390189203,0.0257738071162035
-0.5,0.05,0.601644853644854,-0.46132427693389,0.0237131850122198,-0.300233578534815,0.0564340486462066,-0.510606628714502,0.107573998088323,-0.266496846735659,0.0231303653618603
-0.5,0.05,0.619376659376659,-0.503516822732627,0.0244827444157769,-0.670815794679467,0.102778151051854,-0.424984689615487,0.0619582981473726,-0.286679954915555,0.0262047276060618
-0.5,0.05,0.623986355986356,-0.451523404569457,0.0227586835588255,-0.475228344091145,0.147166633961276,-0.537500343476767,0.113485925290686,-0.263168660737266,0.0218785033551048
-0.5,0.05,0.606494262494263,-0.49608830299815,0.0244894064500213,-0.485962254339269,0.102746257149496,-0.468134223765823,0.0861679947510031,-0.29151518366087,0.0247009921744352
-0.5,0.05,0.579076611076611,-0.522494197496125,0.0244773810847261,-0.726690633250772,0.262858664699635,-0.447161406589783,0.0516601428023698,-0.306574881749958,0.0263684091147371
-0.5,0.05,0.60948144948145,-0.475954694645868,0.0221146077678133,-0.355882304933651,0.0526814597660006,-0.525618001896632,0.0961734369748064,-0.28164184289454,0.0211660496332217
-0.5,0.05,0.585479157479157,-0.535658564105391,0.028356128563745,-0.429245775586922,0.12291441194309,-0.56007718221159,0.103446841108206,-0.306128850315381,0.028850835048173
-0.5,0.05,0.617091233091233,-0.465147084869265,0.0210963928655,-0.371604667200097,0.091351963980288,-0.60022692856106,0.138371937765208,-0.300772154452091,0.0234176991061059
-0.5,0.05,0.607994215994216,-0.504307797365039,0.0211646381074489,-0.547815001029818,0.130029203552016,-0.830671183680247,0.317162153645414,-0.320140898157038,0.0232655024847382
-0.5,0.05,0.59801653001653,-0.48079148947388,0.0241311307366766,-0.420618583031474,0.096596838500727,-0.456955351492924,0.0594983162278211,-0.284247950246657,0.020410754276292
-0.5,0.05,0.624686940686941,-0.573765491863661,0.0275972254653224,-0.5322561975885,0.0622592624211481,-0.629554267488416,0.0927512237265914,-0.374781213798086,0.0251055268304234
-0.5,0.05,0.588487884487884,-0.449424845452848,0.0222901220137872,-0.479685522212094,0.0981390860571547,-0.360090883770653,0.0458772725039126,-0.257853168702317,0.024216523598111
-0.5,0.05,0.581419841419841,-0.530378665921357,0.0264426957973116,-0.517729025738998,0.102578099691923,-0.563810729106971,0.0931045650139866,-0.312263629413588,0.0253316325452991
-0.5,0.05,0.602994386994387,-0.510129525682047,0.0236130669561201,-0.477216460030713,0.0831654092638519,-0.459855667356622,0.0626733564826707,-0.31020166527135,0.0244796179205689
-0.5,0.05,0.635463491463491,-0.478653614480742,0.0233341077565376,-0.590203242155599,0.111699514332953,-0.412469695258285,0.0544788084613886,-0.294807523567037,0.0229120088042168
-0.5,0.05,0.587400803400803,-0.486461398322429,0.0230740587877101,-0.607764408013945,0.138927783537141,-0.435632054205138,0.0643815388100628,-0.264417404552123,0.0234541734894073
-0.5,0.05,0.63404731004731,-0.499617461537839,0.0253746380914106,-0.623001688541173,0.179630157289519,-0.444227866136443,0.0570677420391563,-0.297262321607297,0.0243782456814055
-0.5,0.05,0.619868047868048,-0.49107288881871,0.0245150898491701,-0.342168122818748,0.147163550446007,-0.464706478948946,0.0858418610727588,-0.274916320486944,0.0226924471454622
-0.5,0.05,0.569334329334329,-0.460602086956357,0.0219234779364543,-0.323961741910679,0.116332117319692,-0.440150812253287,0.0590344479248565,-0.264431000830273,0.0245930568844379
-0.5,0.05,0.569070233070233,-0.50126162240467,0.0265323957923289,-0.461261181823247,0.0283245180010227,-0.600311603025216,0.180652929713544,-0.260235444533542,0.0259100171587898
-0.5,0.05,0.582029118029118,-0.520603541325822,0.023410617262894,-0.600312715850127,0.0847328163510913,-0.558492118533744,0.0859685185305554,-0.320841001930608,0.0253128810830443
-0.5,0.05,0.575330891330891,-0.580116733514312,0.0287350155203633,-0.612187809623584,0.0977516717691701,-0.547211721455174,0.0734461139127333,-0.377583868110795,0.0270520917073192
-0.5,0.05,0.597955281955282,-0.508185617940379,0.0232874729546782,-0.676224313718643,0.06964689054449,-0.473856816384188,0.0655827194167099,-0.309155549342441,0.0244601973141361
-0.5,0.05,0.560791532791533,-0.515166229319312,0.0240960598565519,-0.370594404748668,0.059389530095107,-0.553604515180552,0.102334466635864,-0.300766860781744,0.0228836646581643
-0.5,0.05,0.542175182175182,-0.500937101697895,0.0226733243476251,-0.568244366873499,0.0900656335152584,-0.430946199411757,0.061323498833518,-0.260616807735263,0.0239418051891405
-0.5,0.05,0.571672531672532,-0.479186054807603,0.0233942854755798,-0.336882646601292,0.0798039583713639,-0.473229652013671,0.0729744321794648,-0.289361829456614,0.0228991952591218
-0.5,0.05,0.626960186960187,-0.514043964944201,0.0245248530450715,-0.568536209906194,0.0905860978269576,-0.574667121055848,0.111135823667807,-0.324529342036465,0.0259527146573656
-0.5,0.05,0.576946836946837,-0.485476196842862,0.0226235338198643,-0.451515504084198,0.101917608005409,-0.419457302736724,0.0670744784580611,-0.256873293218167,0.0231295960590447
-0.5,0.05,0.577456873456873,-0.484458246887312,0.0231903924685872,-0.469634173398038,0.0999491981496468,-0.592445310448291,0.158358580430515,-0.275777431396617,0.0236248858049182
-0.5,0.05,0.609771957771958,-0.485315055556958,0.0240619247440482,-0.457647908347365,0.0816232474469438,-0.514784015345059,0.0911446932327139,-0.310469617116612,0.0238138786840759
-0.5,0.05,0.616691788691789,-0.518036570526055,0.0207636938810583,-0.368820385819489,0.0675233009933344,-0.545372875987744,0.089006630395209,-0.305597469946045,0.0219142298741245
-0.5,0.05,0.57350268950269,-0.476368734994014,0.0243363109783404,-0.517791567818264,0.105120201688034,-0.471621896342741,0.0702721569163899,-0.292232906097778,0.0219126804490882
-0.5,0.05,0.595303051303051,-0.512620064616208,0.0235138386355423,-0.638734423680772,0.164056269854539,-0.449766985952059,0.0583091120824739,-0.30825422271243,0.0238985005839437
-0.5,0.05,0.573197037197037,-0.452022991006881,0.0213755674429776,-0.79213322431004,0.149011794764374,-0.571208039317762,0.179440429071174,-0.272345643970882,0.0219387717617741
-0.5,0.05,0.603450399450399,-0.491800485000555,0.0242613517763003,-0.246873370145393,0.08829133136883,-0.351649582803002,0.0492985280239927,-0.279068448452565,0.0237179829683946
-0.5,0.05,0.574732582732583,-0.47921246412583,0.0222122119978581,-0.427682025018279,0.101054038520501,-0.496674812888804,0.090006961039061,-0.283339821386701,0.0205719851823235
-0.5,0.05,0.599321699321699,-0.477403163929863,0.0271356752445275,-0.545904744156672,0.132343484532287,-0.397946467900151,0.0496643808127388,-0.257615448248669,0.0245198359704455
-0.5,0.05,0.613991737991738,-0.513082014205183,0.0259626785097824,-0.844955565506501,0.160306341440602,-0.501648277163904,0.0595556245272249,-0.334361158493256,0.0255535494410626
-0.5,0.05,0.60634041034041,-0.468981929257472,0.0248046539701356,-0.539336630835902,0.09615067416974,-0.51427332658963,0.0859371671460617,-0.297888959769688,0.0245334028173629
-0.5,0.05,0.605746721746722,-0.444623294784412,0.0189396884100009,-0.491298270151522,0.0953083257944625,-0.361225698267174,0.0420168311447246,-0.264154308161209,0.0192965826379384
-0.5,0.05,0.611285615285615,-0.508476744592294,0.0227378734713626,-0.504006778461204,0.07880533863599,-0.431363581907856,0.0509452900449363,-0.305273943999838,0.0238910874107482
-0.5,0.05,0.592810960810961,-0.530532593229488,0.0229750949482163,-0.634736008772519,0.0877110914496409,-0.643632312992681,0.110942252252989,-0.358520218711309,0.0245374754225947
-0.5,0.05,0.538178434178434,-0.480729248507975,0.0223019670380736,-0.460538023434513,0.034098129567433,-0.435362462800002,0.0926341356601809,-0.236401917401669,0.0216247848442144
-0.5,0.05,0.584417252417252,-0.487604976008985,0.0225069905165919,-0.43286792015581,0.0810276279070276,-0.65607410945277,0.204456437774934,-0.284526769079406,0.0250695259232063
-0.5,0.05,0.619531951531952,-0.531950079683819,0.0244571758261785,-0.651311847047427,0.269374903418104,-0.736634359252837,0.207229854071181,-0.335825341446358,0.0243132010803796
-0.5,0.05,0.606336978336978,-0.481556250939348,0.0247092878963602,-0.504516446003904,0.13554672835426,-0.536018777180054,0.101483020978658,-0.285461446640718,0.0227098804380662
-0.5,0.05,0.583368187368187,-0.508209304717199,0.0253556396250844,-0.522103229255499,0.104158742611899,-0.509267911431961,0.075436677045704,-0.312490375949011,0.0205324126303665
-0.5,0.05,0.60616299016299,-0.50399878382734,0.0234746674162198,-0.446064880693533,0.108223947459093,-0.45375526502265,0.0603021117845976,-0.313199253692308,0.022523396695141
-0.5,0.05,0.563180879180879,-0.459827990362921,0.0222439641944238,-0.462410680871079,0.106945449180598,-0.500397082708208,0.0887234596414926,-0.280408193188158,0.0240446763556429
-0.5,0.05,0.607314679314679,-0.484505931633847,0.0217269799218418,-0.461901275761227,0.0843984113321965,-0.448354907026318,0.0707645011655783,-0.28809338652963,0.0231912561018779
-0.5,0.05,0.596113544113544,-0.466869202559059,0.0232600004379704,-0.746807742136205,0.157708322462834,-0.440354196913358,0.0600190796077643,-0.266358068345382,0.0239498282725089
-0.5,0.05,0.593554697554698,-0.48745735150079,0.0237024794065077,-0.492449344272502,0.0732958225762504,-0.439607548361996,0.0577440837960342,-0.28973054699223,0.0240187787671958
-0.5,0.05,0.584971268971269,-0.498806107435409,0.0250088196359837,-0.647691410400389,0.152292735269777,-0.489616225728828,0.0922425706015271,-0.262630534233,0.0228697320113328
-0.5,0.05,0.59971511971512,-0.489128946274792,0.0230415628531397,-0.550733488045658,0.17552833105793,-0.535254609937385,0.0976437174023938,-0.293172359185717,0.0236848602414407
-0.5,0.05,0.594511446511446,-0.499467265185736,0.023602127933713,-0.62782706685155,0.16059286498012,-0.35561092265222,0.0424870312731762,-0.287815236223274,0.0261272043495791
-0.5,0.05,0.585149361149361,-0.524608027503356,0.024967285566159,-0.455152462137207,0.106709254949475,-0.472072477340514,0.0753686774192001,-0.299510545898742,0.0260141264920047
-0.5,0.05,0.584836460836461,-0.44931975036004,0.0238964726865877,-0.42162131591901,0.0666151749060549,-0.414642094322078,0.0901754620547957,-0.247680008300414,0.0238720437256564
-0.5,0.05,0.563558627558628,-0.493403987560932,0.0229701184487873,-0.61234536877181,0.0747226497038913,-0.498676899550397,0.107835066305473,-0.265141052427975,0.0229538173377217
-0.5,0.05,0.613594873594874,-0.560402091152622,0.0266977267301111,-0.708857071257519,0.116309573431501,-0.565125633186332,0.0720756950847428,-0.351138068109208,0.0283483337829312
-0.5,0.05,0.615757911757912,-0.507033914269335,0.0229960738756724,-0.714930308455477,0.11852437890068,-0.50050334373448,0.069088974940653,-0.298370638677322,0.0237490036339568
-0.5,0.05,0.582861042861043,-0.487241933846868,0.0233490743082093,-0.294104593641871,0.111098808841589,-0.445550116371497,0.0704680952550656,-0.277946769376815,0.0221767097162389
-0.5,0.05,0.618507018507019,-0.48762878940572,0.0246161416967805,-0.342006939139125,0.0967989141740386,-0.506034499097811,0.0959949501815326,-0.291486731437755,0.0243276231822173
-0.5,0.05,0.595108567108567,-0.502120359111251,0.0236148134958194,-0.379513360987059,0.079382061832917,-0.442786375382093,0.0705859190966694,-0.294651562502463,0.0239954248910397
-0.5,0.05,0.594192714192714,-0.506833447866951,0.0240548629161988,-0.702941917163327,0.0841906123858808,-0.455785728150976,0.0644473474522867,-0.303600594860101,0.0241199923212026
-0.5,0.05,0.606017694017694,-0.511319967060045,0.0241120271847219,-0.469883420427219,0.104500133494787,-0.497832740784038,0.0605644855960136,-0.328626889094727,0.0247464455564615
-0.5,0.05,0.57008505008505,-0.470266833795328,0.0225486404399212,-0.595752767966197,0.10283110821053,-0.381637946325997,0.0516681648130894,-0.25859142593045,0.0243618409071524
-0.5,0.05,0.577280881280881,-0.484417350386512,0.0225761746874443,-0.422022442413379,0.114660066526146,-0.383982598689755,0.0562830168804792,-0.271518406180232,0.0248316731394765
-0.5,0.05,0.59823451023451,-0.513984697717007,0.0232812482454344,-0.482160307210028,0.0852870405618588,-0.519110755852286,0.07463374626132,-0.304280885092669,0.0219385098714484
-0.5,0.05,0.59763042963043,-0.516069204690992,0.0263109372402432,-0.553391862210234,0.135185053908251,-0.622620190727365,0.149520000297172,-0.305870309526349,0.0269230503100249
-0.5,0.05,0.567511551511552,-0.489542078806012,0.022423125576298,-0.594241127642134,0.0931829168600552,-0.542219841108786,0.117646117506134,-0.286553956052612,0.0217407115478125
-0.5,0.05,0.591258291258291,-0.505257288195133,0.0258717531769399,-0.552131541230477,0.110239235511748,-0.586953900061148,0.120560317212809,-0.320864502739478,0.023999342834226
-0.5,0.05,0.626973830973831,-0.49256822866089,0.0219521802163749,-0.384560841178759,0.0839871792818766,-0.40463403881239,0.0474409467838247,-0.292174818769353,0.0217909386905923
-0.5,0.05,0.583776895776896,-0.498703489489721,0.0238603406107612,-0.632205456119731,0.136392494609873,-0.554068802309749,0.114650234224729,-0.291222997083752,0.0227072447090893
-0.5,0.05,0.587022755022755,-0.450196541328716,0.0211257317306359,-0.426656589141312,0.0560347080891737,-0.70029722812258,0.256138153592073,-0.287731874829591,0.0213438035037321
-0.5,0.05,0.558353166353166,-0.493689715075048,0.0217015682004504,-0.531973237676466,0.0802419230568311,-0.317391819830261,0.0394073741570335,-0.268424501002173,0.0244847197429238
-0.5,0.05,0.625052437052437,-0.494829686307007,0.0256838339000752,-0.822160369218329,0.206709950252779,-0.490402453208287,0.0796380328188237,-0.313409812505136,0.0235789554292124
-0.5,0.05,0.605234945234945,-0.534350733907186,0.0250985935834708,-0.684443820319874,0.192864001547924,-0.454556229350584,0.0595623743593857,-0.314899114922301,0.0277800082419792
-0.5,0.05,0.610480042480043,-0.511411686832269,0.0253131605304591,-0.535033393701832,0.123039023019714,-0.467082864222598,0.0603517617355811,-0.306533675722389,0.0252507261126654
-0.5,0.05,0.613660765660766,-0.527763530870084,0.0247921214723046,-0.783536105047643,0.109627625161205,-0.505402857043456,0.0831833962965467,-0.339503873649203,0.0247929701480195
-0.5,0.05,0.634915018915019,-0.497110466774208,0.0183712492966162,-0.486637286157904,0.0890434576841206,-0.427193086753792,0.0458916111520657,-0.317136814665982,0.0224383532366144
-0.5,0.05,0.601433389433389,-0.48868500537815,0.0235233736714665,-0.430466712386671,0.0728123001468371,-0.447489795399235,0.0701342358272662,-0.282572919014274,0.0236122048104033
-0.5,0.05,0.598714054714055,-0.499434274235796,0.0242393049951938,-0.494973028137299,0.121293012598669,-0.4961816862183,0.0780412960183611,-0.3007344149,0.0239557700761642
-0.5,0.05,0.592925872925873,-0.524724637881307,0.0248242747971988,-0.48232045315313,0.102007520460951,-0.435101392927676,0.056216659177887,-0.285919709318104,0.0239056700403868
-0.5,0.05,0.535916311916312,-0.512640762781942,0.0241635565099075,-0.358452764052833,0.0608938063112733,-0.523237670298411,0.101351099766922,-0.278257987846564,0.0228839002070421
-0.5,0.05,0.608972564972565,-0.586642811882783,0.0262334959755543,-0.900835460900409,0.236518245365158,-0.628264864651776,0.133974932858572,-0.363041305640943,0.0278649848924607
-0.5,0.05,0.587304731304731,-0.499489010466513,0.0244703963950603,-0.388499004676564,0.129509842142937,-0.551406573096173,0.120485020077257,-0.303770962015036,0.025490134636258
-0.5,0.05,0.575332103332103,-0.516541610444682,0.024998590367373,-0.519984775297608,0.114756996187287,-0.717691036595316,0.221120628132267,-0.299989357604047,0.0265134890684857
-0.5,0.05,0.647247095247095,-0.472064935151628,0.0220925511893361,-0.328962698136225,0.0668406059127085,-0.574293715952175,0.12358623329607,-0.326333030708189,0.0234431892042424
-0.5,0.05,0.595370491370491,-0.471155414503852,0.0210643544228405,-0.483408794443486,0.150251759120081,-0.420721721931957,0.0591722284672692,-0.288392010322934,0.0189465886018398
-0.5,0.05,0.592263112263112,-0.490758746032425,0.0242756745823184,-0.335659826175639,0.0715100034741124,-0.411836301903252,0.0498591601521117,-0.282977635302355,0.0232690322189127
-0.5,0.05,0.572605880605881,-0.479854994120156,0.0232592972856371,-0.438996104539106,0.106887796271974,-0.503817758478897,0.0994547883745318,-0.265524450479494,0.0242040889707988
-0.5,0.05,0.60166804966805,-0.50646350553141,0.0225415002529073,-0.923211383505766,0.226243532376636,-0.586639909044343,0.0978751605428235,-0.317970735242886,0.0241701733202492
-0.5,0.05,0.606209982209982,-0.526651793347381,0.0243060827235372,-0.537078292362048,0.0446047070079806,-0.628603733486443,0.106168765381,-0.323228631673174,0.0251020722030855
-0.5,0.05,0.600876588876589,-0.491449299239074,0.0223933777718977,-0.477062862120866,0.126096570339181,-0.422133295077925,0.0543624268629436,-0.288108269369847,0.0221362635675909
-0.5,0.05,0.578100254100254,-0.467443341929212,0.0238827131312764,-0.612653042831352,0.142705620778963,-0.483135395948431,0.0890485883479828,-0.272034696636528,0.0238624601394991
-0.5,0.05,0.602858810858811,-0.529953183911922,0.0259327742014632,-0.624387920219429,0.124361020267776,-0.548799948395031,0.0949695448269263,-0.305768916130985,0.0260709138338185
-0.5,0.05,0.602613158613159,-0.502016942397922,0.020431933525565,-0.456013067605001,0.101292981222734,-0.820778417878823,0.291068794302212,-0.31060245468903,0.0233996725857556
-0.5,0.05,0.587612615612616,-0.49796432792121,0.0216812723235357,-0.337222920123981,0.0407004522821043,-0.5311528697381,0.122963818933547,-0.285676490634783,0.0235344169474954
-0.5,0.05,0.601601041601042,-0.460735721019349,0.0225417529086598,-0.592368978164105,0.159133076617984,-0.432456515959225,0.0566109640225794,-0.292541477118464,0.0241082939318214
-0.5,0.05,0.584360492360492,-0.498919226971468,0.0221381928333114,-0.519141575669266,0.0561946002765456,-0.414410873139064,0.0568204465205848,-0.260447584527937,0.0240409713795112
-0.5,0.05,0.605998577998578,-0.478541040065927,0.0216138518918325,-0.253632612445225,0.0441914109342468,-0.380888482273225,0.0546687433664897,-0.267039760034291,0.0210414064256821
-0.5,0.05,0.605201981201981,-0.528510005885074,0.0280409735908268,-0.773799121796767,0.214816556980739,-0.603178001354005,0.0995175222612459,-0.346154754808498,0.0277942382986052
-0.5,0.05,0.597692793692794,-0.525877896599079,0.0235271101684109,-0.45482229194018,0.0703643841531199,-0.458995303486774,0.0549800768221084,-0.314941889057498,0.0229061140174135
-0.5,0.05,0.571366207366207,-0.486416265785687,0.0249358268542352,-0.445541445923708,0.0652133113312368,-0.393962554399414,0.050884766451416,-0.279886562664155,0.0244604599223164
-0.5,0.05,0.587523659523659,-0.48830242271589,0.0216651255760634,-0.5624340388482,0.0900995131257009,-0.457188687162079,0.0633146451450986,-0.280987825350672,0.0233735931313272
-0.5,0.05,0.563389439389439,-0.523934253633439,0.02731702880083,-0.622816861357336,0.110458303362582,-0.578292719290387,0.113226928139481,-0.306617964393047,0.0247689294234767
-0.5,0.05,0.606551826551826,-0.497767775451496,0.0266018937964967,-0.487267358130215,0.116950957579052,-0.403990494090057,0.0592528663890363,-0.296667309931263,0.0257998103293575
-0.5,0.05,0.561552225552226,-0.490448992783914,0.0236255997910992,-0.728369627272375,0.087333175926794,-0.465945013316884,0.0840996940263223,-0.271343856008395,0.0228540102297239
-0.5,0.05,0.613780777780778,-0.496986985265391,0.0209131238155191,-0.380842025434258,0.0720066589081206,-0.475951953835104,0.0708689177116266,-0.314436046864855,0.0235166200754462
-0.5,0.05,0.567418839418839,-0.499441769235551,0.0233771316433723,-0.585788671711452,0.0844834067630931,-0.476291195148976,0.0760772620712249,-0.3002250043562,0.0247292216745041
-0.5,0.05,0.61564833964834,-0.51933744205935,0.0250936301408941,-0.377425442629134,0.0557061248829543,-0.557850387609286,0.0950732451942437,-0.333838187962058,0.0234151033229346
-0.5,0.05,0.626656430656431,-0.499068219789371,0.0231977102877161,-0.331198477025203,0.0670080238670442,-0.39339165456337,0.0416680891945605,-0.301404706540837,0.0252879667064876
-0.5,0.05,0.545440301440301,-0.45351466602434,0.0203412067829765,-0.494428114429779,0.102132655640896,-0.785262961478073,0.317113983208286,-0.263438206444867,0.0210954966585669
-0.5,0.05,0.615193959193959,-0.456368646672557,0.0219486547263825,-0.486873004638405,0.0735030157509479,-0.496227470331119,0.0732904963763889,-0.300743558652154,0.0213772182145214
-0.5,0.05,0.59820097020097,-0.504407903102248,0.0219890385227822,-0.575318321312423,0.0879472706313743,-0.50891695297645,0.0899056220689632,-0.296980621243517,0.0227496276423153
-0.5,0.05,0.584405948405948,-0.452786718035223,0.0230372893369302,-0.479058273240352,0.0895892310354385,-0.438764149522426,0.0850378811548864,-0.260910030193302,0.0231569933822126
-0.5,0.05,0.599694791694792,-0.528147629049415,0.0238099130367047,-0.489281312395338,0.0763128564214098,-0.522105936514907,0.0852366472364934,-0.319444450251322,0.0236939568868628
-0.5,0.05,0.605135405135405,-0.473340386397404,0.0229613905492122,-0.7149419803987,0.114839463593476,-0.441699513790609,0.0727994139243617,-0.287394688000667,0.0233602503220264
-0.5,0.05,0.611245835245835,-0.496798283618115,0.0214020498992067,-0.548640892949191,0.0817691701982936,-0.670759456199585,0.153727466241199,-0.321478928290196,0.0239391748911528
-0.5,0.05,0.602998226998227,-0.514686530938152,0.0221713986925008,-0.461828513812828,0.0932968569024818,-0.497924499548474,0.0660605151106792,-0.313626751528173,0.0247168427651191
-0.5,0.05,0.589734721734722,-0.503422136893102,0.0245779983368917,-0.375373101644218,0.0331872414091117,-0.415496149172739,0.0506345883387496,-0.267165796760117,0.0248985693847744
-0.5,0.05,0.578019002019002,-0.554339466354337,0.0254151092302334,-0.46487567092144,0.102727401831805,-0.656499299800418,0.152713991829149,-0.324834762575189,0.0272929335917103
-0.5,0.05,0.567287187287187,-0.480355016406613,0.0208423575126249,-0.618171790010899,0.069001719884348,-0.410535980735244,0.0573105058057473,-0.274071773436529,0.0216692227984248
-0.5,0.05,0.600244452244452,-0.499000748989878,0.0221478288890449,-0.51414431651676,0.0742219903364677,-0.386776643723484,0.0467350614410112,-0.28902786349709,0.0231853818377162
-0.5,0.05,0.619775107775108,-0.474210818011879,0.022578427496054,-0.472399661149137,0.115941839512499,-0.461492216250738,0.0700064092826165,-0.303962439167233,0.0236007573334762
-0.5,0.05,0.603357447357447,-0.494378782271001,0.0241439979699793,-0.437892664858622,0.085387463426513,-0.396325321014692,0.0449542963531208,-0.284948546368217,0.0228289025099935
-0.5,0.05,0.594955506955507,-0.541952470234682,0.0274169017889996,-0.616469870706866,0.104929685978406,-0.476062060323712,0.0642621271813889,-0.306547779782996,0.0235509148825521
-0.5,0.05,0.581893493893494,-0.527185240361872,0.0254369674993359,-0.515648730122375,0.128653450711095,-0.379266260228339,0.041113001893531,-0.332872314975913,0.0261280872195003
-0.5,0.05,0.574999354999355,-0.472316573125506,0.0224136911398868,-0.502484350662333,0.0842428661630713,-0.425497257313307,0.0616190434703867,-0.261804918049618,0.0238231310887759
-0.5,0.05,0.58440266040266,-0.499474719475595,0.0204151816761045,-0.485647801019459,0.056686091270862,-0.4669756232126,0.0719214463021237,-0.296690931887558,0.0225249113114826
-0.5,0.05,0.588088944088944,-0.501984997664386,0.0221313660657678,-0.700449200993474,0.168937885065547,-0.465795350632644,0.0789656610777275,-0.278744499537463,0.0233531848234239
-0.5,0.05,0.627679923679924,-0.493612522747241,0.0215519349531359,-0.37305272302061,0.0946214723152395,-0.424567898214425,0.0440330010114329,-0.324685289989195,0.0227972234532999
-0.5,0.05,0.560494556494556,-0.488121449498379,0.0217357953328106,-0.411124460439637,0.064617839905601,-0.553273853405602,0.110938254539821,-0.289680001410146,0.0231423472826245
-0.5,0.05,0.615967611967612,-0.506634731061307,0.0260265605225157,-0.625109852414046,0.148608249750662,-0.476476766398429,0.0644643567670667,-0.306183528164679,0.0244364108426392
-0.5,0.05,0.539218523218523,-0.496973779550253,0.0245522192020339,-0.782005359672136,0.161442425317014,-0.602828404713501,0.206385522900839,-0.255748660778246,0.0240448932219724
-0.5,0.05,0.587444015444015,-0.503985950637669,0.022060887947456,-0.758513586013074,0.175709648170835,-0.487181942532817,0.0669446963579888,-0.299896965918959,0.022752292723274
-0.5,0.05,0.604612948612949,-0.502385457482568,0.0253614809994155,-0.470477723818353,0.0693048758133543,-0.544861910874218,0.12121821419995,-0.302477634803808,0.0242660093470209
-0.5,0.05,0.616954120954121,-0.528704094272168,0.0249971599858967,-0.479196354254608,0.0641432735850588,-0.559133411303321,0.0811934815256962,-0.331333236655315,0.0256141925541048
-0.5,0.05,0.559693507693508,-0.532159709414536,0.026293910363084,-0.770971157736479,0.0916442476491027,-0.457888946437125,0.0737915006718055,-0.298131872033904,0.0226558889536547
-0.5,0.05,0.595238971238971,-0.525983896541382,0.0241834615795128,-0.627417447470547,0.081875553560882,-0.591342642601432,0.105009753417144,-0.323492376417034,0.024513142307038
-0.5,0.05,0.571298095298095,-0.501921316007213,0.0244368594131556,-0.480301468810781,0.0946351360195081,-0.550316526313458,0.100432435763846,-0.274247869172934,0.0218967281389663
-0.5,0.05,0.592385488385488,-0.473257650694773,0.0259324750081208,-0.422778986035732,0.0699970507980879,-0.539710808429975,0.0771090059976565,-0.301855042216821,0.0240727177794002
-0.5,0.05,0.602838242838243,-0.512241928497691,0.0270990521168414,-0.457966194597848,0.0498588757412208,-0.472880049484225,0.0652998314652396,-0.311280131435493,0.0255792824437985
-0.5,0.05,0.595081255081255,-0.497045841030056,0.024259339974842,-0.465462485099454,0.068208307245731,-0.467986784524408,0.0687407744945364,-0.3053914859977,0.0227768874851876
-0.5,0.05,0.586784158784159,-0.522422185517238,0.0254518059622588,-0.660403411241982,0.107765006205417,-0.636517547516647,0.175841153470422,-0.280255735865647,0.0254873582953514
-0.5,0.05,0.596039492039492,-0.47374683145645,0.0220527692130186,-0.960009264352828,0.240488869897059,-0.709347252945789,0.200935626074873,-0.294464011725248,0.0241860581384988
-0.5,0.05,0.571753423753424,-0.529153487649622,0.0246309103858139,-0.560237026416773,0.134024214648197,-0.611354515763227,0.161081768540746,-0.29391544135659,0.0242731478700661
-0.5,0.05,0.600269196269196,-0.514915665414092,0.0288545934113022,-0.460192442634695,0.0876709136147027,-0.466725237670159,0.0541605362915949,-0.320710251091013,0.0258212926136315
-0.5,0.05,0.581527397527398,-0.520520892032531,0.0232371473328082,-0.599094653990435,0.0872104573291813,-0.484106566679788,0.0827359213891418,-0.294849621187818,0.0234621658996612
-0.5,0.05,0.610184254184254,-0.50207522917759,0.0262321840467255,-0.420144926811152,0.060426774681176,-0.391705589276199,0.045246509477699,-0.313904844055294,0.0244458198724089
-0.5,0.05,0.631190983190983,-0.513189105165122,0.025136275312127,-0.649504593129775,0.121611976464887,-0.491182649432303,0.0612549310743623,-0.318560973412397,0.0247122290699342
-0.5,0.05,0.598509766509767,-0.519859515124191,0.0250687438563787,-0.342031323377011,0.0330989231193802,-0.476001233674187,0.0688164962726954,-0.302278857748193,0.0241856106186264
-0.5,0.05,0.617213873213873,-0.51214687610866,0.023722843175529,-0.479671159027101,0.0624653859543924,-0.439524667939166,0.0519246133674099,-0.306457665519239,0.0235807472520924
-0.5,0.05,0.594940614940615,-0.539444255410509,0.0265225462394628,-0.788447897977744,0.120186867203596,-0.451079738210848,0.057222033949645,-0.326768384426023,0.0246161972145651
-0.5,0.05,0.635632883632884,-0.482869901481622,0.025014101533384,-0.480372460708205,0.0777638366752554,-0.464527006588805,0.0806861221264487,-0.295191526392981,0.0204088906895604
-0.5,0.05,0.587272187272187,-0.513778212989213,0.0236832454638444,-0.46274324966658,0.100058044522228,-0.514002294789063,0.0774255535184779,-0.300084252082963,0.0234612297657918
-0.5,0.05,0.603334119334119,-0.492909070108979,0.0222707601134393,-0.477455210263011,0.119523982593353,-0.501303601011327,0.0717927318532425,-0.304826241704028,0.0228273069002908
-0.5,0.05,0.60614331014331,-0.489638837037327,0.0236842665623434,-0.402936860665941,0.116151902443514,-0.371725746984478,0.0398703154790701,-0.277696712642118,0.023651703670662
-0.5,0.05,0.582281658281658,-0.524444543444097,0.0263369570376682,-1.06539228187971,0.317894340443012,-0.545071372664466,0.131082061812772,-0.276933575489848,0.0249228888380396
-0.5,0.05,0.609157857157857,-0.529028367271301,0.0237478243181118,-0.438517908709857,0.115429835442314,-0.502431871945935,0.0791437311286283,-0.310395748715286,0.022249207438233
-0.5,0.05,0.618216786216786,-0.499520928219701,0.0242578495215972,-0.768783099284522,0.125142018385548,-0.451854329762915,0.05479041544678,-0.292793288039377,0.0264331867240702
-0.5,0.05,0.575063747063747,-0.51647477064252,0.0268239146960274,-0.705134293651798,0.117101294804132,-0.433537120489618,0.0694634562616168,-0.258192105338553,0.0240441710093356
-0.5,0.05,0.599633615633616,-0.503254220356421,0.0223714290464774,-0.469490365099227,0.0836165974808415,-0.471937461903648,0.0760711406822222,-0.304862490141228,0.0241695204439729
-0.5,0.05,0.579058455058455,-0.517551456673586,0.0245246563436335,-0.50039474218208,0.110091819947964,-0.538868400766876,0.117780894570465,-0.297320108299037,0.0276953353213822
-0.5,0.05,0.574592014592015,-0.478956359361726,0.0229875703729927,-0.792402870123408,0.206315650010015,-0.400449729972213,0.0548717370896157,-0.268769116753158,0.0223645972765217
-0.5,0.05,0.523309147309147,-0.526940719139585,0.025582450931932,-0.519632651902288,0.0769086470979592,-0.788144189829753,0.253564262173991,-0.282891465129816,0.0226072991467717
-0.5,0.05,0.554046782046782,-0.522618580332657,0.0244469660207586,-0.419046935273521,0.0784464181184746,-0.470724296515849,0.0674538133264604,-0.287927458206831,0.0227225287821569
-0.5,0.05,0.588542748542748,-0.504769485687632,0.0241346780940577,-0.583861820923751,0.0907633880047295,-0.481474936858802,0.0899681589906596,-0.277582917574202,0.023528533162102
NA,NA,NA,NA,NA,NA,NA,NA,NA,NA,NA
